0,1,2,3,4,5,6,7,8,9,10,11,12,13,14,15,16,17,18,19,20,21,22,23,24,25,26,27,28,29,30,31,32,33,34,35,36,37,38,39,40,41,42,43,44,45,46,47,48,49,y
-0.010773907,0.7152678000000001,0.8774749,0.705691,-0.076015905,-1.429937,-1.7561468999999996,1.3551182,-2.5252842999999996,-4.44304,-2.054225,1.0498575,1.9303252,4.0982747,1.4706384,-0.5955577,-0.59017074,-1.3904326,-2.6689363,-1.1474211,-1.5430629999999999,0.093373865,2.2074540000000002,1.6130934,0.39923313,-0.1364695,1.9434932,-0.04249708,-2.107496,-1.4927847,-2.6018987,0.65541273,0.9624690999999999,-2.5037365,-2.7503393,-1.8728642,-0.8924386999999999,-0.9056068000000002,-0.21368249999999997,0.7020996,0.08259996,-1.7076644,-3.3584663999999997,-1.3509283,1.0324994,-3.894169,-1.7232267,5.0942625999999995,3.6337996,6.2153480000000005,1
-0.1364695,1.9434932,-0.04249708,-2.107496,-1.4927847,-2.6018987,0.65541273,0.9624690999999999,-2.5037365,-2.7503393,-1.8728642,-0.8924386999999999,-0.9056068000000002,-0.21368249999999997,0.7020996,0.08259996,-1.7076644,-3.3584663999999997,-1.3509283,1.0324994,-3.894169,-1.7232267,5.0942625999999995,3.6337996,6.2153480000000005,1.6106992,-1.4867992,-4.18686,-5.889736,-3.8642415999999997,0.073621705,0.8834603999999999,2.0859482,3.144784,2.143409,1.7657237000000001,0.073621705,-0.6254852,-1.0247183000000002,-9.285313,-8.703522,-0.94930094,1.9572599,1.5298948,2.3349452,0.8110358,0.7942764,-0.5805939,-1.127669,-1.7357962,1
1.6106992,-1.4867992,-4.18686,-5.889736,-3.8642415999999997,0.073621705,0.8834603999999999,2.0859482,3.144784,2.143409,1.7657237000000001,0.073621705,-0.6254852,-1.0247183000000002,-9.285313,-8.703522,-0.94930094,1.9572599,1.5298948,2.3349452,0.8110358,0.7942764,-0.5805939,-1.127669,-1.7357962,-2.565387,-2.6162639,-1.2366052,-0.31423897,2.0937295,0.3669114,0.8996213,7.599794999999999,4.9559975,6.3446345,-0.14724341,-3.6709096,-6.4817023,-6.0884547,-3.626617,-1.5292963,0.90500826,3.1549592,2.7150247000000003,2.0069396,0.18435353,-0.43634325,-0.8972271,-1.3988123,-9.103952,1
-2.565387,-2.6162639,-1.2366052,-0.31423897,2.0937295,0.3669114,0.8996213,7.599794999999999,4.9559975,6.3446345,-0.14724341,-3.6709096,-6.4817023,-6.0884547,-3.626617,-1.5292963,0.90500826,3.1549592,2.7150247000000003,2.0069396,0.18435353,-0.43634325,-0.8972271,-1.3988123,-9.103952,-9.300875,-0.39205053,2.6078842,1.8381484000000001,3.3764230000000004,2.5091232999999997,0.9498995000000001,-0.5069722,-1.6460136000000003,-2.1811178,-2.9694088,-2.3104044999999998,-1.5783775,-1.2384008,-1.1354501000000001,1.6549919999999998,1.9213468999999996,8.297705,8.285733,-1.7040731,-3.4314894999999996,-0.8655039000000001,-1.7082629,-3.8540661,-2.0925324,1
-9.300875,-0.39205053,2.6078842,1.8381484000000001,3.3764230000000004,2.5091232999999997,0.9498995000000001,-0.5069722,-1.6460136000000003,-2.1811178,-2.9694088,-2.3104044999999998,-1.5783775,-1.2384008,-1.1354501000000001,1.6549919999999998,1.9213468999999996,8.297705,8.285733,-1.7040731,-3.4314894999999996,-0.8655039000000001,-1.7082629,-3.8540661,-2.0925324,-0.9792285,0.6362591,2.3469162,1.5412674,1.9105729999999999,0.86251116,0.7344214,-0.3585317,-2.48159,-13.105262,-10.94629,3.7116113,5.036802,1.8100165000000001,1.0636241000000002,0.24959552,0.2896984,-0.33399114,-2.9975405,-3.5691562000000006,-2.7665,-2.5617957000000002,-0.59495914,-1.2366052,0.4770447,1
-0.9792285,0.6362591,2.3469162,1.5412674,1.9105729999999999,0.86251116,0.7344214,-0.3585317,-2.48159,-13.105262,-10.94629,3.7116113,5.036802,1.8100165000000001,1.0636241000000002,0.24959552,0.2896984,-0.33399114,-2.9975405,-3.5691562000000006,-2.7665,-2.5617957000000002,-0.59495914,-1.2366052,0.4770447,2.5330652999999996,1.3371617,7.9062524000000005,2.528277,0.24899697,0.30526072,1.8219875,-1.0540473,-4.5681367,-5.5575410000000005,-1.8848352,-0.4213795,0.41599256,2.6743232999999997,2.3576900000000003,2.1571757999999996,1.5604209999999998,1.352724,0.85054016,-5.3444567,-12.118252,-3.9145198,3.0951042,-0.39683893,-0.29927522,1
2.5330652999999996,1.3371617,7.9062524000000005,2.528277,0.24899697,0.30526072,1.8219875,-1.0540473,-4.5681367,-5.5575410000000005,-1.8848352,-0.4213795,0.41599256,2.6743232999999997,2.3576900000000003,2.1571757999999996,1.5604209999999998,1.352724,0.85054016,-5.3444567,-12.118252,-3.9145198,3.0951042,-0.39683893,-0.29927522,1.4999673,1.9590555,0.34835634,-1.5939398,-2.4307132,-2.5881321,-3.3518825,-0.11432313,-0.66618663,-2.5330652999999996,0.3716998,1.3700819,3.2962172,9.495403999999999,2.0853498,-0.12030864,0.9600749,-0.6607997,-3.8959646,-3.9031472000000003,-2.4355016,-0.85173726,1.6388310000000001,3.0986955000000003,2.6635494,1
1.4999673,1.9590555,0.34835634,-1.5939398,-2.4307132,-2.5881321,-3.3518825,-0.11432313,-0.66618663,-2.5330652999999996,0.3716998,1.3700819,3.2962172,9.495403999999999,2.0853498,-0.12030864,0.9600749,-0.6607997,-3.8959646,-3.9031472000000003,-2.4355016,-0.85173726,1.6388310000000001,3.0986955000000003,2.6635494,1.1097125,0.40880993,0.5734113000000001,0.08140286,-2.4899697,-12.309788000000001,-4.3299136,4.421492,0.75956047,0.63206923,1.7046716,-0.5129577000000001,-0.97623575,-3.020884,-2.2313959999999997,-2.9580362,-2.3900118,-1.1785458,-0.6841431,-0.7015011,1.5729905,2.2720973,8.779537,10.998961999999999,-1.9883845000000002,1
1.1097125,0.40880993,0.5734113000000001,0.08140286,-2.4899697,-12.309788000000001,-4.3299136,4.421492,0.75956047,0.63206923,1.7046716,-0.5129577000000001,-0.97623575,-3.020884,-2.2313959999999997,-2.9580362,-2.3900118,-1.1785458,-0.6841431,-0.7015011,1.5729905,2.2720973,8.779537,10.998961999999999,-1.9883845000000002,-5.341464,-4.0150760000000005,-2.693477,-2.3642743,-1.5753847,-1.4730326,1.2808979,4.7907977,3.9773676,2.5474305,-0.19692309,-2.3654714,-3.2034418999999996,-4.7812209999999995,-7.508815299999999,-3.9378633,2.0111293999999997,-1.632247,-1.5945383,-0.010773907,1.9883845000000002,2.367267,-0.12389994,-2.677316,-2.2427685,1
-5.341464,-4.0150760000000005,-2.693477,-2.3642743,-1.5753847,-1.4730326,1.2808979,4.7907977,3.9773676,2.5474305,-0.19692309,-2.3654714,-3.2034418999999996,-4.7812209999999995,-7.508815299999999,-3.9378633,2.0111293999999997,-1.632247,-1.5945383,-0.010773907,1.9883845000000002,2.367267,-0.12389994,-2.677316,-2.2427685,-2.630629,-2.4570496,-1.5658079,-1.2773066000000002,-1.6406266999999999,1.555034,2.3600842999999996,11.752538000000001,2.3331497000000003,-0.6721720999999999,-0.6979098000000001,0.79966336,-1.4221559,-3.3171665999999997,-1.7166426,-0.44472298,-0.99658644,1.2090718999999999,1.9728221999999997,1.9668366999999998,0.3196259,0.34835634,-0.30645782,-2.6557682000000002,-9.855133,1
-2.630629,-2.4570496,-1.5658079,-1.2773066000000002,-1.6406266999999999,1.555034,2.3600842999999996,11.752538000000001,2.3331497000000003,-0.6721720999999999,-0.6979098000000001,0.79966336,-1.4221559,-3.3171665999999997,-1.7166426,-0.44472298,-0.99658644,1.2090718999999999,1.9728221999999997,1.9668366999999998,0.3196259,0.34835634,-0.30645782,-2.6557682000000002,-9.855133,-2.6360161,1.2880806,-1.7226281000000003,-1.0600328,2.6354175,4.3724110000000005,2.307412,-1.3718776000000001,-3.5895068999999995,-2.405574,-3.1136593999999995,-1.9446903000000002,-1.2515688999999999,-1.2360066,2.0027497,3.1381997999999998,3.9163153,2.7790697,-1.8399439999999998,-0.6781576,2.055422,-0.40761283,-3.781043,-4.5645456,-1.2270284,1
-2.6360161,1.2880806,-1.7226281000000003,-1.0600328,2.6354175,4.3724110000000005,2.307412,-1.3718776000000001,-3.5895068999999995,-2.405574,-3.1136593999999995,-1.9446903000000002,-1.2515688999999999,-1.2360066,2.0027497,3.1381997999999998,3.9163153,2.7790697,-1.8399439999999998,-0.6781576,2.055422,-0.40761283,-3.781043,-4.5645456,-1.2270284,0.9415198,0.49021279999999995,3.4931402,3.6996403,1.1737574,-0.7457938000000001,-0.28909984,-0.82360536,-7.131728,-3.020884,-1.0953473,-0.96426475,0.32561144,0.81283146,1.0737995,1.074398,0.18315643,-1.4508862,-1.5143325,-3.9354692000000004,-2.9634232999999996,-0.48303019999999997,-1.5526398000000001,0.3465607,0.98341835,1
0.9415198,0.49021279999999995,3.4931402,3.6996403,1.1737574,-0.7457938000000001,-0.28909984,-0.82360536,-7.131728,-3.020884,-1.0953473,-0.96426475,0.32561144,0.81283146,1.0737995,1.074398,0.18315643,-1.4508862,-1.5143325,-3.9354692000000004,-2.9634232999999996,-0.48303019999999997,-1.5526398000000001,0.3465607,0.98341835,5.295376,6.807314,1.270124,-1.9997569,-0.46866497,-2.6605566,-4.871003,-3.3123782,0.08499416,0.6781576,-0.030526072,2.6048915,3.764882,2.1505916000000003,0.96426475,-0.10115502,-0.86011696,-6.281187999999999,-8.775947,3.1022868,2.5438392000000003,-3.2543187000000002,-2.1057005,1.3880384,2.7862522999999997,1
5.295376,6.807314,1.270124,-1.9997569,-0.46866497,-2.6605566,-4.871003,-3.3123782,0.08499416,0.6781576,-0.030526072,2.6048915,3.764882,2.1505916000000003,0.96426475,-0.10115502,-0.86011696,-6.281187999999999,-8.775947,3.1022868,2.5438392000000003,-3.2543187000000002,-2.1057005,1.3880384,2.7862522999999997,1.7070657999999999,-0.8038531999999999,-2.0632033,-2.3127987,-3.9719806,-2.9586349,-2.966416,-1.6687585999999999,1.7304093,2.3529017000000003,10.274716,5.1768627,-0.81642276,-2.7874494,-1.4933833,-3.5589809999999997,-4.504690599999999,-1.7848773999999998,0.59974754,0.6171055000000001,2.5181017000000003,3.0382418999999996,1.2084733,0.35793316,0.6512229,1
1.7070657999999999,-0.8038531999999999,-2.0632033,-2.3127987,-3.9719806,-2.9586349,-2.966416,-1.6687585999999999,1.7304093,2.3529017000000003,10.274716,5.1768627,-0.81642276,-2.7874494,-1.4933833,-3.5589809999999997,-4.504690599999999,-1.7848773999999998,0.59974754,0.6171055000000001,2.5181017000000003,3.0382418999999996,1.2084733,0.35793316,0.6512229,0.7398083000000001,-0.31244332,-5.828085400000001,-9.980828,0.7152678000000001,1.6561891,-2.7790697,0.6697779,3.3877954,3.0340521000000003,0.035314474,-2.747945,-3.757101,-3.6721067,-4.5819035,-2.2170308,-1.435324,-1.7902644,1.1779473,2.5582043999999997,10.532093,7.3609734,0.01316811,-4.150947,-1.7705121,1
0.7398083000000001,-0.31244332,-5.828085400000001,-9.980828,0.7152678000000001,1.6561891,-2.7790697,0.6697779,3.3877954,3.0340521000000003,0.035314474,-2.747945,-3.757101,-3.6721067,-4.5819035,-2.2170308,-1.435324,-1.7902644,1.1779473,2.5582043999999997,10.532093,7.3609734,0.01316811,-4.150947,-1.7705121,-3.2728736,-4.559158999999999,-1.9333179,0.19033903,-0.034715924,1.1294646000000002,3.0358477,2.3439236,1.6065093000000001,1.3090298,1.0055646999999999,0.9876082,-4.7165775000000005,-9.634267999999999,-2.2960392999999995,1.9979613,-2.094328,-1.323395,1.1019313,2.6408044999999998,1.7435773999999997,0.090381116,-1.7938557000000002,-1.364695,-2.7012582000000003,1
-3.2728736,-4.559158999999999,-1.9333179,0.19033903,-0.034715924,1.1294646000000002,3.0358477,2.3439236,1.6065093000000001,1.3090298,1.0055646999999999,0.9876082,-4.7165775000000005,-9.634267999999999,-2.2960392999999995,1.9979613,-2.094328,-1.323395,1.1019313,2.6408044999999998,1.7435773999999997,0.090381116,-1.7938557000000002,-1.364695,-2.7012582000000003,-2.7724855,-3.2896330000000003,-2.7880477999999997,-0.7200562,1.7465701,4.790199299999999,13.410522,2.4372973,-3.74513,-2.6270377999999996,-0.2621651,-2.5839422,-3.7475242999999994,-0.98341835,0.34237084,0.4285621,2.510919,3.4482489999999997,1.5759833,0.5614403,0.13227965,0.6536171,-5.0517654,-9.387066,-2.4809916000000003,1
-2.7724855,-3.2896330000000003,-2.7880477999999997,-0.7200562,1.7465701,4.790199299999999,13.410522,2.4372973,-3.74513,-2.6270377999999996,-0.2621651,-2.5839422,-3.7475242999999994,-0.98341835,0.34237084,0.4285621,2.510919,3.4482489999999997,1.5759833,0.5614403,0.13227965,0.6536171,-5.0517654,-9.387066,-2.4809916000000003,0.44711718,-2.1906946,0.25139117,2.5773582000000004,3.2818519999999998,1.7878702000000002,-1.055843,-2.4133554,-1.8237831999999998,-3.7403417,-2.2200236,-1.5011643999999997,-1.7286136000000003,0.81043726,0.9307459000000001,4.210203599999999,7.765592999999999,2.0739772000000003,-0.28191724,-0.5931635000000001,-3.0609868,-4.926069999999999,-4.1545385999999995,-0.44711718,0.50517654,1
0.44711718,-2.1906946,0.25139117,2.5773582000000004,3.2818519999999998,1.7878702000000002,-1.055843,-2.4133554,-1.8237831999999998,-3.7403417,-2.2200236,-1.5011643999999997,-1.7286136000000003,0.81043726,0.9307459000000001,4.210203599999999,7.765592999999999,2.0739772000000003,-0.28191724,-0.5931635000000001,-3.0609868,-4.926069999999999,-4.1545385999999995,-0.44711718,0.50517654,-0.2657564,2.3738509999999997,2.160767,1.6154876,1.2569559,0.6895300999999999,-0.19991584,-1.0564415,-8.308478,-7.57286,3.0825348,-0.36032736,-2.3439236,0.5638345,2.7060466,2.8694507999999996,0.21487960000000003,-2.1547816,-2.7168205000000003,-3.1693244,-3.6080620000000003,-2.1559787,-0.9864110999999999,0.35314476,2.6629508,1
-0.2657564,2.3738509999999997,2.160767,1.6154876,1.2569559,0.6895300999999999,-0.19991584,-1.0564415,-8.308478,-7.57286,3.0825348,-0.36032736,-2.3439236,0.5638345,2.7060466,2.8694507999999996,0.21487960000000003,-2.1547816,-2.7168205000000003,-3.1693244,-3.6080620000000003,-2.1559787,-0.9864110999999999,0.35314476,2.6629508,2.5863364,9.14585,-0.7326256999999999,-1.5903485000000002,-0.5614403,0.8810662,-1.4550761,-3.590704,-3.4524388,-0.7284359,1.5263035,0.7787141,2.5516205000000003,2.8233624,0.7769185000000001,-0.36870706,-0.81343,0.12270284,-6.7384806,-6.205172,0.52492875,-0.6655880999999999,-2.1039047,-0.34596214,1.6825253,1
2.5863364,9.14585,-0.7326256999999999,-1.5903485000000002,-0.5614403,0.8810662,-1.4550761,-3.590704,-3.4524388,-0.7284359,1.5263035,0.7787141,2.5516205000000003,2.8233624,0.7769185000000001,-0.36870706,-0.81343,0.12270284,-6.7384806,-6.205172,0.52492875,-0.6655880999999999,-2.1039047,-0.34596214,1.6825253,1.6118963,1.9363105999999999,-0.56922144,-1.7860744999999998,-1.5532384,-3.5122937999999992,-3.5679589999999997,-3.3105824,-1.6502035,1.6885108,2.0242975,6.6044054,6.643311,0.39205053,0.84814596,0.36750996,-2.882619,-5.637148000000001,-5.57849,-1.5095441,1.3682863,2.0572178,3.4093432,2.356493,1.7836802999999999,1
1.6118963,1.9363105999999999,-0.56922144,-1.7860744999999998,-1.5532384,-3.5122937999999992,-3.5679589999999997,-3.3105824,-1.6502035,1.6885108,2.0242975,6.6044054,6.643311,0.39205053,0.84814596,0.36750996,-2.882619,-5.637148000000001,-5.57849,-1.5095441,1.3682863,2.0572178,3.4093432,2.356493,1.7836802999999999,0.85652566,0.4285621,-0.5662286999999999,-3.245939,-11.534067,-0.85293436,5.7963624000000005,-0.53211135,-1.6472107,-1.0079589,-1.0552443999999999,0.15322891,-0.12030864,-0.7685388000000001,-0.96426475,-2.598906,-2.7377696,-1.400608,-0.8607155000000001,0.05746084,1.4574703000000002,3.25372,11.462839,0.4369418,-1.5592238999999999,1
0.85652566,0.4285621,-0.5662286999999999,-3.245939,-11.534067,-0.85293436,5.7963624000000005,-0.53211135,-1.6472107,-1.0079589,-1.0552443999999999,0.15322891,-0.12030864,-0.7685388000000001,-0.96426475,-2.598906,-2.7377696,-1.400608,-0.8607155000000001,0.05746084,1.4574703000000002,3.25372,11.462839,0.4369418,-1.5592238999999999,-2.8766334,-0.97623575,-3.2411506,-3.5547910000000003,-0.7224503999999999,0.6452374,0.12629414,1.5999253,2.8287494,2.9753942,0.9199719999999999,-0.29867667,0.39504328,-5.969942,-6.875549,-2.5438392000000003,-1.2318168,-3.293823,-0.5979519,3.5865142,2.954445,1.0139444,-2.4133554,-3.8642415999999997,-1.6154876,1
-2.8766334,-0.97623575,-3.2411506,-3.5547910000000003,-0.7224503999999999,0.6452374,0.12629414,1.5999253,2.8287494,2.9753942,0.9199719999999999,-0.29867667,0.39504328,-5.969942,-6.875549,-2.5438392000000003,-1.2318168,-3.293823,-0.5979519,3.5865142,2.954445,1.0139444,-2.4133554,-3.8642415999999997,-1.6154876,-2.2074540000000002,-1.4634558000000002,-0.34117374,-0.99179804,0.3645172,1.6819267,2.8574797999999997,11.848306,-0.760159,-3.0017304,-1.163582,0.1933318,-2.4211364,-2.6665419999999997,0.4950012,1.8680758000000002,0.039504327,0.7793127,0.8726865,0.83378077,1.7405846,0.39384618,-0.81402856,-2.5905263,-7.8547773,1
-2.2074540000000002,-1.4634558000000002,-0.34117374,-0.99179804,0.3645172,1.6819267,2.8574797999999997,11.848306,-0.760159,-3.0017304,-1.163582,0.1933318,-2.4211364,-2.6665419999999997,0.4950012,1.8680758000000002,0.039504327,0.7793127,0.8726865,0.83378077,1.7405846,0.39384618,-0.81402856,-2.5905263,-7.8547773,-6.2482677,1.4275428,0.5069722,-2.837129,-1.1121067,1.0486604,1.6962918999999999,0.42078096,-1.4371196000000002,-2.6928782000000004,-2.0231004,-1.7256208999999998,-1.6639702,-1.8776526000000002,-2.7024553,-1.4736311000000002,0.010175358,2.7862522999999997,13.106459,4.2610803,1.1091138999999999,-0.50278234,-1.4443021999999999,-4.104858999999999,-5.6497173,1
-6.2482677,1.4275428,0.5069722,-2.837129,-1.1121067,1.0486604,1.6962918999999999,0.42078096,-1.4371196000000002,-2.6928782000000004,-2.0231004,-1.7256208999999998,-1.6639702,-1.8776526000000002,-2.7024553,-1.4736311000000002,0.010175358,2.7862522999999997,13.106459,4.2610803,1.1091138999999999,-0.50278234,-1.4443021999999999,-4.104858999999999,-5.6497173,-3.7828386,-0.56563014,0.95109665,2.4474726,3.74513,2.6665419999999997,1.4389153000000001,0.23343466,-1.2144588,-1.9728221999999997,-9.18715,-4.520851,3.2620997000000003,-1.5514427,-1.2324153,1.963844,3.1914709,2.7371712,0.047884032,-2.2864625,-2.1296425,-2.2499511,-3.5541922999999995,-2.2936451,-2.9161377,1
-3.7828386,-0.56563014,0.95109665,2.4474726,3.74513,2.6665419999999997,1.4389153000000001,0.23343466,-1.2144588,-1.9728221999999997,-9.18715,-4.520851,3.2620997000000003,-1.5514427,-1.2324153,1.963844,3.1914709,2.7371712,0.047884032,-2.2864625,-2.1296425,-2.2499511,-3.5541922999999995,-2.2936451,-2.9161377,-2.0775685,0.91697925,2.7982232999999996,10.890025999999999,5.653907299999999,-2.03567,-1.6831238000000002,0.20350714,-2.3265655,-5.5282116,-2.5929205,1.0540473,1.1348516000000002,0.6733691999999999,2.6791117,2.5504234,1.4891934,0.8888474000000001,0.3657143,-1.6723499,-5.5545480000000005,-9.836577,-0.7344214,4.9398365,-1.2360066,1
-2.0775685,0.91697925,2.7982232999999996,10.890025999999999,5.653907299999999,-2.03567,-1.6831238000000002,0.20350714,-2.3265655,-5.5282116,-2.5929205,1.0540473,1.1348516000000002,0.6733691999999999,2.6791117,2.5504234,1.4891934,0.8888474000000001,0.3657143,-1.6723499,-5.5545480000000005,-9.836577,-0.7344214,4.9398365,-1.2360066,-1.2743138,2.0207062,1.5328877,-0.3890578,-1.7495629000000001,-1.9357121,-1.8752583999999999,-2.4582467,-1.8698715,-1.7597381999999997,-0.7882909,2.4732103,3.809175,5.3737855,3.776853,-3.300407,-1.3808558000000002,2.3505075,0.7870938000000001,-4.276643,-6.2141504,-2.7084408,-0.29927522,0.45609543,3.6008794,1
-1.2743138,2.0207062,1.5328877,-0.3890578,-1.7495629000000001,-1.9357121,-1.8752583999999999,-2.4582467,-1.8698715,-1.7597381999999997,-0.7882909,2.4732103,3.809175,5.3737855,3.776853,-3.300407,-1.3808558000000002,2.3505075,0.7870938000000001,-4.276643,-6.2141504,-2.7084408,-0.29927522,0.45609543,3.6008794,3.2920272000000006,1.6849195,1.2252326999999998,0.6314706999999999,0.30286652,-3.2878375,-11.024101,-3.3010056000000003,4.301183,-0.83138657,-1.252766,1.1719618,1.7423803,1.0833763,-0.36152446,-1.6543933000000002,-0.59615624,-2.7347770000000002,-2.2948422,-2.2391772,-1.7489643,-1.6849195,1.8166006000000001,3.7158010000000004,8.522161,1
3.2920272000000006,1.6849195,1.2252326999999998,0.6314706999999999,0.30286652,-3.2878375,-11.024101,-3.3010056000000003,4.301183,-0.83138657,-1.252766,1.1719618,1.7423803,1.0833763,-0.36152446,-1.6543933000000002,-0.59615624,-2.7347770000000002,-2.2948422,-2.2391772,-1.7489643,-1.6849195,1.8166006000000001,3.7158010000000004,8.522161,7.131728,-6.4146647,-4.0467997,1.7393875,1.5682021000000002,-2.247557,-2.3008277,-0.2873042,0.6512229,-0.49919105,1.4796166000000002,2.8622682,2.0991162999999995,1.8483237000000001,0.47105917,0.24600422,-3.3632547999999995,-9.4774475,-3.2136172999999997,1.7938557000000002,-0.17776948,1.0552443999999999,2.9233203,2.0404584,0.26994625,1
7.131728,-6.4146647,-4.0467997,1.7393875,1.5682021000000002,-2.247557,-2.3008277,-0.2873042,0.6512229,-0.49919105,1.4796166000000002,2.8622682,2.0991162999999995,1.8483237000000001,0.47105917,0.24600422,-3.3632547999999995,-9.4774475,-3.2136172999999997,1.7938557000000002,-0.17776948,1.0552443999999999,2.9233203,2.0404584,0.26994625,-2.0266917,-3.0909145000000002,-1.1390414,-0.8882488000000002,-1.0175357,-2.0081366999999997,-2.1242554,-0.6973111999999999,1.6059108,2.2110453,7.9337860000000004,0.7882909,2.3600842999999996,3.0801406000000005,0.39504328,-3.3039982000000006,-6.4140663,-5.0200424,-0.33039984,2.0757727999999998,3.0214825000000003,4.982932,3.7355532999999994,1.8608932,-0.33698390000000006,1
-2.0266917,-3.0909145000000002,-1.1390414,-0.8882488000000002,-1.0175357,-2.0081366999999997,-2.1242554,-0.6973111999999999,1.6059108,2.2110453,7.9337860000000004,0.7882909,2.3600842999999996,3.0801406000000005,0.39504328,-3.3039982000000006,-6.4140663,-5.0200424,-0.33039984,2.0757727999999998,3.0214825000000003,4.982932,3.7355532999999994,1.8608932,-0.33698390000000006,-1.4413095,-4.047398,-10.247183,-5.241505999999999,4.918288700000001,2.308609,-0.44711718,0.60453594,1.8166006000000001,1.4520833,-0.5033809,-2.6593595000000003,-1.9255368000000002,-1.127669,-2.2242134,-3.0759506,-3.0065188,-0.010773907,2.8119897999999997,2.9340942,10.116699,0.5231331,-0.42437226,1.9123686999999998,1.1923125,1
-1.4413095,-4.047398,-10.247183,-5.241505999999999,4.918288700000001,2.308609,-0.44711718,0.60453594,1.8166006000000001,1.4520833,-0.5033809,-2.6593595000000003,-1.9255368000000002,-1.127669,-2.2242134,-3.0759506,-3.0065188,-0.010773907,2.8119897999999997,2.9340942,10.116699,0.5231331,-0.42437226,1.9123686999999998,1.1923125,-3.6200330000000003,-5.48332,-4.929661299999999,-0.53330845,2.9735985,0.9900024,2.0410569,3.8301241000000004,2.154183,0.9528923,-0.8110358,-1.3736732,-7.8086886,-8.209119,1.3108255,4.5022964000000005,0.19871874,-0.49440265,0.45489833,0.6721720999999999,0.6805518,-1.1432313,-1.9315223000000001,-0.11372458,-0.6332663000000001,1
-3.6200330000000003,-5.48332,-4.929661299999999,-0.53330845,2.9735985,0.9900024,2.0410569,3.8301241000000004,2.154183,0.9528923,-0.8110358,-1.3736732,-7.8086886,-8.209119,1.3108255,4.5022964000000005,0.19871874,-0.49440265,0.45489833,0.6721720999999999,0.6805518,-1.1432313,-1.9315223000000001,-0.11372458,-0.6332663000000001,-1.2958617000000001,-2.8317419999999998,-3.6541502,-0.830788,2.497751,3.603872,7.828441000000001,1.5263035,0.6003460999999999,2.005144,0.5117606,-3.6643257000000005,-5.7784057,-3.7541082,-0.37349546,-0.032920275,0.09876082,1.9710265,2.0105310000000003,2.0655975,0.26635495,-0.52852005,-0.9720459000000001,-6.047753299999999,-3.4165258,1
-1.2958617000000001,-2.8317419999999998,-3.6541502,-0.830788,2.497751,3.603872,7.828441000000001,1.5263035,0.6003460999999999,2.005144,0.5117606,-3.6643257000000005,-5.7784057,-3.7541082,-0.37349546,-0.032920275,0.09876082,1.9710265,2.0105310000000003,2.0655975,0.26635495,-0.52852005,-0.9720459000000001,-6.047753299999999,-3.4165258,1.3910311000000002,-2.2661119,-1.0115502,1.1426326999999998,2.2373814999999997,1.2844891999999999,-0.65242,-2.331354,-1.1611878,-0.777517,-2.2918496,-3.4147300000000005,-2.5881321,-0.27832595,2.0548236,3.6870705999999998,11.379042,1.2389994,-0.78649527,-1.1318588,-0.27832595,-0.06464344,-1.1258733,-1.5113398,-0.7284359,1
1.3910311000000002,-2.2661119,-1.0115502,1.1426326999999998,2.2373814999999997,1.2844891999999999,-0.65242,-2.331354,-1.1611878,-0.777517,-2.2918496,-3.4147300000000005,-2.5881321,-0.27832595,2.0548236,3.6870705999999998,11.379042,1.2389994,-0.78649527,-1.1318588,-0.27832595,-0.06464344,-1.1258733,-1.5113398,-0.7284359,-1.1474211,-0.48003745,0.9720459000000001,1.2180501,0.85293436,0.38367084,0.8218097,0.22325931,-2.1841104,-9.892841,-1.4867992,2.0434509999999997,-2.247557,-2.4079683,-0.12030864,2.12246,0.98820674,-0.5967548,-1.3204023,-0.27353755,-0.47405192,-0.260968,-0.74878657,-1.7812861,-1.3736732,1
-1.1474211,-0.48003745,0.9720459000000001,1.2180501,0.85293436,0.38367084,0.8218097,0.22325931,-2.1841104,-9.892841,-1.4867992,2.0434509999999997,-2.247557,-2.4079683,-0.12030864,2.12246,0.98820674,-0.5967548,-1.3204023,-0.27353755,-0.47405192,-0.260968,-0.74878657,-1.7812861,-1.3736732,0.84216046,1.8746599,11.179127000000001,-0.21068975,-2.3870192,0.16639702,0.8924386999999999,-1.9590555,-3.5895068999999995,-2.0667946,0.36511576,0.038905777,1.2162545,3.0388405,1.6514006,0.28191724,0.8451531999999999,0.62129533,-0.8960299999999999,-4.709395,-12.158954,0.89902276,6.126762,-0.9235633,-1.7615339,1
0.84216046,1.8746599,11.179127000000001,-0.21068975,-2.3870192,0.16639702,0.8924386999999999,-1.9590555,-3.5895068999999995,-2.0667946,0.36511576,0.038905777,1.2162545,3.0388405,1.6514006,0.28191724,0.8451531999999999,0.62129533,-0.8960299999999999,-4.709395,-12.158954,0.89902276,6.126762,-0.9235633,-1.7615339,0.14724341,1.4700398000000001,1.1575965,-1.0336965,-2.1164744,-2.0548236,-4.110844,-3.4123358999999995,-2.0464439999999997,-0.090381116,1.8794483,3.1136593999999995,6.4840965,6.643311,-1.4939818,-0.46088383,-0.31364042,-2.3259668,-2.5755625,-2.7868507,-1.2515688999999999,0.0005985504,-0.27593175,1.3108255,2.8389246,1
0.14724341,1.4700398000000001,1.1575965,-1.0336965,-2.1164744,-2.0548236,-4.110844,-3.4123358999999995,-2.0464439999999997,-0.090381116,1.8794483,3.1136593999999995,6.4840965,6.643311,-1.4939818,-0.46088383,-0.31364042,-2.3259668,-2.5755625,-2.7868507,-1.2515688999999999,0.0005985504,-0.27593175,1.3108255,2.8389246,1.7561468999999996,1.1402385,0.83018947,0.91219085,-2.0620062,-5.4593782,-12.534245,3.4261025999999997,5.3282957,-2.7323828,-2.3816319999999997,-1.2952632,1.8908207,0.43933599999999995,-1.6567876,-1.3305776000000002,-0.83497787,-1.5981296,-0.142455,-0.7966706,-0.55844754,1.7914615000000003,1.3431472,3.3500867,5.9771247,1
1.7561468999999996,1.1402385,0.83018947,0.91219085,-2.0620062,-5.4593782,-12.534245,3.4261025999999997,5.3282957,-2.7323828,-2.3816319999999997,-1.2952632,1.8908207,0.43933599999999995,-1.6567876,-1.3305776000000002,-0.83497787,-1.5981296,-0.142455,-0.7966706,-0.55844754,1.7914615000000003,1.3431472,3.3500867,5.9771247,0.6099229,2.1924900000000003,1.1965023000000001,-2.0213048,-1.6897078999999997,-1.6017209,-0.49021279999999995,-0.62847793,-0.7368156,1.8309658,-2.5767596,0.78529817,-5.2899885,0.22864626,5.742492700000001,0.8912416,-1.1270704,-0.47644615,-0.9600749,0.12509704,0.14724341,-1.3862427,-0.6961141,1.0989386,1.1563994,1
0.6099229,2.1924900000000003,1.1965023000000001,-2.0213048,-1.6897078999999997,-1.6017209,-0.49021279999999995,-0.62847793,-0.7368156,1.8309658,-2.5767596,0.78529817,-5.2899885,0.22864626,5.742492700000001,0.8912416,-1.1270704,-0.47644615,-0.9600749,0.12509704,0.14724341,-1.3862427,-0.6961141,1.0989386,1.1563994,0.32680854,-0.27353755,-0.9080010000000001,-0.5506664000000001,-7.700949700000001,7.874529400000001,0.581791,-5.6090160000000004,-1.9452889,-0.3477578,0.12988544,-1.1659763,-2.123657,-2.391209,-1.2216414,-1.5927427,-1.2378023,-0.4818331,-0.7092823,0.2657564,2.3720553,-2.1978772,1.4185646,-6.525397,2.8257565,1
0.32680854,-0.27353755,-0.9080010000000001,-0.5506664000000001,-7.700949700000001,7.874529400000001,0.581791,-5.6090160000000004,-1.9452889,-0.3477578,0.12988544,-1.1659763,-2.123657,-2.391209,-1.2216414,-1.5927427,-1.2378023,-0.4818331,-0.7092823,0.2657564,2.3720553,-2.1978772,1.4185646,-6.525397,2.8257565,5.9956794,-0.14963761,-3.1112652,-3.3039982000000006,-1.0319009,0.40581718,0.008379705999999999,0.16759412,0.47524905,-0.15562311,-0.7637503000000001,-0.046686932,0.4758476,6.893505,-5.2079873,2.3421277999999996,-2.9747956,-3.846285,3.0430303,-0.51235914,-2.5719712,-2.7425580000000003,-0.84814596,-1.9728221999999997,0.7092823,1
5.9956794,-0.14963761,-3.1112652,-3.3039982000000006,-1.0319009,0.40581718,0.008379705999999999,0.16759412,0.47524905,-0.15562311,-0.7637503000000001,-0.046686932,0.4758476,6.893505,-5.2079873,2.3421277999999996,-2.9747956,-3.846285,3.0430303,-0.51235914,-2.5719712,-2.7425580000000003,-0.84814596,-1.9728221999999997,0.7092823,0.866701,-2.7449522,-3.205836,-1.6968904999999999,-0.623091,2.6222494,-1.4077905000000002,1.8848352,-5.7520695,4.622605,3.176507,1.1857284,-1.4502877,-2.7515364,-0.079008654,0.6338649000000001,-0.49200845,-0.3405752,-1.1869254999999999,-0.20290859,1.0061632,2.3930047,-0.21308395,3.2974143,-4.5322237,1
0.866701,-2.7449522,-3.205836,-1.6968904999999999,-0.623091,2.6222494,-1.4077905000000002,1.8848352,-5.7520695,4.622605,3.176507,1.1857284,-1.4502877,-2.7515364,-0.079008654,0.6338649000000001,-0.49200845,-0.3405752,-1.1869254999999999,-0.20290859,1.0061632,2.3930047,-0.21308395,3.2974143,-4.5322237,-0.5638345,2.1284454,-8.003217999999999,-4.0330330000000005,-1.8046296000000002,0.53689975,2.2349873,0.32680854,-1.0803835,-0.14425065,-2.4756044999999998,-2.7988217,-2.4863784,-1.5406688,0.7116765,-2.4809916000000003,2.1200657000000005,-2.9317,1.9722236000000002,3.705027,1.8986019,-1.5735891000000002,-0.78529817,-0.23882163,-1.8393455,1
-0.5638345,2.1284454,-8.003217999999999,-4.0330330000000005,-1.8046296000000002,0.53689975,2.2349873,0.32680854,-1.0803835,-0.14425065,-2.4756044999999998,-2.7988217,-2.4863784,-1.5406688,0.7116765,-2.4809916000000003,2.1200657000000005,-2.9317,1.9722236000000002,3.705027,1.8986019,-1.5735891000000002,-0.78529817,-0.23882163,-1.8393455,-1.0779893,2.7509377,1.9800048,0.08559271,0.97144735,1.7992426,0.49679685,3.151368,-3.9929300000000003,-7.152079,5.114014599999999,-1.3401544,-4.5633483,-0.83737206,0.014963761,-0.34596214,-0.46686932,-0.55605334,-0.30705637,-1.0995371,-1.7357962,-1.8602947,-0.22026655,1.0336965,2.190096,1
-1.0779893,2.7509377,1.9800048,0.08559271,0.97144735,1.7992426,0.49679685,3.151368,-3.9929300000000003,-7.152079,5.114014599999999,-1.3401544,-4.5633483,-0.83737206,0.014963761,-0.34596214,-0.46686932,-0.55605334,-0.30705637,-1.0995371,-1.7357962,-1.8602947,-0.22026655,1.0336965,2.190096,-1.7435773999999997,1.8537107,-2.6138697,3.5631707,3.9612067000000004,0.86490536,-2.991555,-1.2413936,-1.6962918999999999,0.5009867,3.7576995,2.9813797,0.4381389,-1.1384428999999998,-0.46866497,1.050456,-1.9560628,-2.4594438,-14.113220000000002,0.6266823,6.528389499999999,-2.9730000000000003,-0.24121583,0.5943606,0.40821138,1
-1.7435773999999997,1.8537107,-2.6138697,3.5631707,3.9612067000000004,0.86490536,-2.991555,-1.2413936,-1.6962918999999999,0.5009867,3.7576995,2.9813797,0.4381389,-1.1384428999999998,-0.46866497,1.050456,-1.9560628,-2.4594438,-14.113220000000002,0.6266823,6.528389499999999,-2.9730000000000003,-0.24121583,0.5943606,0.40821138,-0.33638534,-2.099715,-2.9640217,-2.871845,-2.3169887000000005,-0.97025025,0.25977087,2.5360582000000003,4.8901567,4.8841715,5.5347957999999995,-6.1507044,0.11133038,1.3108255,-1.8561048999999998,-6.3129115,-4.887164,-1.0510546,1.4287398999999998,3.6643257000000005,5.3851580000000006,2.3175871,0.16220717,-1.6160861,-1.3395559,1
-0.33638534,-2.099715,-2.9640217,-2.871845,-2.3169887000000005,-0.97025025,0.25977087,2.5360582000000003,4.8901567,4.8841715,5.5347957999999995,-6.1507044,0.11133038,1.3108255,-1.8561048999999998,-6.3129115,-4.887164,-1.0510546,1.4287398999999998,3.6643257000000005,5.3851580000000006,2.3175871,0.16220717,-1.6160861,-1.3395559,-2.0763714,-0.7068880999999999,-6.413468,-1.7806876,3.6050692000000004,-4.417301999999999,-4.57113,-0.20530279,1.9620483,2.6527755,1.3156139,-0.43873745,-2.4349031,-4.759673,-4.313154,-3.4524388,-1.9369092,2.8742392000000003,3.0430303,5.322310400000001,5.455787,-0.7230489,1.3341688999999999,1.2006921999999998,-2.4450784,1
-2.0763714,-0.7068880999999999,-6.413468,-1.7806876,3.6050692000000004,-4.417301999999999,-4.57113,-0.20530279,1.9620483,2.6527755,1.3156139,-0.43873745,-2.4349031,-4.759673,-4.313154,-3.4524388,-1.9369092,2.8742392000000003,3.0430303,5.322310400000001,5.455787,-0.7230489,1.3341688999999999,1.2006921999999998,-2.4450784,-6.027403,-5.1205989999999995,-1.7735048999999998,0.41958386,1.7908629,4.8560395,3.615843,2.0141221999999996,1.0935516,0.12090719,-1.9644424999999999,-3.8385038000000002,-9.014768,-3.3381157,3.0190883,-2.0159178,-0.08619126,3.153762,4.091092,1.7567455,-1.2880806,-5.7095723,-5.309142,-4.1258082,-1.9512744,1
-6.027403,-5.1205989999999995,-1.7735048999999998,0.41958386,1.7908629,4.8560395,3.615843,2.0141221999999996,1.0935516,0.12090719,-1.9644424999999999,-3.8385038000000002,-9.014768,-3.3381157,3.0190883,-2.0159178,-0.08619126,3.153762,4.091092,1.7567455,-1.2880806,-5.7095723,-5.309142,-4.1258082,-1.9512744,-0.6925228,-0.24420857,1.192911,2.9873652,5.771223,11.829751,-0.18435353,-4.2503066,-1.4862007,-1.2934675,-3.8977604,-4.747103,-1.5263035,0.39264908,1.5065514,3.4452562000000007,2.9245174,2.1206641,1.0845733999999998,1.0061632,-0.31902736,-1.1767502,-8.589797,-8.438962,4.932654,1
-0.6925228,-0.24420857,1.192911,2.9873652,5.771223,11.829751,-0.18435353,-4.2503066,-1.4862007,-1.2934675,-3.8977604,-4.747103,-1.5263035,0.39264908,1.5065514,3.4452562000000007,2.9245174,2.1206641,1.0845733999999998,1.0061632,-0.31902736,-1.1767502,-8.589797,-8.438962,4.932654,-0.47824179999999994,-3.0603882999999996,1.5693992,2.9622262000000004,1.8920178,-0.15263036,-2.1775265,-3.406949,-4.105457299999999,-3.6391866000000004,-2.321777,-1.5717934,0.39384618,2.9975405,7.325060000000001,7.138911,-2.4833857999999998,-1.3198037,1.6232687,-0.42257659999999997,-4.7387238,-5.037999,-2.0093338,0.9744401,0.99179804,1
-0.47824179999999994,-3.0603882999999996,1.5693992,2.9622262000000004,1.8920178,-0.15263036,-2.1775265,-3.406949,-4.105457299999999,-3.6391866000000004,-2.321777,-1.5717934,0.39384618,2.9975405,7.325060000000001,7.138911,-2.4833857999999998,-1.3198037,1.6232687,-0.42257659999999997,-4.7387238,-5.037999,-2.0093338,0.9744401,0.99179804,3.8666358,3.6463692,2.2511482000000003,0.38127659999999997,-0.15143326,-1.3371617,-4.8003745,-8.519767,2.7682957999999998,-0.08080431,-4.4957123,-1.5580268,1.8219875,4.214992,3.0609868,0.13347675,-2.5360582000000003,-3.3147724000000003,-3.0831332000000002,-1.4766238999999999,-2.1440077,-2.6354175,0.3537433,2.8772318,4.1515455,1
3.8666358,3.6463692,2.2511482000000003,0.38127659999999997,-0.15143326,-1.3371617,-4.8003745,-8.519767,2.7682957999999998,-0.08080431,-4.4957123,-1.5580268,1.8219875,4.214992,3.0609868,0.13347675,-2.5360582000000003,-3.3147724000000003,-3.0831332000000002,-1.4766238999999999,-2.1440077,-2.6354175,0.3537433,2.8772318,4.1515455,8.015787,-1.6663644,1.6178818000000001,3.091513,0.14006079999999999,-4.1515455,-5.303157,-2.1859062000000002,-0.40701428,-0.3800795,0.87567925,3.0071173,2.9442697,1.5167267,2.0536265,0.741604,-0.8702923,-12.070967,-15.2570505,3.110068,1.2186487,-1.8297686999999998,1.8160020000000001,4.6459484,2.6126726000000002,1
8.015787,-1.6663644,1.6178818000000001,3.091513,0.14006079999999999,-4.1515455,-5.303157,-2.1859062000000002,-0.40701428,-0.3800795,0.87567925,3.0071173,2.9442697,1.5167267,2.0536265,0.741604,-0.8702923,-12.070967,-15.2570505,3.110068,1.2186487,-1.8297686999999998,1.8160020000000001,4.6459484,2.6126726000000002,0.6051345,-2.132635,-1.9596541,-2.7880477999999997,-1.2707225,-1.4748282,-1.780089,0.5506664000000001,2.4875755,3.645172,2.707842,-1.958457,1.3545196000000002,2.4313118,-0.29628247,-4.3299136,-5.1559134,-2.1386206000000003,-0.14963761,0.93373865,3.6978445,3.494936,2.4426842,0.13227965,-0.034117375,1
0.6051345,-2.132635,-1.9596541,-2.7880477999999997,-1.2707225,-1.4748282,-1.780089,0.5506664000000001,2.4875755,3.645172,2.707842,-1.958457,1.3545196000000002,2.4313118,-0.29628247,-4.3299136,-5.1559134,-2.1386206000000003,-0.14963761,0.93373865,3.6978445,3.494936,2.4426842,0.13227965,-0.034117375,-1.0564415,-5.315128,-9.416994,3.2070332,4.013280399999999,-4.9781437,-4.374805,0.41240123,2.3397335999999997,3.4009635,0.66858083,-1.3503298000000001,-2.6001031,-4.303577400000001,-2.610877,-2.0733786,-1.8189948,1.8261773999999997,3.245939,5.618592700000001,8.334216,-1.0372878,0.29328972,0.61650693,0.5614403,1
-1.0564415,-5.315128,-9.416994,3.2070332,4.013280399999999,-4.9781437,-4.374805,0.41240123,2.3397335999999997,3.4009635,0.66858083,-1.3503298000000001,-2.6001031,-4.303577400000001,-2.610877,-2.0733786,-1.8189948,1.8261773999999997,3.245939,5.618592700000001,8.334216,-1.0372878,0.29328972,0.61650693,0.5614403,-2.4983494,-5.035605,-3.7780502,-0.8750806999999999,0.17717093,3.2375592999999996,3.9737763,2.9179332000000002,1.5251063999999999,0.09935937,-0.55246204,-2.7587189999999997,-11.643601,-5.100847,6.2512608,-0.99778354,-1.8872293999999998,1.7501613999999999,3.2890346,1.9686323000000001,-1.292869,-3.466804,-3.3267434000000002,-3.365649,-2.136825,1
-2.4983494,-5.035605,-3.7780502,-0.8750806999999999,0.17717093,3.2375592999999996,3.9737763,2.9179332000000002,1.5251063999999999,0.09935937,-0.55246204,-2.7587189999999997,-11.643601,-5.100847,6.2512608,-0.99778354,-1.8872293999999998,1.7501613999999999,3.2890346,1.9686323000000001,-1.292869,-3.466804,-3.3267434000000002,-3.365649,-2.136825,-1.0576386,0.62608373,3.3704373999999997,1.4574703000000002,5.802946599999999,-1.5538370000000001,3.1094694,2.5905263,-1.0474633,-5.192425,-5.762843599999999,-4.44723,-0.11372458,3.1070752,2.0757727999999998,4.3502645,3.5051112,2.0464439999999997,-0.32800564,-2.0242975,-4.2850223,-10.260351,-3.128623,8.8567505,0.3465607,1
-1.0576386,0.62608373,3.3704373999999997,1.4574703000000002,5.802946599999999,-1.5538370000000001,3.1094694,2.5905263,-1.0474633,-5.192425,-5.762843599999999,-4.44723,-0.11372458,3.1070752,2.0757727999999998,4.3502645,3.5051112,2.0464439999999997,-0.32800564,-2.0242975,-4.2850223,-10.260351,-3.128623,8.8567505,0.3465607,-5.285799,-2.806603,0.7218518,2.296638,1.9991584,-0.7272388000000001,-1.7818846999999998,-1.8638860000000002,-3.0023289,-2.0691888,-2.5899277,-2.5330652999999996,2.6204537999999995,3.3842041,5.4258595000000005,1.6950948000000001,-0.031124622,3.9133226999999997,2.6743232999999997,-3.7714663,-6.0088477,-5.7347116,-1.2539631000000002,3.3740287,1.6579846999999999,1
-5.285799,-2.806603,0.7218518,2.296638,1.9991584,-0.7272388000000001,-1.7818846999999998,-1.8638860000000002,-3.0023289,-2.0691888,-2.5899277,-2.5330652999999996,2.6204537999999995,3.3842041,5.4258595000000005,1.6950948000000001,-0.031124622,3.9133226999999997,2.6743232999999997,-3.7714663,-6.0088477,-5.7347116,-1.2539631000000002,3.3740287,1.6579846999999999,1.8351556,3.690662,3.0867245,0.66379243,-0.8834603999999999,-1.4478935,-8.496424000000001,-5.969343,4.3981485000000005,-0.8834603999999999,-3.5344403,0.30585927,3.5362358,2.3056161,0.6823475,-2.267309,-3.5793315999999997,-2.6719291000000003,-3.0154970000000003,-2.634819,-2.4462755,-0.01316811,3.039439,2.8269536,4.9643774,1
1.8351556,3.690662,3.0867245,0.66379243,-0.8834603999999999,-1.4478935,-8.496424000000001,-5.969343,4.3981485000000005,-0.8834603999999999,-3.5344403,0.30585927,3.5362358,2.3056161,0.6823475,-2.267309,-3.5793315999999997,-2.6719291000000003,-3.0154970000000003,-2.634819,-2.4462755,-0.01316811,3.039439,2.8269536,4.9643774,-1.1659763,3.4272997000000003,1.252766,-1.8980032999999998,-4.659715,-5.5778913,-2.947861,0.35673606,2.5797524,2.5683799,4.5962687,3.804985,1.2743138,-1.3210008,-0.533907,-2.0207062,-5.5084596,-4.0438066,-2.6114755,0.6781576,3.1890767,1.8537107,-1.3802572,-1.7441759,-3.6589386,1
-1.1659763,3.4272997000000003,1.252766,-1.8980032999999998,-4.659715,-5.5778913,-2.947861,0.35673606,2.5797524,2.5683799,4.5962687,3.804985,1.2743138,-1.3210008,-0.533907,-2.0207062,-5.5084596,-4.0438066,-2.6114755,0.6781576,3.1890767,1.8537107,-1.3802572,-1.7441759,-3.6589386,-2.7647044999999997,-1.5717934,-1.9764134999999998,-1.5765818,-1.0073603000000002,1.7423803,0.6937199000000001,2.8443117,3.489549,0.31064767,4.2317514,1.5849615,-1.8674773,-4.561553,-3.685275,0.43634325,2.2942438,1.0887632,2.8927941,3.6942532,1.9764134999999998,-0.50397944,-2.7952304,-3.2321722999999998,-8.943541,1
-2.7647044999999997,-1.5717934,-1.9764134999999998,-1.5765818,-1.0073603000000002,1.7423803,0.6937199000000001,2.8443117,3.489549,0.31064767,4.2317514,1.5849615,-1.8674773,-4.561553,-3.685275,0.43634325,2.2942438,1.0887632,2.8927941,3.6942532,1.9764134999999998,-0.50397944,-2.7952304,-3.2321722999999998,-8.943541,-7.9289975,9.400833,1.4850036,-2.814384,-0.8355764000000001,1.2707225,-0.039504327,-1.0169370999999998,-2.5210943,-2.7401638,-2.2200236,-2.2469582999999997,-1.1109096,1.1360487,3.1561562999999997,5.3660045,4.9284644,0.5578489999999999,-6.869563,-2.3505075,2.2104467999999997,0.3405752,-3.4243068999999995,-3.1621417999999997,-0.91458505,1
-7.9289975,9.400833,1.4850036,-2.814384,-0.8355764000000001,1.2707225,-0.039504327,-1.0169370999999998,-2.5210943,-2.7401638,-2.2200236,-2.2469582999999997,-1.1109096,1.1360487,3.1561562999999997,5.3660045,4.9284644,0.5578489999999999,-6.869563,-2.3505075,2.2104467999999997,0.3405752,-3.4243068999999995,-3.1621417999999997,-0.91458505,0.9947908000000001,1.7938557000000002,3.9707835,3.6565443999999996,0.29269117,-1.5119383,-3.2094273999999996,-2.8119897999999997,-4.2521024,-2.6862943,6.4416,-0.44352585,-4.988918,-2.2062569,0.75237787,2.5432408,1.5622166000000002,-1.4646529,-3.5116954,-2.9131447999999995,-1.3144168,-2.0913353,-2.1649568,-0.6865373,2.806603,1
0.9947908000000001,1.7938557000000002,3.9707835,3.6565443999999996,0.29269117,-1.5119383,-3.2094273999999996,-2.8119897999999997,-4.2521024,-2.6862943,6.4416,-0.44352585,-4.988918,-2.2062569,0.75237787,2.5432408,1.5622166000000002,-1.4646529,-3.5116954,-2.9131447999999995,-1.3144168,-2.0913353,-2.1649568,-0.6865373,2.806603,3.5296519,6.3667808,0.038905777,2.4313118,-1.2084733,-3.642778,-3.5619736000000004,-3.9552212,-3.1364042999999997,1.2108675,3.4434607,1.2072762,1.7836802999999999,2.345719,1.2306197,-1.0384849,-1.6154876,-3.5500026,-6.2704144,-1.441908,-0.6703765,-1.5795746000000002,0.23283611,2.8616695,3.7433343,1
3.5296519,6.3667808,0.038905777,2.4313118,-1.2084733,-3.642778,-3.5619736000000004,-3.9552212,-3.1364042999999997,1.2108675,3.4434607,1.2072762,1.7836802999999999,2.345719,1.2306197,-1.0384849,-1.6154876,-3.5500026,-6.2704144,-1.441908,-0.6703765,-1.5795746000000002,0.23283611,2.8616695,3.7433343,0.61530983,-1.7812861,-4.629189,-5.2271410000000005,-2.1631612999999996,-2.2774843999999996,-1.8327613999999999,-0.7445967,2.1547816,3.8612487,5.7825956,-2.6599581000000003,0.28670564,0.66020113,0.16639702,0.4369418,-1.5011643999999997,-1.5699978,-0.008978256,1.216853,0.07841010400000001,0.62009823,2.4546554,0.50517654,-1.0833763,1
0.61530983,-1.7812861,-4.629189,-5.2271410000000005,-2.1631612999999996,-2.2774843999999996,-1.8327613999999999,-0.7445967,2.1547816,3.8612487,5.7825956,-2.6599581000000003,0.28670564,0.66020113,0.16639702,0.4369418,-1.5011643999999997,-1.5699978,-0.008978256,1.216853,0.07841010400000001,0.62009823,2.4546554,0.50517654,-1.0833763,-3.196858,-2.018312,-3.032855,1.7046716,6.1117983,-2.223615,-5.2277393,-3.7995980000000005,-0.7236475,0.7469909,0.6619968,-0.41838676,-0.8242039000000001,-0.65421563,-1.0468647,-2.1350293,-1.6531962,1.0708067,1.0767921999999999,-0.49260699999999996,-0.5967548,2.3642743,2.6581624,0.016759411999999998,-2.707842,1
-3.196858,-2.018312,-3.032855,1.7046716,6.1117983,-2.223615,-5.2277393,-3.7995980000000005,-0.7236475,0.7469909,0.6619968,-0.41838676,-0.8242039000000001,-0.65421563,-1.0468647,-2.1350293,-1.6531962,1.0708067,1.0767921999999999,-0.49260699999999996,-0.5967548,2.3642743,2.6581624,0.016759411999999998,-2.707842,-3.843891,-3.4991257000000004,-1.5316905,0.4997896,1.073201,3.5631707,4.6244005999999995,2.6850972,-0.045489833,-2.1883004,-3.9659949999999995,-5.755062000000001,-8.788516,9.008782,6.326678,-2.9706059,-2.4708161,-2.7120319999999998,-1.3724761,-1.1318588,-0.41240123,-0.545878,-0.4345476,-1.0133458,-1.364695,1
-3.843891,-3.4991257000000004,-1.5316905,0.4997896,1.073201,3.5631707,4.6244005999999995,2.6850972,-0.045489833,-2.1883004,-3.9659949999999995,-5.755062000000001,-8.788516,9.008782,6.326678,-2.9706059,-2.4708161,-2.7120319999999998,-1.3724761,-1.1318588,-0.41240123,-0.545878,-0.4345476,-1.0133458,-1.364695,-0.3585317,0.88944596,2.654571,3.7786489000000003,2.082357,-3.5224693,-2.1505916000000003,0.90620536,1.0684125,-2.5504234,-4.6782703,-1.9542671000000003,0.005985504,1.2808979,2.6791117,3.697246,3.2243912,2.1745335999999997,0.24121583,-1.1761516,-4.6375684999999995,-3.8947675000000004,6.7372837,0.9684546,-4.634576,1
-0.3585317,0.88944596,2.654571,3.7786489000000003,2.082357,-3.5224693,-2.1505916000000003,0.90620536,1.0684125,-2.5504234,-4.6782703,-1.9542671000000003,0.005985504,1.2808979,2.6791117,3.697246,3.2243912,2.1745335999999997,0.24121583,-1.1761516,-4.6375684999999995,-3.8947675000000004,6.7372837,0.9684546,-4.634576,-3.6954502999999996,-1.5939398,-1.3180081,-1.0881646999999999,-0.65421563,-1.3760674,-2.130241,-2.6001031,-3.0502129,-3.0621839,-3.3237504999999996,-0.25139117,4.7937902999999995,6.5307837,5.3265004000000005,-0.092176765,2.2750902,-2.0644004000000002,-3.9989154,-2.956839,-1.6490063999999998,0.7721300999999999,2.96881,1.8273745,1.8800468000000001,1
-3.6954502999999996,-1.5939398,-1.3180081,-1.0881646999999999,-0.65421563,-1.3760674,-2.130241,-2.6001031,-3.0502129,-3.0621839,-3.3237504999999996,-0.25139117,4.7937902999999995,6.5307837,5.3265004000000005,-0.092176765,2.2750902,-2.0644004000000002,-3.9989154,-2.956839,-1.6490063999999998,0.7721300999999999,2.96881,1.8273745,1.8800468000000001,2.2888567,0.53091425,-1.6579846999999999,-1.5867572,-1.6717514,-4.960786,-1.5167267,-0.52732295,0.7254431,1.1851299,2.7198130000000003,2.9574377999999997,1.5047556999999998,-1.4742297,-3.1519666,-3.8564602999999997,-2.7257986,-3.3452983,-2.8341362,-1.9464860000000002,0.02932897,5.489306,12.8053875,4.7848120000000005,0.15143326,1
2.2888567,0.53091425,-1.6579846999999999,-1.5867572,-1.6717514,-4.960786,-1.5167267,-0.52732295,0.7254431,1.1851299,2.7198130000000003,2.9574377999999997,1.5047556999999998,-1.4742297,-3.1519666,-3.8564602999999997,-2.7257986,-3.3452983,-2.8341362,-1.9464860000000002,0.02932897,5.489306,12.8053875,4.7848120000000005,0.15143326,-0.9552864999999999,-2.1374235,-4.495114,-6.8731546,-3.1381997999999998,-0.110731825,2.4271219,2.5240872000000003,4.5926776,4.1742907,1.5095441,-0.49619830000000004,-2.3008277,-3.8750155,-8.458116,-5.605425,5.812523400000001,-1.5388732,-3.4159272000000005,2.3002293,4.335301,3.5978866000000003,0.7368156,-2.3145945,-4.320337,1
-0.9552864999999999,-2.1374235,-4.495114,-6.8731546,-3.1381997999999998,-0.110731825,2.4271219,2.5240872000000003,4.5926776,4.1742907,1.5095441,-0.49619830000000004,-2.3008277,-3.8750155,-8.458116,-5.605425,5.812523400000001,-1.5388732,-3.4159272000000005,2.3002293,4.335301,3.5978866000000003,0.7368156,-2.3145945,-4.320337,-3.6230257000000003,-3.74094,-0.8230068000000001,-0.35434186,1.0145429,3.6379894999999998,4.929062999999999,4.500500700000001,-1.4826093999999999,-0.729633,1.5448587,-0.91338795,-5.398925,-6.268618599999999,-1.5352819,2.4462755,2.510919,3.9618053,4.144362999999999,2.100912,0.31244332,-0.7673416999999999,-3.1974563999999996,-5.829880999999999,-11.167753999999999,1
-3.6230257000000003,-3.74094,-0.8230068000000001,-0.35434186,1.0145429,3.6379894999999998,4.929062999999999,4.500500700000001,-1.4826093999999999,-0.729633,1.5448587,-0.91338795,-5.398925,-6.268618599999999,-1.5352819,2.4462755,2.510919,3.9618053,4.144362999999999,2.100912,0.31244332,-0.7673416999999999,-3.1974563999999996,-5.829880999999999,-11.167753999999999,2.2068555,4.0575733,-3.5344403,-1.6053122,2.4025814999999997,4.110844,1.8680758000000002,-1.0989386,-2.9017725,-4.240131400000001,-3.9659949999999995,-0.75237787,0.013766658999999999,-0.017956512,0.6835446,2.3708582000000002,6.6774287,11.196485000000001,-2.3995886000000004,-8.5778265,0.007182605,1.8142063999999998,-2.6282349,-5.167286,-0.87089086,1
2.2068555,4.0575733,-3.5344403,-1.6053122,2.4025814999999997,4.110844,1.8680758000000002,-1.0989386,-2.9017725,-4.240131400000001,-3.9659949999999995,-0.75237787,0.013766658999999999,-0.017956512,0.6835446,2.3708582000000002,6.6774287,11.196485000000001,-2.3995886000000004,-8.5778265,0.007182605,1.8142063999999998,-2.6282349,-5.167286,-0.87089086,1.3736732,3.079542,5.1259856,3.0011318,0.7882909,-1.4838065,-2.801216,-8.336012,-10.918159,2.0548236,3.9115269999999995,-4.0330330000000005,-2.0853498,3.2932242999999994,2.8042088,1.9901801,-0.35075054,-1.905186,-2.1033063,-2.9418752,-2.3391352000000003,-1.9470845,-2.8766334,0.14903906,3.3081882000000005,1
1.3736732,3.079542,5.1259856,3.0011318,0.7882909,-1.4838065,-2.801216,-8.336012,-10.918159,2.0548236,3.9115269999999995,-4.0330330000000005,-2.0853498,3.2932242999999994,2.8042088,1.9901801,-0.35075054,-1.905186,-2.1033063,-2.9418752,-2.3391352000000003,-1.9470845,-2.8766334,0.14903906,3.3081882000000005,8.628703,9.8677025,-2.7581203,-3.5302502999999996,-1.5286977,0.95588505,-1.7046716,-3.366846,-1.3575124,0.94690675,1.0911574,1.7764976000000003,3.2573112999999996,1.9123686999999998,1.06123,-0.5883751,-1.4838065,-6.2763995999999995,-12.213422,0.55246204,5.4222684,-1.8118121999999999,-1.1240777,1.0642227,2.4702177000000005,1
8.628703,9.8677025,-2.7581203,-3.5302502999999996,-1.5286977,0.95588505,-1.7046716,-3.366846,-1.3575124,0.94690675,1.0911574,1.7764976000000003,3.2573112999999996,1.9123686999999998,1.06123,-0.5883751,-1.4838065,-6.2763995999999995,-12.213422,0.55246204,5.4222684,-1.8118121999999999,-1.1240777,1.0642227,2.4702177000000005,2.0518308000000003,-0.28191724,-2.3582888,-2.7461493,-3.3010056000000003,-2.4049757,-0.35075054,-1.7286136000000003,-1.5873556999999998,0.99538934,7.301717,10.839748,0.9223662,-4.422689,-2.4061728,1.2330139,-2.3104044999999998,-6.1477113,-4.7722425,1.3706805,2.0272903,1.7399861,4.06715,3.3045970000000002,1.8363526999999997,1
2.0518308000000003,-0.28191724,-2.3582888,-2.7461493,-3.3010056000000003,-2.4049757,-0.35075054,-1.7286136000000003,-1.5873556999999998,0.99538934,7.301717,10.839748,0.9223662,-4.422689,-2.4061728,1.2330139,-2.3104044999999998,-6.1477113,-4.7722425,1.3706805,2.0272903,1.7399861,4.06715,3.3045970000000002,1.8363526999999997,-0.17178397,-0.8834603999999999,-9.233837,-7.4112515,-1.0989386,-1.6813281999999998,-1.9614497,2.6042929,5.4713492,4.280833,1.0175357,-2.232593,-4.4693760000000005,-4.2700586,-3.5972881,-1.5873556999999998,-0.66020113,0.44113165,1.8447324,1.6388310000000001,3.8151605,-0.5410896,3.2465374,1.0989386,-1.7986441000000002,1
-0.17178397,-0.8834603999999999,-9.233837,-7.4112515,-1.0989386,-1.6813281999999998,-1.9614497,2.6042929,5.4713492,4.280833,1.0175357,-2.232593,-4.4693760000000005,-4.2700586,-3.5972881,-1.5873556999999998,-0.66020113,0.44113165,1.8447324,1.6388310000000001,3.8151605,-0.5410896,3.2465374,1.0989386,-1.7986441000000002,-4.3167458,-4.7387238,-1.9698293999999998,2.1918917,1.7669207999999998,1.8974048,3.5452142,2.8927941,1.4185646,-0.9091981,-3.2363622000000003,-9.200917,-4.1946416,4.252701,-2.6372132,-2.8754362999999996,0.42975920000000006,1.4036007,1.8740613000000002,0.47465047,-1.8291701,-3.4225112999999996,-2.7485435000000003,-2.0033484,-1.0528502,1
-4.3167458,-4.7387238,-1.9698293999999998,2.1918917,1.7669207999999998,1.8974048,3.5452142,2.8927941,1.4185646,-0.9091981,-3.2363622000000003,-9.200917,-4.1946416,4.252701,-2.6372132,-2.8754362999999996,0.42975920000000006,1.4036007,1.8740613000000002,0.47465047,-1.8291701,-3.4225112999999996,-2.7485435000000003,-2.0033484,-1.0528502,-0.6853402,-0.21428105,1.3628993,5.756858,6.887519999999999,-0.29328972,-3.9965212,-0.42916065,1.5897499,-0.25378537,-3.5691562000000006,-3.7092169999999998,0.3705027,2.0207062,1.8327613999999999,3.7582982000000005,2.7587189999999997,0.8888474000000001,-0.81761986,-2.2116439999999997,-4.569334,-10.190321,-2.2888567,5.0523643,-2.5546130000000002,1
-0.6853402,-0.21428105,1.3628993,5.756858,6.887519999999999,-0.29328972,-3.9965212,-0.42916065,1.5897499,-0.25378537,-3.5691562000000006,-3.7092169999999998,0.3705027,2.0207062,1.8327613999999999,3.7582982000000005,2.7587189999999997,0.8888474000000001,-0.81761986,-2.2116439999999997,-4.569334,-10.190321,-2.2888567,5.0523643,-2.5546130000000002,-1.2443863000000002,2.4588451,4.18686,3.122039,-0.80445176,-2.8568811000000003,-4.3221326,-4.100669,-4.696226599999999,-5.989694,-3.8762126000000006,-2.1230583,-1.0151415000000001,-0.8762778,0.3184288,2.949058,9.782109,8.938153,3.7349546,-2.5725696,-7.1909847000000005,-7.7189064,-5.140351,-1.2324153,2.4941597,1
-1.2443863000000002,2.4588451,4.18686,3.122039,-0.80445176,-2.8568811000000003,-4.3221326,-4.100669,-4.696226599999999,-5.989694,-3.8762126000000006,-2.1230583,-1.0151415000000001,-0.8762778,0.3184288,2.949058,9.782109,8.938153,3.7349546,-2.5725696,-7.1909847000000005,-7.7189064,-5.140351,-1.2324153,2.4941597,3.7253778,5.543175700000001,6.974908,2.7952304,-1.4927847,-3.0131028,-2.308609,-3.8397010000000003,-3.1094694,-4.44723,-4.8841715,3.0442273999999996,-2.0338743000000004,0.16101007,4.1844660000000005,5.5844755,3.12982,-0.3441665,-3.9857473,-6.4206505,-4.7961845,-0.36990416,1.6286557,0.51834464,-0.7128736,1
3.7253778,5.543175700000001,6.974908,2.7952304,-1.4927847,-3.0131028,-2.308609,-3.8397010000000003,-3.1094694,-4.44723,-4.8841715,3.0442273999999996,-2.0338743000000004,0.16101007,4.1844660000000005,5.5844755,3.12982,-0.3441665,-3.9857473,-6.4206505,-4.7961845,-0.36990416,1.6286557,0.51834464,-0.7128736,1.1707646999999999,6.192004,10.872667999999999,3.323152,-4.26946,-4.8542438,-4.0934862999999995,-3.4476504,-4.406528,-1.6106992,2.315193,3.4057519999999997,6.4350157,4.684255599999999,0.65421563,-1.3736732,-1.074398,-4.5938745,-9.643844999999999,-8.477269999999999,1.2761095,3.1789012000000003,-1.9327193,-0.3716998,2.3594859,1
1.1707646999999999,6.192004,10.872667999999999,3.323152,-4.26946,-4.8542438,-4.0934862999999995,-3.4476504,-4.406528,-1.6106992,2.315193,3.4057519999999997,6.4350157,4.684255599999999,0.65421563,-1.3736732,-1.074398,-4.5938745,-9.643844999999999,-8.477269999999999,1.2761095,3.1789012000000003,-1.9327193,-0.3716998,2.3594859,2.7006595,0.60932434,-1.7681179,-3.9258924,-4.899135,-2.979584,-0.25617957,0.51235914,-0.05566519,1.1665748,3.435081,7.363367599999999,6.7863646,0.4441244000000001,-3.6828809000000002,-3.9671922,-4.4981065000000005,-5.3282957,-3.7122097000000003,1.0121487,3.4638114,3.7720647000000005,4.8536453,2.2439656,-0.5734113000000001,1
2.7006595,0.60932434,-1.7681179,-3.9258924,-4.899135,-2.979584,-0.25617957,0.51235914,-0.05566519,1.1665748,3.435081,7.363367599999999,6.7863646,0.4441244000000001,-3.6828809000000002,-3.9671922,-4.4981065000000005,-5.3282957,-3.7122097000000003,1.0121487,3.4638114,3.7720647000000005,4.8536453,2.2439656,-0.5734113000000001,-1.3329718000000002,-2.1523874,-3.7193922999999995,-8.166023,-9.749788,2.2864625,2.5845408,-0.35494040000000004,2.058415,2.7928362,1.1145009,-1.5472529,-3.6774937999999993,-3.8935703999999998,-1.7369933000000002,0.74399817,0.077811554,-1.8501193999999999,-1.6567876,1.435324,4.0318356,10.073604,3.642778,-0.96187055,-1.1180921999999998,1
-1.3329718000000002,-2.1523874,-3.7193922999999995,-8.166023,-9.749788,2.2864625,2.5845408,-0.35494040000000004,2.058415,2.7928362,1.1145009,-1.5472529,-3.6774937999999993,-3.8935703999999998,-1.7369933000000002,0.74399817,0.077811554,-1.8501193999999999,-1.6567876,1.435324,4.0318356,10.073604,3.642778,-0.96187055,-1.1180921999999998,-1.6669630000000002,-4.4244847,-5.2205567,-2.1535845,1.8417397,2.5468319999999998,5.6497173,4.1371803,1.9333179,0.076015905,0.08200141,-2.0937295,-4.2934019999999995,-13.220182999999999,-8.368333999999999,5.2474914,1.5939398,1.2892777,2.814384,2.3319526,0.109534726,-1.8788497,-4.1814733,-5.707178,-3.7960067000000004,1
-1.6669630000000002,-4.4244847,-5.2205567,-2.1535845,1.8417397,2.5468319999999998,5.6497173,4.1371803,1.9333179,0.076015905,0.08200141,-2.0937295,-4.2934019999999995,-13.220182999999999,-8.368333999999999,5.2474914,1.5939398,1.2892777,2.814384,2.3319526,0.109534726,-1.8788497,-4.1814733,-5.707178,-3.7960067000000004,-0.8834603999999999,1.0785878999999998,0.02932897,1.5616181,9.592967999999999,12.881404,3.2184057,-5.828684,-6.505046,-2.1577742000000004,-2.4779987,-3.9067385000000003,-1.2904748,2.1589713,2.5731683,4.1641154,4.211401,0.7422025,-1.4269443000000002,-1.9339164,-3.876811,-6.573281,-10.621277000000001,-2.9376855,5.8634,1
-0.8834603999999999,1.0785878999999998,0.02932897,1.5616181,9.592967999999999,12.881404,3.2184057,-5.828684,-6.505046,-2.1577742000000004,-2.4779987,-3.9067385000000003,-1.2904748,2.1589713,2.5731683,4.1641154,4.211401,0.7422025,-1.4269443000000002,-1.9339164,-3.876811,-6.573281,-10.621277000000001,-2.9376855,5.8634,2.565387,0.7092823,2.8095956,2.2613235,1.6035166,-0.37948096,-2.4827871,-3.5488055,-4.100669,-2.80361,-1.6998832,1.5394716999999998,4.7548847,9.649231,6.184821599999999,-0.46447513,-2.8107927000000004,-2.6964695,-3.8510735,-4.0198646,-3.6457705000000002,-1.5412674,1.2366052,2.9712042999999997,6.379350700000001,1
2.565387,0.7092823,2.8095956,2.2613235,1.6035166,-0.37948096,-2.4827871,-3.5488055,-4.100669,-2.80361,-1.6998832,1.5394716999999998,4.7548847,9.649231,6.184821599999999,-0.46447513,-2.8107927000000004,-2.6964695,-3.8510735,-4.0198646,-3.6457705000000002,-1.5412674,1.2366052,2.9712042999999997,6.379350700000001,5.547964,1.763928,-1.5658079,-2.72939,-4.4268790000000005,-4.461595,-6.881533999999999,-0.6464345,5.946000000000001,-0.92895025,-2.7000610000000003,0.9923966000000001,0.6751649000000001,-0.27353755,-1.0540473,-1.4694413,-1.8237831999999998,-2.3014264,-1.5113398,-0.91578215,-1.8638860000000002,0.7134720999999999,4.343082,11.198878,5.6604915,1
5.547964,1.763928,-1.5658079,-2.72939,-4.4268790000000005,-4.461595,-6.881533999999999,-0.6464345,5.946000000000001,-0.92895025,-2.7000610000000003,0.9923966000000001,0.6751649000000001,-0.27353755,-1.0540473,-1.4694413,-1.8237831999999998,-2.3014264,-1.5113398,-0.91578215,-1.8638860000000002,0.7134720999999999,4.343082,11.198878,5.6604915,-1.1420341999999999,-3.2148144,-2.0057424999999998,-3.6098576,-3.8570589999999996,-2.2882583,-1.2707225,1.5544354999999999,5.0613421999999995,4.19943,1.9243397,-0.7356185000000001,-2.2080526000000003,-2.461838,-3.4823663000000002,-9.707291,-2.8419175,7.6003933,1.3934253,-2.9556419999999997,-1.4796166000000002,0.44352585,0.789488,0.7613561,-0.10055647,1
-1.1420341999999999,-3.2148144,-2.0057424999999998,-3.6098576,-3.8570589999999996,-2.2882583,-1.2707225,1.5544354999999999,5.0613421999999995,4.19943,1.9243397,-0.7356185000000001,-2.2080526000000003,-2.461838,-3.4823663000000002,-9.707291,-2.8419175,7.6003933,1.3934253,-2.9556419999999997,-1.4796166000000002,0.44352585,0.789488,0.7613561,-0.10055647,-1.7854759999999998,-2.8544869999999998,-1.9973627,-2.5366566,-2.6599581000000003,1.4640543,8.102577,13.532626,10.296863,-16.181810000000002,-8.050502999999999,0.2669535,-1.4514848,-1.7920599999999998,-0.93373865,-0.12449849,1.5987281999999998,3.8331169999999997,3.3303347000000003,1.1917138999999999,-0.36212300000000003,-1.6795325,-3.9552212,-6.847417,-7.7769656000000005,1
-1.7854759999999998,-2.8544869999999998,-1.9973627,-2.5366566,-2.6599581000000003,1.4640543,8.102577,13.532626,10.296863,-16.181810000000002,-8.050502999999999,0.2669535,-1.4514848,-1.7920599999999998,-0.93373865,-0.12449849,1.5987281999999998,3.8331169999999997,3.3303347000000003,1.1917138999999999,-0.36212300000000003,-1.6795325,-3.9552212,-6.847417,-7.7769656000000005,-3.240552,5.581483,-1.4921862,-1.7723078,0.24600422,2.1068976000000004,1.1025299,0.076614454,-0.8182184,-1.0265139,-2.2972363999999996,-2.5396495,-2.3505075,-2.60968,-1.049259,2.9604304,10.220847000000001,12.552799,3.9522285000000004,-2.7820622999999998,-4.8937483,-7.5788455,-7.208941499999999,-3.481768,1.6196774,1
-3.240552,5.581483,-1.4921862,-1.7723078,0.24600422,2.1068976000000004,1.1025299,0.076614454,-0.8182184,-1.0265139,-2.2972363999999996,-2.5396495,-2.3505075,-2.60968,-1.049259,2.9604304,10.220847000000001,12.552799,3.9522285000000004,-2.7820622999999998,-4.8937483,-7.5788455,-7.208941499999999,-3.481768,1.6196774,2.6210522999999997,5.347449299999999,5.7706246,1.5382746,-1.0594343000000002,-1.6400281000000003,-2.5923218999999995,-4.4801497,-6.3907228,-5.4138885000000005,4.076727,0.4249708,-2.1871033,-0.38367084,3.2824504,2.1883004,0.6799533,-1.2575544,-2.0470424,-3.5021186,-2.5917234000000002,-2.89459,-3.1866825,-0.50517654,4.036624,1
2.6210522999999997,5.347449299999999,5.7706246,1.5382746,-1.0594343000000002,-1.6400281000000003,-2.5923218999999995,-4.4801497,-6.3907228,-5.4138885000000005,4.076727,0.4249708,-2.1871033,-0.38367084,3.2824504,2.1883004,0.6799533,-1.2575544,-2.0470424,-3.5021186,-2.5917234000000002,-2.89459,-3.1866825,-0.50517654,4.036624,8.686164,7.4723034,1.822586,-2.168548,-2.2134395000000002,-4.103661499999999,-4.7800236,-3.5488055,0.42018240000000007,1.400608,2.1727380000000003,5.675455,3.8163576,1.8776526000000002,0.16938977,-1.7573439999999998,-4.378995,-8.965686999999999,-7.623736999999999,-0.8295909,3.539827,-2.307412,-1.6980876,4.4568067000000005,4.105457299999999,1
8.686164,7.4723034,1.822586,-2.168548,-2.2134395000000002,-4.103661499999999,-4.7800236,-3.5488055,0.42018240000000007,1.400608,2.1727380000000003,5.675455,3.8163576,1.8776526000000002,0.16938977,-1.7573439999999998,-4.378995,-8.965686999999999,-7.623736999999999,-0.8295909,3.539827,-2.307412,-1.6980876,4.4568067000000005,4.105457299999999,2.2343888,0.41838676,-1.8076223000000002,-3.4596214,-3.9767690000000004,-2.0691888,-1.6316483999999998,-1.951873,0.48243165,3.6212301,7.299921,8.933365,0.52852005,-2.332551,-2.3529017000000003,-3.7038300000000004,-6.0327897,-5.471948,-0.70509243,1.7753005000000002,3.3476925000000004,5.7059812999999995,2.706645,1.0660183,-0.093373865,1
2.2343888,0.41838676,-1.8076223000000002,-3.4596214,-3.9767690000000004,-2.0691888,-1.6316483999999998,-1.951873,0.48243165,3.6212301,7.299921,8.933365,0.52852005,-2.332551,-2.3529017000000003,-3.7038300000000004,-6.0327897,-5.471948,-0.70509243,1.7753005000000002,3.3476925000000004,5.7059812999999995,2.706645,1.0660183,-0.093373865,0.05626374,-3.1543607999999996,-9.640852,-13.02745,1.5011643999999997,7.699753,0.5847838000000001,-1.0342950999999998,1.6077063999999999,1.5801731,-0.0676362,-2.1978772,-3.3494883,-3.5901055,-1.7070657999999999,-0.3657143,-1.0809821000000002,-3.1172507,1.435324,13.371616,16.118963,5.3875523,-10.523114999999999,-5.4055089999999995,-4.377199,1
0.05626374,-3.1543607999999996,-9.640852,-13.02745,1.5011643999999997,7.699753,0.5847838000000001,-1.0342950999999998,1.6077063999999999,1.5801731,-0.0676362,-2.1978772,-3.3494883,-3.5901055,-1.7070657999999999,-0.3657143,-1.0809821000000002,-3.1172507,1.435324,13.371616,16.118963,5.3875523,-10.523114999999999,-5.4055089999999995,-4.377199,-6.2985463,-2.902371,1.5993267,2.1110873,4.0539822999999995,6.320094,2.220622,1.0259154000000001,1.0217254999999998,-2.31639,-3.3877954,-9.617508,-7.5985975,-0.81881696,3.3446998999999997,-0.17717093,2.5390507999999996,5.514444999999999,2.2254104999999997,-0.7026982,-2.566584,-3.803788,-3.8792052000000004,-1.7717092,0.25677812,1
-6.2985463,-2.902371,1.5993267,2.1110873,4.0539822999999995,6.320094,2.220622,1.0259154000000001,1.0217254999999998,-2.31639,-3.3877954,-9.617508,-7.5985975,-0.81881696,3.3446998999999997,-0.17717093,2.5390507999999996,5.514444999999999,2.2254104999999997,-0.7026982,-2.566584,-3.803788,-3.8792052000000004,-1.7717092,0.25677812,-0.15981296,0.17776948,2.906561,7.981669999999999,10.937312,0.90859956,-3.3758245000000002,-4.569932499999999,-4.583101,-4.484938,-3.0849290000000003,-0.37948096,0.3298013,1.4945803999999998,5.037999,2.6126726000000002,0.22625206,-0.08499416,0.017357962,-2.5276785,-6.4643445,-9.196728,-2.1763293999999997,4.56275,-0.7445967,1
-0.15981296,0.17776948,2.906561,7.981669999999999,10.937312,0.90859956,-3.3758245000000002,-4.569932499999999,-4.583101,-4.484938,-3.0849290000000003,-0.37948096,0.3298013,1.4945803999999998,5.037999,2.6126726000000002,0.22625206,-0.08499416,0.017357962,-2.5276785,-6.4643445,-9.196728,-2.1763293999999997,4.56275,-0.7445967,0.27952304,2.6737247,3.0963013,0.16101007,-2.6809072,-3.1705215,-2.4025814999999997,-2.166154,0.10594343,-0.705691,-1.5885528,0.031124622,4.0839095,9.821614,9.430760000000001,-2.1260512,-2.706645,-3.3883939,-3.8983587999999996,-5.0757074,-2.6443958,1.4951789,0.760159,1.2587515,4.465186,1
0.27952304,2.6737247,3.0963013,0.16101007,-2.6809072,-3.1705215,-2.4025814999999997,-2.166154,0.10594343,-0.705691,-1.5885528,0.031124622,4.0839095,9.821614,9.430760000000001,-2.1260512,-2.706645,-3.3883939,-3.8983587999999996,-5.0757074,-2.6443958,1.4951789,0.760159,1.2587515,4.465186,3.040636,0.66618663,-1.0815806000000001,-2.3822308,-2.9053638,-7.641692999999999,-5.6347537,2.5312697999999996,-1.0971429,-2.6767175,1.5119383,3.9085343,2.8898015,0.077811554,-0.8331822,-0.04189853,-1.3778629999999998,-1.3718776000000001,-2.3816319999999997,-3.6505589999999994,-0.8912416,3.9013517,6.5517330000000005,6.3230867,4.6495394999999995,1
3.040636,0.66618663,-1.0815806000000001,-2.3822308,-2.9053638,-7.641692999999999,-5.6347537,2.5312697999999996,-1.0971429,-2.6767175,1.5119383,3.9085343,2.8898015,0.077811554,-0.8331822,-0.04189853,-1.3778629999999998,-1.3718776000000001,-2.3816319999999997,-3.6505589999999994,-0.8912416,3.9013517,6.5517330000000005,6.3230867,4.6495394999999995,0.32321724,-2.1757307,-5.3701944,-5.3037553,-4.8656163,-1.3754688999999998,1.276708,2.7659016,6.613982000000001,3.5332432000000003,-0.076015905,-1.8962077000000002,-1.0672153999999998,-2.918532,-3.5781345,-4.162918,-2.8532897999999998,-0.9187749,-4.6471453,-1.043872,3.323152,3.6499605,1.9925743000000002,-0.095768064,-2.1194669999999998,1
0.32321724,-2.1757307,-5.3701944,-5.3037553,-4.8656163,-1.3754688999999998,1.276708,2.7659016,6.613982000000001,3.5332432000000003,-0.076015905,-1.8962077000000002,-1.0672153999999998,-2.918532,-3.5781345,-4.162918,-2.8532897999999998,-0.9187749,-4.6471453,-1.043872,3.323152,3.6499605,1.9925743000000002,-0.095768064,-2.1194669999999998,-2.8287494,-2.9293058,-0.7380127,-1.8189948,-2.5486276,0.3465607,3.6679169999999996,10.187327999999999,10.796054,-1.1863270000000001,-4.9943047,-6.7486562999999995,-8.174403,-4.19943,0.61770403,2.9765912999999995,2.9586349,4.5154643,4.7159786,1.8698715,0.18974048,-0.4441244000000001,-2.4762032000000005,-4.1449620000000005,-10.365696,1
-2.8287494,-2.9293058,-0.7380127,-1.8189948,-2.5486276,0.3465607,3.6679169999999996,10.187327999999999,10.796054,-1.1863270000000001,-4.9943047,-6.7486562999999995,-8.174403,-4.19943,0.61770403,2.9765912999999995,2.9586349,4.5154643,4.7159786,1.8698715,0.18974048,-0.4441244000000001,-2.4762032000000005,-4.1449620000000005,-10.365696,-7.602189,3.3680432000000002,-0.014963761,-0.7553706,2.2080526000000003,2.1206641,1.228824,-0.33758244,-1.9339164,-2.2613235,-2.1140802000000005,-0.7667431,-1.2725182,-2.9352913,-1.9740193,2.191293,8.775348,14.255675,3.7894227999999996,-6.4643445,-5.776610400000001,-2.3708582000000002,-0.9367314,-1.644218,-0.5746084,1
-7.602189,3.3680432000000002,-0.014963761,-0.7553706,2.2080526000000003,2.1206641,1.228824,-0.33758244,-1.9339164,-2.2613235,-2.1140802000000005,-0.7667431,-1.2725182,-2.9352913,-1.9740193,2.191293,8.775348,14.255675,3.7894227999999996,-6.4643445,-5.776610400000001,-2.3708582000000002,-0.9367314,-1.644218,-0.5746084,0.07841010400000001,0.4950012,4.5118732,3.1747115000000004,1.733402,0.28072014,-0.717662,-3.163339,-4.2078094,-10.848726,-7.732672999999999,7.361572,3.6673183,-0.56203884,-0.2825158,0.6135142,-0.8738836,-2.1458032000000005,-1.8884265,-1.845331,-0.61052144,0.19692309,-0.7026982,-2.3259668,-4.2413282,1
0.07841010400000001,0.4950012,4.5118732,3.1747115000000004,1.733402,0.28072014,-0.717662,-3.163339,-4.2078094,-10.848726,-7.732672999999999,7.361572,3.6673183,-0.56203884,-0.2825158,0.6135142,-0.8738836,-2.1458032000000005,-1.8884265,-1.845331,-0.61052144,0.19692309,-0.7026982,-2.3259668,-4.2413282,1.1145009,12.860455,19.612701,-1.9351135,-10.004171000000001,-5.1666875,-0.7248446,0.8463503000000001,-0.6344634,0.81163436,0.30526072,0.6548142,3.1944637000000005,2.9538465,0.93493575,-0.10175357,-2.0087352,-5.0254292000000005,-12.254123,-6.5990186,2.2559366,2.1667526,-2.203264,-0.14604631,4.1264067,1
1.1145009,12.860455,19.612701,-1.9351135,-10.004171000000001,-5.1666875,-0.7248446,0.8463503000000001,-0.6344634,0.81163436,0.30526072,0.6548142,3.1944637000000005,2.9538465,0.93493575,-0.10175357,-2.0087352,-5.0254292000000005,-12.254123,-6.5990186,2.2559366,2.1667526,-2.203264,-0.14604631,4.1264067,3.5559879999999997,1.2988545,-2.1841104,-3.0059202000000003,-4.4005427,-2.397793,0.08619126,0.6961141,-0.6841431,-1.4580688,3.2243912,9.910798,9.433753,-1.4688427,-4.921282,-3.1866825,-2.4271219,-1.6633717000000001,0.34715924,1.9686323000000001,-0.17717093,1.5394716999999998,4.7782279999999995,1.3485341,-0.9367314,1
3.5559879999999997,1.2988545,-2.1841104,-3.0059202000000003,-4.4005427,-2.397793,0.08619126,0.6961141,-0.6841431,-1.4580688,3.2243912,9.910798,9.433753,-1.4688427,-4.921282,-3.1866825,-2.4271219,-1.6633717000000001,0.34715924,1.9686323000000001,-0.17717093,1.5394716999999998,4.7782279999999995,1.3485341,-0.9367314,-1.1067197,-1.0037690000000001,-3.4620156000000004,-8.684967,-12.54442,3.5877112999999996,3.2800562000000006,-1.5514427,0.8750806999999999,3.525462,2.6060886,-0.23762453,-3.2980127,-4.6830587,-4.174889,-1.7753005000000002,0.10654198,-0.21667525,-1.2569559,1.4586674,7.2640080000000005,11.000159,1.6944963,-1.1324573999999998,-2.510919,1
-1.1067197,-1.0037690000000001,-3.4620156000000004,-8.684967,-12.54442,3.5877112999999996,3.2800562000000006,-1.5514427,0.8750806999999999,3.525462,2.6060886,-0.23762453,-3.2980127,-4.6830587,-4.174889,-1.7753005000000002,0.10654198,-0.21667525,-1.2569559,1.4586674,7.2640080000000005,11.000159,1.6944963,-1.1324573999999998,-2.510919,-2.6342204,-5.715558000000001,-4.0084919999999995,0.19991584,1.5113398,1.4514848,5.5617304,3.702633,0.11252748,-1.4083891000000002,-0.54168814,-2.6569653,-5.456983999999999,-9.272144,-0.9247603999999999,9.160814,0.6835446,-1.9327193,0.16938977,1.146224,0.10654198,-1.5975311,-2.0644004000000002,-3.4093432,-3.5775358999999995,1
-2.6342204,-5.715558000000001,-4.0084919999999995,0.19991584,1.5113398,1.4514848,5.5617304,3.702633,0.11252748,-1.4083891000000002,-0.54168814,-2.6569653,-5.456983999999999,-9.272144,-0.9247603999999999,9.160814,0.6835446,-1.9327193,0.16938977,1.146224,0.10654198,-1.5975311,-2.0644004000000002,-3.4093432,-3.5775358999999995,-1.1300632,-0.57281274,-1.8584990000000001,1.3551182,4.383185,8.377911,4.8895583,1.6759412,-2.0129251,-4.501099,-7.1371155,-8.1558485,-3.9827545,2.9694088,2.9634232999999996,6.1076083,6.4805055,0.6781576,-0.9876082,-1.1180921999999998,-3.6828809000000002,-6.567295,-7.969699,-2.2457612,4.417301999999999,1
-1.1300632,-0.57281274,-1.8584990000000001,1.3551182,4.383185,8.377911,4.8895583,1.6759412,-2.0129251,-4.501099,-7.1371155,-8.1558485,-3.9827545,2.9694088,2.9634232999999996,6.1076083,6.4805055,0.6781576,-0.9876082,-1.1180921999999998,-3.6828809000000002,-6.567295,-7.969699,-2.2457612,4.417301999999999,-3.064578,-2.6527755,2.1146786,5.6634839999999995,3.9432502,0.46866497,-2.7970262000000004,-3.5954924,-5.254674,-2.3965959999999997,-0.40402153,-0.7134720999999999,-1.0235212,1.9740193,6.9671270000000005,8.2995,2.508525,-3.6463692,-3.4703953000000003,-3.8720226,-5.0643353,-5.1744685,-0.55246204,3.122039,1.0857705,1
-3.064578,-2.6527755,2.1146786,5.6634839999999995,3.9432502,0.46866497,-2.7970262000000004,-3.5954924,-5.254674,-2.3965959999999997,-0.40402153,-0.7134720999999999,-1.0235212,1.9740193,6.9671270000000005,8.2995,2.508525,-3.6463692,-3.4703953000000003,-3.8720226,-5.0643353,-5.1744685,-0.55246204,3.122039,1.0857705,3.8349125,4.472967,1.7190368000000003,0.34117374,-2.2463598,-6.0806737,-11.885416000000001,-6.7743936,0.18375498,2.8389246,-0.020350715,2.5659857,4.8572370000000005,2.3786395000000002,-0.30406362,-2.6874914,-3.3333273,-3.1986535,-3.2662897,0.98461545,0.57520694,-1.0666169,-2.2691047,2.179322,6.839036999999999,1
3.8349125,4.472967,1.7190368000000003,0.34117374,-2.2463598,-6.0806737,-11.885416000000001,-6.7743936,0.18375498,2.8389246,-0.020350715,2.5659857,4.8572370000000005,2.3786395000000002,-0.30406362,-2.6874914,-3.3333273,-3.1986535,-3.2662897,0.98461545,0.57520694,-1.0666169,-2.2691047,2.179322,6.839036999999999,11.532869,1.3844471,-1.1833341999999998,-0.30645782,-4.5801077,-6.023213,-5.631162000000001,-1.0618285,2.202067,0.14903906,3.8247373,4.744708999999999,1.0444705,-0.18076223,-0.27952304,-1.0390834999999998,-4.6244005999999995,-11.63163,-11.808203,6.054936,9.096169999999999,1.5316905,-0.45908818,0.39683893,-0.29328972,1
11.532869,1.3844471,-1.1833341999999998,-0.30645782,-4.5801077,-6.023213,-5.631162000000001,-1.0618285,2.202067,0.14903906,3.8247373,4.744708999999999,1.0444705,-0.18076223,-0.27952304,-1.0390834999999998,-4.6244005999999995,-11.63163,-11.808203,6.054936,9.096169999999999,1.5316905,-0.45908818,0.39683893,-0.29328972,-1.0660183,-1.4000093999999998,0.11432313,-1.3491327,-0.55605334,-0.7493850999999999,-2.2044610000000002,-0.43754035,2.0440497,1.532289,2.5019407000000005,-0.14305355,-0.005985504,1.2665327,-0.09696517,-4.009091000000001,-4.156333999999999,0.08200141,2.819771,0.92057055,4.173692,4.0677485,0.7428011,-0.6655880999999999,-1.7878702000000002,1
-1.0660183,-1.4000093999999998,0.11432313,-1.3491327,-0.55605334,-0.7493850999999999,-2.2044610000000002,-0.43754035,2.0440497,1.532289,2.5019407000000005,-0.14305355,-0.005985504,1.2665327,-0.09696517,-4.009091000000001,-4.156333999999999,0.08200141,2.819771,0.92057055,4.173692,4.0677485,0.7428011,-0.6655880999999999,-1.7878702000000002,-3.2249897,-7.937377000000001,-5.3486465999999995,2.1134815,-0.006584055,-0.60812724,2.4037786,4.56694,3.4386723,0.05805939,-3.4859576,-4.034828,-4.7961845,-2.782661,-1.6645688000000003,-1.2850877,-0.024540568,3.3267434000000002,10.052056,7.328053,1.0564415,-2.2140381000000002,-4.6154222,-5.9358244000000004,-5.612008599999999,1
-3.2249897,-7.937377000000001,-5.3486465999999995,2.1134815,-0.006584055,-0.60812724,2.4037786,4.56694,3.4386723,0.05805939,-3.4859576,-4.034828,-4.7961845,-2.782661,-1.6645688000000003,-1.2850877,-0.024540568,3.3267434000000002,10.052056,7.328053,1.0564415,-2.2140381000000002,-4.6154222,-5.9358244000000004,-5.612008599999999,-3.8857894,0.2705448,4.073136,1.1067197,3.4781766000000003,5.463568,1.6184803,0.8379706,-0.7529764,-3.7259765,-9.662998,-10.853515,5.209783,11.488577000000001,-1.6992846999999998,-5.726930599999999,-3.0597897,2.1894975,2.9293058,1.6992846999999998,-1.276708,-2.079364,-2.3361422999999997,-2.0464439999999997,0.52373165,1
-3.8857894,0.2705448,4.073136,1.1067197,3.4781766000000003,5.463568,1.6184803,0.8379706,-0.7529764,-3.7259765,-9.662998,-10.853515,5.209783,11.488577000000001,-1.6992846999999998,-5.726930599999999,-3.0597897,2.1894975,2.9293058,1.6992846999999998,-1.276708,-2.079364,-2.3361422999999997,-2.0464439999999997,0.52373165,-0.20470424,-2.0338743000000004,0.53450555,4.7614684,7.706935400000001,4.956596,-0.020949265,-1.0642227,-0.3788824,-4.313154,-5.7879825,-3.9109285000000003,-0.260968,1.541866,2.6324248,6.0124393,4.235343,1.2557588,-0.47824179999999994,-1.0007763,-2.630629,-8.44375,-10.034697999999999,0.9576806999999999,1.5083469999999999,1
-0.20470424,-2.0338743000000004,0.53450555,4.7614684,7.706935400000001,4.956596,-0.020949265,-1.0642227,-0.3788824,-4.313154,-5.7879825,-3.9109285000000003,-0.260968,1.541866,2.6324248,6.0124393,4.235343,1.2557588,-0.47824179999999994,-1.0007763,-2.630629,-8.44375,-10.034697999999999,0.9576806999999999,1.5083469999999999,-1.6735470000000001,0.33877954,3.0442273999999996,2.7497406000000004,0.8619126,-1.6543933000000002,-2.6593595000000003,-3.2124202,-2.3050177000000005,-2.6647465,-2.7665,-2.7216089,0.6961141,3.3423057000000003,15.117588,12.166136,-6.8869214,-6.366182299999999,-4.4741645,-4.4502225,-5.741296,-4.2197804,-0.08559271,2.3116016,4.032433999999999,1
-1.6735470000000001,0.33877954,3.0442273999999996,2.7497406000000004,0.8619126,-1.6543933000000002,-2.6593595000000003,-3.2124202,-2.3050177000000005,-2.6647465,-2.7665,-2.7216089,0.6961141,3.3423057000000003,15.117588,12.166136,-6.8869214,-6.366182299999999,-4.4741645,-4.4502225,-5.741296,-4.2197804,-0.08559271,2.3116016,4.032433999999999,5.673061,2.409764,1.0085574000000002,-0.58777654,-3.2836475,-9.156625,-6.6852098,2.926313,-1.5897499,-8.835203,-4.247314,1.963844,4.3478703,3.3135752999999997,0.44831428,-1.5825673,-1.9662381000000002,-2.1883004,0.17118542,-0.31783026,-1.951873,0.57161564,1.2030864,8.893861,5.2079873,1
5.673061,2.409764,1.0085574000000002,-0.58777654,-3.2836475,-9.156625,-6.6852098,2.926313,-1.5897499,-8.835203,-4.247314,1.963844,4.3478703,3.3135752999999997,0.44831428,-1.5825673,-1.9662381000000002,-2.1883004,0.17118542,-0.31783026,-1.951873,0.57161564,1.2030864,8.893861,5.2079873,0.3890578,-3.4805707999999997,-4.2161894,-4.766257,-4.1252093,-2.5127146000000002,0.22086509999999998,0.9163806999999999,4.074930999999999,4.152144399999999,1.4856021000000001,-0.13587095,-0.7541734999999999,-1.5257049999999999,-3.8193502,-11.119271000000001,-8.311471000000001,2.2068555,2.4654293,-1.4951789,0.7835025,4.7273510000000005,4.5687356,1.6274586000000002,-1.240795,1
0.3890578,-3.4805707999999997,-4.2161894,-4.766257,-4.1252093,-2.5127146000000002,0.22086509999999998,0.9163806999999999,4.074930999999999,4.152144399999999,1.4856021000000001,-0.13587095,-0.7541734999999999,-1.5257049999999999,-3.8193502,-11.119271000000001,-8.311471000000001,2.2068555,2.4654293,-1.4951789,0.7835025,4.7273510000000005,4.5687356,1.6274586000000002,-1.240795,-2.7820622999999998,-4.036624,-3.4302924,-1.8537107,-0.7338228,-1.3000516000000002,1.5616181,6.279392700000001,10.904391,4.23235,-5.3558292000000005,-2.6060886,-1.0169370999999998,-2.7240029999999997,-4.83509,-3.5553896000000003,0.6452374,2.1140802000000005,3.4763808,5.4659624,1.6274586000000002,-0.6398504,-1.411382,-2.8778305,-3.0532057,1
-2.7820622999999998,-4.036624,-3.4302924,-1.8537107,-0.7338228,-1.3000516000000002,1.5616181,6.279392700000001,10.904391,4.23235,-5.3558292000000005,-2.6060886,-1.0169370999999998,-2.7240029999999997,-4.83509,-3.5553896000000003,0.6452374,2.1140802000000005,3.4763808,5.4659624,1.6274586000000002,-0.6398504,-1.411382,-2.8778305,-3.0532057,-8.470087,-6.0860605,1.5370774999999999,0.53689975,1.3682863,4.731541,3.9294837,0.53211135,-1.7202339,-3.626617,-4.332308,-4.6399627,-1.797447,-0.08200141,-0.25677812,-0.6889314999999999,2.124854,5.8663926,10.049662,4.7842135,-0.45968673,-2.9221232,-4.159326999999999,-4.8560395,-5.509656400000001,1
-8.470087,-6.0860605,1.5370774999999999,0.53689975,1.3682863,4.731541,3.9294837,0.53211135,-1.7202339,-3.626617,-4.332308,-4.6399627,-1.797447,-0.08200141,-0.25677812,-0.6889314999999999,2.124854,5.8663926,10.049662,4.7842135,-0.45968673,-2.9221232,-4.159326999999999,-4.8560395,-5.509656400000001,-3.2573112999999996,0.10175357,1.1845313,1.7932571,3.6499605,1.8555063000000003,1.2946646000000002,1.3509283,1.0211270000000001,-0.8086416000000001,-4.919486,-9.099762,-4.24492,2.2188265,-2.2176294,-2.5384523999999997,2.6743232999999997,5.547365,2.3253684,-0.7930793,-3.2064347,-2.8921957000000003,-3.3943794,-1.7304093,-0.14844051,1
-3.2573112999999996,0.10175357,1.1845313,1.7932571,3.6499605,1.8555063000000003,1.2946646000000002,1.3509283,1.0211270000000001,-0.8086416000000001,-4.919486,-9.099762,-4.24492,2.2188265,-2.2176294,-2.5384523999999997,2.6743232999999997,5.547365,2.3253684,-0.7930793,-3.2064347,-2.8921957000000003,-3.3943794,-1.7304093,-0.14844051,-1.4107834,-0.31244332,2.6013002,7.723096400000001,10.82658,-0.82480246,-2.8760347,-3.970185,-4.1491513,-4.297592,-3.3141737,-0.4758476,1.821389,1.3934253,4.298789,4.037821299999999,0.85532856,-0.01616086,-0.18674773,-3.3632547999999995,-7.1395097000000005,-7.826645399999999,0.7398083000000001,-0.8367735000000001,-5.0787005,1
-1.4107834,-0.31244332,2.6013002,7.723096400000001,10.82658,-0.82480246,-2.8760347,-3.970185,-4.1491513,-4.297592,-3.3141737,-0.4758476,1.821389,1.3934253,4.298789,4.037821299999999,0.85532856,-0.01616086,-0.18674773,-3.3632547999999995,-7.1395097000000005,-7.826645399999999,0.7398083000000001,-0.8367735000000001,-5.0787005,-1.4610616,3.0178912,6.5960255000000005,3.152565,-0.5482722,-3.276465,-5.8466406,-5.254674,-2.4073699,-1.7830818,-2.2242134,-2.0398598000000003,0.6937199000000001,8.238448,10.593744000000001,1.2868833999999998,0.7858967,-0.99538934,-2.5510217999999996,-6.0226144999999995,-5.898116,-3.031658,0.42437226,1.0139444,3.0142999,1
-1.4610616,3.0178912,6.5960255000000005,3.152565,-0.5482722,-3.276465,-5.8466406,-5.254674,-2.4073699,-1.7830818,-2.2242134,-2.0398598000000003,0.6937199000000001,8.238448,10.593744000000001,1.2868833999999998,0.7858967,-0.99538934,-2.5510217999999996,-6.0226144999999995,-5.898116,-3.031658,0.42437226,1.0139444,3.0142999,5.401319,2.5839422,0.5470751,-1.1073183000000002,-2.879626,-7.6482773,-9.102755,-1.3772645000000001,4.610633999999999,-1.9806032999999998,-4.8602295,-1.6915035,4.086901999999999,2.9496564999999997,-0.14844051,-1.6531962,-1.5053543,-2.5139117000000004,-1.5969325,-0.9720459000000001,-1.7537526999999997,-2.2906525,0.6063316,3.4913447,6.367379,1
5.401319,2.5839422,0.5470751,-1.1073183000000002,-2.879626,-7.6482773,-9.102755,-1.3772645000000001,4.610633999999999,-1.9806032999999998,-4.8602295,-1.6915035,4.086901999999999,2.9496564999999997,-0.14844051,-1.6531962,-1.5053543,-2.5139117000000004,-1.5969325,-0.9720459000000001,-1.7537526999999997,-2.2906525,0.6063316,3.4913447,6.367379,7.750031,-2.6797101000000003,-1.2354081000000001,0.5398925,-0.8595184000000001,-3.4871547,-4.547187999999999,-1.6083049999999999,0.4333505,1.1587936,3.7229836000000005,2.9388826,1.5610195,-0.15622166,-1.5993267,-4.249708,-8.762777999999999,-4.064157499999999,2.7138276,0.41180268,-2.2182279,-0.17058687,3.5356373999999997,3.4596214,-0.045489833,1
7.750031,-2.6797101000000003,-1.2354081000000001,0.5398925,-0.8595184000000001,-3.4871547,-4.547187999999999,-1.6083049999999999,0.4333505,1.1587936,3.7229836000000005,2.9388826,1.5610195,-0.15622166,-1.5993267,-4.249708,-8.762777999999999,-4.064157499999999,2.7138276,0.41180268,-2.2182279,-0.17058687,3.5356373999999997,3.4596214,-0.045489833,-2.6479871,-3.776853,-3.630807,-3.5404258,-1.7956512999999998,-0.55006784,-0.7799111999999999,1.7860744999999998,4.631583,10.120291,4.621408,-0.6745663000000001,-2.5893292000000003,-2.28347,-2.842516,-3.1064768,-2.8712463,-1.1097125,0.62847793,0.85293436,4.748899,4.950012,2.180519,0.33698390000000006,-1.7238252,1
-2.6479871,-3.776853,-3.630807,-3.5404258,-1.7956512999999998,-0.55006784,-0.7799111999999999,1.7860744999999998,4.631583,10.120291,4.621408,-0.6745663000000001,-2.5893292000000003,-2.28347,-2.842516,-3.1064768,-2.8712463,-1.1097125,0.62847793,0.85293436,4.748899,4.950012,2.180519,0.33698390000000006,-1.7238252,-4.638766,-10.121488000000001,-7.309498,1.7657237000000001,-3.2926260000000003,-4.5262384,-0.36750996,3.8804023,5.2678423,2.1003133999999997,-1.4431051000000001,-4.0803185,-3.1124623,-3.532046,-0.5351041,0.13168110000000002,0.3453636,2.1936872000000003,5.1613,11.182717,1.2737153,0.6733691999999999,-3.4662056000000003,-2.190096,-3.2435447999999996,1
-4.638766,-10.121488000000001,-7.309498,1.7657237000000001,-3.2926260000000003,-4.5262384,-0.36750996,3.8804023,5.2678423,2.1003133999999997,-1.4431051000000001,-4.0803185,-3.1124623,-3.532046,-0.5351041,0.13168110000000002,0.3453636,2.1936872000000003,5.1613,11.182717,1.2737153,0.6733691999999999,-3.4662056000000003,-2.190096,-3.2435447999999996,-3.530849,-3.115455,-1.6944963,1.6819267,1.2551602,3.7588966,5.627571,2.8640637000000004,0.80445176,-1.3605051000000001,-3.3411086,-6.618172,-12.8532715,-2.31639,6.415862000000001,-0.5093664000000001,-2.0745756999999996,0.45250413,3.5721489999999996,1.2443863000000002,0.28790274,-1.0283096,-2.1894975,-3.7247794,-2.553416,1
-3.530849,-3.115455,-1.6944963,1.6819267,1.2551602,3.7588966,5.627571,2.8640637000000004,0.80445176,-1.3605051000000001,-3.3411086,-6.618172,-12.8532715,-2.31639,6.415862000000001,-0.5093664000000001,-2.0745756999999996,0.45250413,3.5721489999999996,1.2443863000000002,0.28790274,-1.0283096,-2.1894975,-3.7247794,-2.553416,-1.0085574000000002,-0.25677812,1.8686744,5.872378299999999,9.920375,1.1815386,-0.13766660000000003,-3.0681696,-3.9384617999999993,-5.234922,-4.8680105000000005,-2.0847511,1.2366052,3.9989154,5.2103815,6.965331,1.7064673,-1.7848773999999998,-2.60968,-1.8315643,-3.8432922,-8.794501,-9.541492,2.1428106,10.004769999999999,1
-1.0085574000000002,-0.25677812,1.8686744,5.872378299999999,9.920375,1.1815386,-0.13766660000000003,-3.0681696,-3.9384617999999993,-5.234922,-4.8680105000000005,-2.0847511,1.2366052,3.9989154,5.2103815,6.965331,1.7064673,-1.7848773999999998,-2.60968,-1.8315643,-3.8432922,-8.794501,-9.541492,2.1428106,10.004769999999999,0.45549688,-2.1990743,-1.0301052,-2.0147207,-1.893215,-0.748188,-0.6679823,-1.2318168,-1.4784195,-1.0887632,-0.44352585,-0.6147113000000001,3.2902317,9.515755,9.100959,3.6577415,-0.05746084,-5.455787,-12.354080999999999,-12.469600999999999,-6.0202203,-0.31663316,1.661576,4.4089220000000005,7.1227503,1
0.45549688,-2.1990743,-1.0301052,-2.0147207,-1.893215,-0.748188,-0.6679823,-1.2318168,-1.4784195,-1.0887632,-0.44352585,-0.6147113000000001,3.2902317,9.515755,9.100959,3.6577415,-0.05746084,-5.455787,-12.354080999999999,-12.469600999999999,-6.0202203,-0.31663316,1.661576,4.4089220000000005,7.1227503,5.468955,2.3750482,0.130484,0.20350714,-2.9987376,-6.946776400000001,-13.631985999999998,-3.934272,-2.7144263,-0.23223756,3.1609447,3.4680011,3.0059202000000003,0.14724341,-1.5388732,0.23642741,-1.2114661,-0.7194576,-3.2076318,-2.5073277999999997,0.93732995,4.4418426,8.684967,2.1918917,1.5364790000000002,1
5.468955,2.3750482,0.130484,0.20350714,-2.9987376,-6.946776400000001,-13.631985999999998,-3.934272,-2.7144263,-0.23223756,3.1609447,3.4680011,3.0059202000000003,0.14724341,-1.5388732,0.23642741,-1.2114661,-0.7194576,-3.2076318,-2.5073277999999997,0.93732995,4.4418426,8.684967,2.1918917,1.5364790000000002,-0.51235914,-3.8893807000000002,-5.898116,-5.515642,-1.8914193,1.7782933999999997,0.62608373,2.15538,1.9375077,0.47285482,1.4305356000000002,0.48063599999999995,-3.2603042,-4.664503599999999,-5.5246205,0.9307459000000001,-1.3275848999999997,-6.905475999999999,-4.2580876,-0.14425065,3.3369186,2.9281087,0.6853402,-2.6437972000000003,-5.0134583,1
-0.51235914,-3.8893807000000002,-5.898116,-5.515642,-1.8914193,1.7782933999999997,0.62608373,2.15538,1.9375077,0.47285482,1.4305356000000002,0.48063599999999995,-3.2603042,-4.664503599999999,-5.5246205,0.9307459000000001,-1.3275848999999997,-6.905475999999999,-4.2580876,-0.14425065,3.3369186,2.9281087,0.6853402,-2.6437972000000003,-5.0134583,-4.0683475,1.1755531000000001,2.574964,0.3866636,1.0414777,2.0266917,9.751583,9.415198,-4.1545385999999995,-6.0250087,-1.3497312,-1.9063831999999998,-4.470573,-2.4624363999999996,-0.24779987,1.4389153000000001,4.587889,4.970961,1.6502035,0.3226187,-0.06464344,-1.2360066,-2.4756044999999998,-12.182896000000001,-11.172543,1
-4.0683475,1.1755531000000001,2.574964,0.3866636,1.0414777,2.0266917,9.751583,9.415198,-4.1545385999999995,-6.0250087,-1.3497312,-1.9063831999999998,-4.470573,-2.4624363999999996,-0.24779987,1.4389153000000001,4.587889,4.970961,1.6502035,0.3226187,-0.06464344,-1.2360066,-2.4756044999999998,-12.182896000000001,-11.172543,5.159505,2.8628666000000003,-3.819949,-2.1505916000000003,0.9935937,2.1260512,1.2114661,-1.1019313,-1.6687585999999999,-3.1292217,-2.5432408,0.039504327,0.49260699999999996,-1.2354081000000001,0.026934769,2.3379380000000003,10.475829,13.366229999999998,-0.010773907,-9.205706,-5.4378304,-3.3333273,-2.9436709999999997,-1.1994951,2.356493,1
5.159505,2.8628666000000003,-3.819949,-2.1505916000000003,0.9935937,2.1260512,1.2114661,-1.1019313,-1.6687585999999999,-3.1292217,-2.5432408,0.039504327,0.49260699999999996,-1.2354081000000001,0.026934769,2.3379380000000003,10.475829,13.366229999999998,-0.010773907,-9.205706,-5.4378304,-3.3333273,-2.9436709999999997,-1.1994951,2.356493,2.621651,2.179322,3.8947675000000004,2.273893,-0.8714894,-2.397793,-2.8257565,-4.8147397000000005,-9.312247,-3.7906199000000003,3.4189199999999995,2.5959132,-3.2231941,-0.8038531999999999,3.2734723,2.6030957999999997,0.044292733,-1.8321629000000001,-2.3295584,-2.971803,-1.7549498,0.36032736,-0.11611878,-2.2750902,0.5129577000000001,1
2.621651,2.179322,3.8947675000000004,2.273893,-0.8714894,-2.397793,-2.8257565,-4.8147397000000005,-9.312247,-3.7906199000000003,3.4189199999999995,2.5959132,-3.2231941,-0.8038531999999999,3.2734723,2.6030957999999997,0.044292733,-1.8321629000000001,-2.3295584,-2.971803,-1.7549498,0.36032736,-0.11611878,-2.2750902,0.5129577000000001,1.541866,4.2850223,6.805517999999999,4.377797599999999,4.1299977,1.3790601,-2.4259247999999998,-6.4146647,-7.140108000000001,-4.512471700000001,-0.15382746,0.7541734999999999,4.613028,6.005256,2.3247697,-0.4985925,-1.0420763000000002,-2.3942018,-4.8003745,-3.0292637000000004,1.7573439999999998,3.3740287,-6.9892735,-9.247603999999999,-1.7573439999999998,1
1.541866,4.2850223,6.805517999999999,4.377797599999999,4.1299977,1.3790601,-2.4259247999999998,-6.4146647,-7.140108000000001,-4.512471700000001,-0.15382746,0.7541734999999999,4.613028,6.005256,2.3247697,-0.4985925,-1.0420763000000002,-2.3942018,-4.8003745,-3.0292637000000004,1.7573439999999998,3.3740287,-6.9892735,-9.247603999999999,-1.7573439999999998,4.59567,7.4974427,5.4330419999999995,0.14664486,-3.4542346,-3.1830912000000002,-4.935647,-2.9903579,-2.4283189999999997,-2.2691047,-1.5478513999999999,5.229535,10.573992,7.467515,1.3790601,-0.41359833,-4.449025,-5.349245,-4.5340195,-2.095525,0.74399817,1.1504139,0.38965634,3.3141737,3.738546,1
4.59567,7.4974427,5.4330419999999995,0.14664486,-3.4542346,-3.1830912000000002,-4.935647,-2.9903579,-2.4283189999999997,-2.2691047,-1.5478513999999999,5.229535,10.573992,7.467515,1.3790601,-0.41359833,-4.449025,-5.349245,-4.5340195,-2.095525,0.74399817,1.1504139,0.38965634,3.3141737,3.738546,1.2497733,0.26874915,-1.6921021,-3.0771477000000003,-9.218874000000001,-4.723161,3.0573955,-1.8112136000000003,-2.9245174,-1.0660183,3.5942953,4.18686,1.7717092,-2.4833857999999998,-3.9857473,-2.5288756,-2.0661959999999997,0.13227965,-0.25737667,-1.3186066,0.01616086,3.3129766000000003,12.474988,11.519701,-0.7679402,1
1.2497733,0.26874915,-1.6921021,-3.0771477000000003,-9.218874000000001,-4.723161,3.0573955,-1.8112136000000003,-2.9245174,-1.0660183,3.5942953,4.18686,1.7717092,-2.4833857999999998,-3.9857473,-2.5288756,-2.0661959999999997,0.13227965,-0.25737667,-1.3186066,0.01616086,3.3129766000000003,12.474988,11.519701,-0.7679402,-5.044583,-4.131195,-2.5270798,-1.9387047999999998,-1.2785037000000001,0.5967548,0.98102415,-0.7152678000000001,1.5113398,3.8402996,1.9147629000000002,0.8631097,-0.8822633,-1.7794904999999999,-3.9564182999999997,-6.18542,-6.726509599999999,-5.403713,-1.87047,1.9201498,5.7059812999999995,6.011242,3.2824504,-1.963844,-5.4671597,1
-5.044583,-4.131195,-2.5270798,-1.9387047999999998,-1.2785037000000001,0.5967548,0.98102415,-0.7152678000000001,1.5113398,3.8402996,1.9147629000000002,0.8631097,-0.8822633,-1.7794904999999999,-3.9564182999999997,-6.18542,-6.726509599999999,-5.403713,-1.87047,1.9201498,5.7059812999999995,6.011242,3.2824504,-1.963844,-5.4671597,-5.3378725,-3.803788,-0.80086046,0.074220255,0.83018947,0.86370826,2.8963853999999998,12.510900999999999,10.302849,-1.7543513,-2.0231004,-4.7949877,-4.578911,-6.249465,-5.483919,-1.7345991000000003,2.332551,2.7557259999999997,4.214393599999999,6.2087636,1.3599066,-0.61171854,-1.3718776000000001,-2.5330652999999996,-6.506243,1
-5.3378725,-3.803788,-0.80086046,0.074220255,0.83018947,0.86370826,2.8963853999999998,12.510900999999999,10.302849,-1.7543513,-2.0231004,-4.7949877,-4.578911,-6.249465,-5.483919,-1.7345991000000003,2.332551,2.7557259999999997,4.214393599999999,6.2087636,1.3599066,-0.61171854,-1.3718776000000001,-2.5330652999999996,-6.506243,-8.649054,-1.0971429,7.5285673,0.7398083000000001,-4.708197599999999,-2.5528176,1.6220716,4.5040917,2.5318682,-0.46926352,-1.751957,-2.6629508,-2.4762032000000005,-0.20829555,-0.8074445,-2.5923218999999995,-0.8295909,4.4675803,8.738836000000001,9.58818,-1.2180501,-2.3570917000000002,0.42317516,-2.6102784,-4.866813700000001,1
-8.649054,-1.0971429,7.5285673,0.7398083000000001,-4.708197599999999,-2.5528176,1.6220716,4.5040917,2.5318682,-0.46926352,-1.751957,-2.6629508,-2.4762032000000005,-0.20829555,-0.8074445,-2.5923218999999995,-0.8295909,4.4675803,8.738836000000001,9.58818,-1.2180501,-2.3570917000000002,0.42317516,-2.6102784,-4.866813700000001,-4.595072,-0.9636662,2.0709844,1.0342950999999998,3.116652,1.9871874,1.0899603,1.7824832,-0.19153613,-2.8880057,-11.113286,-9.719261999999999,3.5416229,3.2986114,-1.9704279999999998,0.3878607,3.3351230000000003,1.8004397,0.095768064,-1.7471686999999998,-1.9644424999999999,-2.5755625,-2.9634232999999996,-1.0528502,-1.2838906,1
-4.595072,-0.9636662,2.0709844,1.0342950999999998,3.116652,1.9871874,1.0899603,1.7824832,-0.19153613,-2.8880057,-11.113286,-9.719261999999999,3.5416229,3.2986114,-1.9704279999999998,0.3878607,3.3351230000000003,1.8004397,0.095768064,-1.7471686999999998,-1.9644424999999999,-2.5755625,-2.9634232999999996,-1.0528502,-1.2838906,-2.3529017000000003,0.28550854,3.0945058,7.3065050000000005,7.477690700000001,2.2541409,-0.43873745,-2.9173348,-4.368221,-5.0643353,-3.3219550000000004,-0.56922144,0.26276365,1.0193313,2.7629087,1.7591397000000002,1.8764555,2.1218612,0.65660983,-2.8455088,-8.660426,-10.023924000000001,1.3664906,2.0260932,-6.1782374,1
-2.3529017000000003,0.28550854,3.0945058,7.3065050000000005,7.477690700000001,2.2541409,-0.43873745,-2.9173348,-4.368221,-5.0643353,-3.3219550000000004,-0.56922144,0.26276365,1.0193313,2.7629087,1.7591397000000002,1.8764555,2.1218612,0.65660983,-2.8455088,-8.660426,-10.023924000000001,1.3664906,2.0260932,-6.1782374,-2.3630772,1.7058687,3.2962172,2.0398598000000003,0.6422445999999999,-0.5662286999999999,-2.5240872000000003,-3.726575,-2.380435,-2.9317,-1.163582,1.4981716999999999,3.1914709,8.786719999999999,5.953780999999999,5.535394,-1.42455,-5.916671,-6.427833000000001,-5.815516000000001,-3.3650506,1.5717934,3.369839,3.7565023999999996,6.3009405,1
-2.3630772,1.7058687,3.2962172,2.0398598000000003,0.6422445999999999,-0.5662286999999999,-2.5240872000000003,-3.726575,-2.380435,-2.9317,-1.163582,1.4981716999999999,3.1914709,8.786719999999999,5.953780999999999,5.535394,-1.42455,-5.916671,-6.427833000000001,-5.815516000000001,-3.3650506,1.5717934,3.369839,3.7565023999999996,6.3009405,3.804985,0.6865373,-0.7954735,-2.2254104999999997,-3.9378633,-9.074024,-6.7360864000000005,2.1625626000000002,-0.682946,-3.5182792999999997,-0.5907693,4.9338512,4.7261543,1.8417397,-1.5682021000000002,-2.1194669999999998,-2.0871453,-1.7483658,-1.0193313,-2.2960392999999995,-2.8724434,-0.44771573,4.365228,10.259153999999999,8.623316,1
3.804985,0.6865373,-0.7954735,-2.2254104999999997,-3.9378633,-9.074024,-6.7360864000000005,2.1625626000000002,-0.682946,-3.5182792999999997,-0.5907693,4.9338512,4.7261543,1.8417397,-1.5682021000000002,-2.1194669999999998,-2.0871453,-1.7483658,-1.0193313,-2.2960392999999995,-2.8724434,-0.44771573,4.365228,10.259153999999999,8.623316,-1.8782511999999998,-1.8698715,-2.5635915000000002,-5.036802,-6.4685345000000005,-5.1810527,0.88944596,3.2812532999999995,2.4187422,5.1026425,4.463390400000001,0.98700964,-0.81343,-1.7579426,-5.263054,-9.343372,-7.2448545,6.906075,5.6898203,-6.242881,-4.2754455,-0.09876082,2.837129,1.780089,-0.25498247,1
-1.8782511999999998,-1.8698715,-2.5635915000000002,-5.036802,-6.4685345000000005,-5.1810527,0.88944596,3.2812532999999995,2.4187422,5.1026425,4.463390400000001,0.98700964,-0.81343,-1.7579426,-5.263054,-9.343372,-7.2448545,6.906075,5.6898203,-6.242881,-4.2754455,-0.09876082,2.837129,1.780089,-0.25498247,-2.0099323,-2.2433669999999997,-2.9658175,-1.0307038,-0.59735334,-0.75956047,2.0105310000000003,3.4835634,7.735666,4.931457,1.7597381999999997,-1.6885108,-4.2425256,-5.395334,-6.96174,-3.8965633,2.3133974,3.8815994,3.4841620000000004,5.7808,3.1058779999999997,0.1592144,-1.0995371,-2.480393,-4.321534,1
-2.0099323,-2.2433669999999997,-2.9658175,-1.0307038,-0.59735334,-0.75956047,2.0105310000000003,3.4835634,7.735666,4.931457,1.7597381999999997,-1.6885108,-4.2425256,-5.395334,-6.96174,-3.8965633,2.3133974,3.8815994,3.4841620000000004,5.7808,3.1058779999999997,0.1592144,-1.0995371,-2.480393,-4.321534,-8.874707,-7.945757,3.067571,1.5939398,-0.8702923,1.0708067,3.0657754,1.6334441000000002,-0.42437226,-2.3953989,-2.095525,-1.9482816000000003,-1.1671733999999998,-0.90021986,-1.6519991000000003,-0.9056068000000002,2.0326772,5.9687448,10.259153999999999,2.433706,-1.7483658,-1.7040731,-1.6472107,-3.3961751000000002,-4.909311,1
-8.874707,-7.945757,3.067571,1.5939398,-0.8702923,1.0708067,3.0657754,1.6334441000000002,-0.42437226,-2.3953989,-2.095525,-1.9482816000000003,-1.1671733999999998,-0.90021986,-1.6519991000000003,-0.9056068000000002,2.0326772,5.9687448,10.259153999999999,2.433706,-1.7483658,-1.7040731,-1.6472107,-3.3961751000000002,-4.909311,-1.9476831000000001,2.4384943999999997,2.9340942,4.633379,6.1345434,1.6915035,-0.92296475,-2.8748376,-5.00448,-7.590217999999999,-8.814852,-2.2092497000000004,5.8945246,0.7799111999999999,-0.23403321,1.3251906999999998,2.48159,0.91578215,-2.4378957999999997,-4.362833999999999,-3.0514099999999997,-1.365892,0.41180268,0.14784196,-0.79248077,1
-1.9476831000000001,2.4384943999999997,2.9340942,4.633379,6.1345434,1.6915035,-0.92296475,-2.8748376,-5.00448,-7.590217999999999,-8.814852,-2.2092497000000004,5.8945246,0.7799111999999999,-0.23403321,1.3251906999999998,2.48159,0.91578215,-2.4378957999999997,-4.362833999999999,-3.0514099999999997,-1.365892,0.41180268,0.14784196,-0.79248077,1.1168951,4.0276456,9.135675,1.4287398999999998,1.8255788,1.4401124,-1.6472107,-5.6760535,-5.7095723,-4.0120835,1.0319009,4.8985367,2.574964,3.8588544999999996,5.0691237000000005,1.2880806,0.22505496,-0.41838676,-3.5942953,-8.494628,-12.96161,0.50996494,6.8121023,0.670975,-1.0253168,1
1.1168951,4.0276456,9.135675,1.4287398999999998,1.8255788,1.4401124,-1.6472107,-5.6760535,-5.7095723,-4.0120835,1.0319009,4.8985367,2.574964,3.8588544999999996,5.0691237000000005,1.2880806,0.22505496,-0.41838676,-3.5942953,-8.494628,-12.96161,0.50996494,6.8121023,0.670975,-1.0253168,1.6256628999999998,2.220622,0.05327099,-0.85772276,-1.6460136000000003,-1.1210848999999998,-2.4025814999999997,-1.1803415000000002,-1.6603789,-3.2064347,-2.8293478,1.8543092,12.393585,13.022661,1.347337,-3.9384617999999993,-3.5954924,-3.3219550000000004,-4.635773,-3.8367082999999997,0.6811504,4.006098000000001,0.9732430000000001,1.6932991999999998,3.7223851999999997,1
1.6256628999999998,2.220622,0.05327099,-0.85772276,-1.6460136000000003,-1.1210848999999998,-2.4025814999999997,-1.1803415000000002,-1.6603789,-3.2064347,-2.8293478,1.8543092,12.393585,13.022661,1.347337,-3.9384617999999993,-3.5954924,-3.3219550000000004,-4.635773,-3.8367082999999997,0.6811504,4.006098000000001,0.9732430000000001,1.6932991999999998,3.7223851999999997,1.9195513,0.21009120000000003,-1.6250643999999999,-5.7023897,-10.4405155,-6.918644400000001,2.641403,1.7735048999999998,0.3764882,3.1717186,6.0441623,3.9019501000000005,0.12629414,-3.459023,-3.8492777,-2.1134815,-1.6077063999999999,-0.6979098000000001,-1.2725182,-1.3946223999999998,1.0851719,5.4366335999999995,12.335525500000001,2.6485856,-3.1352072,1
1.9195513,0.21009120000000003,-1.6250643999999999,-5.7023897,-10.4405155,-6.918644400000001,2.641403,1.7735048999999998,0.3764882,3.1717186,6.0441623,3.9019501000000005,0.12629414,-3.459023,-3.8492777,-2.1134815,-1.6077063999999999,-0.6979098000000001,-1.2725182,-1.3946223999999998,1.0851719,5.4366335999999995,12.335525500000001,2.6485856,-3.1352072,-5.2145715,-4.56275,-3.7014358,-3.0945058,-1.6819267,0.25378537,0.12270284,3.4314894999999996,5.234922,2.586935,1.0241197,-1.258153,-3.1962593,-6.554127,-9.617508,-0.39444473,6.2620344,-2.7641058,-4.490924,-0.79367787,3.5583823,2.087744,0.18255788,-1.0827777,-1.1246762,1
-5.2145715,-4.56275,-3.7014358,-3.0945058,-1.6819267,0.25378537,0.12270284,3.4314894999999996,5.234922,2.586935,1.0241197,-1.258153,-3.1962593,-6.554127,-9.617508,-0.39444473,6.2620344,-2.7641058,-4.490924,-0.79367787,3.5583823,2.087744,0.18255788,-1.0827777,-1.1246762,-2.1380222,-1.3724761,-1.3269863000000002,-1.9363105999999999,0.22924481,2.379238,7.972092999999999,5.01286,3.5500026,0.13108255,-3.003526,-5.699397,-6.245275,-5.41748,-0.6631939,3.2435447999999996,2.7850552000000004,5.507262,5.631761,1.532289,-0.31064767,-2.1134815,-4.136582,-9.339182000000001,-6.170456400000001,1
-2.1380222,-1.3724761,-1.3269863000000002,-1.9363105999999999,0.22924481,2.379238,7.972092999999999,5.01286,3.5500026,0.13108255,-3.003526,-5.699397,-6.245275,-5.41748,-0.6631939,3.2435447999999996,2.7850552000000004,5.507262,5.631761,1.532289,-0.31064767,-2.1134815,-4.136582,-9.339182000000001,-6.170456400000001,3.9791632000000003,0.18375498,-0.74758947,0.9780314,3.3859997,2.12246,-0.34835634,-2.3373394,-2.8443117,-2.356493,-1.977012,-0.21188685,-0.11312603,1.1737574,2.9161377,3.9348705,7.056311,1.9949685000000001,3.9193082,-0.47165772,-5.964555000000001,-7.3047094,-4.9164934,-0.54049104,4.3676224,1
3.9791632000000003,0.18375498,-0.74758947,0.9780314,3.3859997,2.12246,-0.34835634,-2.3373394,-2.8443117,-2.356493,-1.977012,-0.21188685,-0.11312603,1.1737574,2.9161377,3.9348705,7.056311,1.9949685000000001,3.9193082,-0.47165772,-5.964555000000001,-7.3047094,-4.9164934,-0.54049104,4.3676224,2.867655,1.7842789000000001,2.7204118,0.018555064,-1.1737574,-2.2894554,-2.3331497000000003,-4.11683,-3.4835634,0.11192893,-0.9331401,-1.4538790000000001,-0.38367084,3.004723,4.6160207,2.1428106,-0.5093664000000001,-2.8898015,-3.1998506,-2.606687,-2.4821887,-1.5759833,-2.4247277,0.10115502,4.317344,1
2.867655,1.7842789000000001,2.7204118,0.018555064,-1.1737574,-2.2894554,-2.3331497000000003,-4.11683,-3.4835634,0.11192893,-0.9331401,-1.4538790000000001,-0.38367084,3.004723,4.6160207,2.1428106,-0.5093664000000001,-2.8898015,-3.1998506,-2.606687,-2.4821887,-1.5759833,-2.4247277,0.10115502,4.317344,10.566211000000001,8.145673,-2.1817162,-0.58119243,-1.5933412,-2.7126305,-4.6441526,-5.482123400000001,-2.5192987999999996,2.7868507,2.753332,2.5911248,5.0691237000000005,3.8480806000000003,1.1629834,-1.0360907,-3.122039,-7.043143,-9.464279,0.5578489999999999,2.331354,-2.4193408,-2.7910407000000004,3.0460230999999998,4.8021703,1
10.566211000000001,8.145673,-2.1817162,-0.58119243,-1.5933412,-2.7126305,-4.6441526,-5.482123400000001,-2.5192987999999996,2.7868507,2.753332,2.5911248,5.0691237000000005,3.8480806000000003,1.1629834,-1.0360907,-3.122039,-7.043143,-9.464279,0.5578489999999999,2.331354,-2.4193408,-2.7910407000000004,3.0460230999999998,4.8021703,2.4301147000000003,-1.0444705,-3.4991257000000004,-2.6126726000000002,-0.21787235,-0.20590134,-0.110731825,-1.4676456,-1.0241197,-1.0241197,-1.0241197,8.362347999999999,8.677185,1.9428947,-1.8501193999999999,-2.3187842,-1.283292,-2.4510639,-3.8061821000000005,-1.5059528,1.8602947,0.007781155400000001,1.541866,3.4703953000000003,1.4556746,1
2.4301147000000003,-1.0444705,-3.4991257000000004,-2.6126726000000002,-0.21787235,-0.20590134,-0.110731825,-1.4676456,-1.0241197,-1.0241197,-1.0241197,8.362347999999999,8.677185,1.9428947,-1.8501193999999999,-2.3187842,-1.283292,-2.4510639,-3.8061821000000005,-1.5059528,1.8602947,0.007781155400000001,1.541866,3.4703953000000003,1.4556746,0.08439561,-1.3054385,-1.472434,-5.3265004000000005,-7.560290299999999,4.6537294000000005,3.2836475,-3.459023,-3.6014779000000003,1.1456255,4.5298295,2.5905263,-0.7308300999999999,-2.7593174,-2.384625,-2.2661119,-1.5951369,-1.4281414,-1.4628572,0.46567222,6.7791820000000005,8.86513,1.8602947,-0.93493575,-0.60453594,1
0.08439561,-1.3054385,-1.472434,-5.3265004000000005,-7.560290299999999,4.6537294000000005,3.2836475,-3.459023,-3.6014779000000003,1.1456255,4.5298295,2.5905263,-0.7308300999999999,-2.7593174,-2.384625,-2.2661119,-1.5951369,-1.4281414,-1.4628572,0.46567222,6.7791820000000005,8.86513,1.8602947,-0.93493575,-0.60453594,-0.6171055000000001,-3.1477766,-3.141791,-2.759916,-0.9576806999999999,4.128801,2.2541409,2.2720973,4.50888,0.57879823,-0.9044097,-2.147599,-3.032855,-7.0904284,-9.426571000000001,5.8466406,10.515334,-0.6655880999999999,-4.271256,-3.25791,0.7781156,2.6515784,0.7715314999999999,-1.9835961,-4.2874165,1
-0.6171055000000001,-3.1477766,-3.141791,-2.759916,-0.9576806999999999,4.128801,2.2541409,2.2720973,4.50888,0.57879823,-0.9044097,-2.147599,-3.032855,-7.0904284,-9.426571000000001,5.8466406,10.515334,-0.6655880999999999,-4.271256,-3.25791,0.7781156,2.6515784,0.7715314999999999,-1.9835961,-4.2874165,-3.8480806000000003,-2.224812,0.6302736,1.5682021000000002,1.6316483999999998,1.9410990000000001,6.067506,9.380483,0.83258367,-3.2734723,-3.2357635,-1.6956933999999997,-2.1954830000000003,-2.6683377999999998,-0.41000703,0.92296475,-0.39145198,-0.11192893,2.5396495,0.49320555,-0.55126494,0.45609543,-1.38325,-4.0144777000000005,-7.2454529999999995,1
-3.8480806000000003,-2.224812,0.6302736,1.5682021000000002,1.6316483999999998,1.9410990000000001,6.067506,9.380483,0.83258367,-3.2734723,-3.2357635,-1.6956933999999997,-2.1954830000000003,-2.6683377999999998,-0.41000703,0.92296475,-0.39145198,-0.11192893,2.5396495,0.49320555,-0.55126494,0.45609543,-1.38325,-4.0144777000000005,-7.2454529999999995,-2.521693,8.304289,-1.4311341,-5.4354362,-1.5658079,2.5719712,3.8965633,1.3880384,-2.3894134,-5.0427876,-4.551976,-3.3979707,-0.9540894,1.3533225,2.2457612,3.5936968,4.947618,6.257845,-0.08319851,2.343325,-0.9331401,-3.3081882000000005,-5.1152120000000005,-5.1690817000000004,-4.1557355000000005,1
-2.521693,8.304289,-1.4311341,-5.4354362,-1.5658079,2.5719712,3.8965633,1.3880384,-2.3894134,-5.0427876,-4.551976,-3.3979707,-0.9540894,1.3533225,2.2457612,3.5936968,4.947618,6.257845,-0.08319851,2.343325,-0.9331401,-3.3081882000000005,-5.1152120000000005,-5.1690817000000004,-4.1557355000000005,0.5057751,3.3075894999999997,1.9255368000000002,4.684255599999999,3.5284547999999996,0.22984336,-0.5710170999999999,-1.4622587,-2.9783869,-7.065289,-8.932767,4.1162314,5.990292500000001,-4.313154,-3.9929300000000003,1.5622166000000002,4.07134,2.5432408,-1.441908,-2.4019828,-1.0097545,-0.87927055,-2.1374235,-3.4685998,-3.4739866000000004,1
0.5057751,3.3075894999999997,1.9255368000000002,4.684255599999999,3.5284547999999996,0.22984336,-0.5710170999999999,-1.4622587,-2.9783869,-7.065289,-8.932767,4.1162314,5.990292500000001,-4.313154,-3.9929300000000003,1.5622166000000002,4.07134,2.5432408,-1.441908,-2.4019828,-1.0097545,-0.87927055,-2.1374235,-3.4685998,-3.4739866000000004,-0.39145198,4.663905000000001,15.756242000000002,10.199299,-6.893505,-9.403227000000001,-2.3840263,-0.8367735000000001,-1.697489,-2.5366566,0.44352585,1.3670892,0.39085343,2.385822,2.4468741,1.5053543,0.5446809,-0.8122329,-3.6445735,-8.383896,-0.8798690999999998,6.1405287,-2.3678656000000005,-6.1088057000000004,-2.28347,1
-0.39145198,4.663905000000001,15.756242000000002,10.199299,-6.893505,-9.403227000000001,-2.3840263,-0.8367735000000001,-1.697489,-2.5366566,0.44352585,1.3670892,0.39085343,2.385822,2.4468741,1.5053543,0.5446809,-0.8122329,-3.6445735,-8.383896,-0.8798690999999998,6.1405287,-2.3678656000000005,-6.1088057000000004,-2.28347,2.5067291000000003,5.907693,2.0733786,-2.0727801,-4.844666999999999,-3.2543187000000002,-2.8377275,-1.0576386,-0.33279404,0.32621,2.5516205000000003,4.035426999999999,6.0447607,-0.33877954,3.1609447,3.8792052000000004,-0.50637364,-6.8150949999999995,-8.235455499999999,-7.050924,-3.6816837999999996,1.0540473,3.0376434,3.3638535000000003,5.209184,1
2.5067291000000003,5.907693,2.0733786,-2.0727801,-4.844666999999999,-3.2543187000000002,-2.8377275,-1.0576386,-0.33279404,0.32621,2.5516205000000003,4.035426999999999,6.0447607,-0.33877954,3.1609447,3.8792052000000004,-0.50637364,-6.8150949999999995,-8.235455499999999,-7.050924,-3.6816837999999996,1.0540473,3.0376434,3.3638535000000003,5.209184,4.5196543,2.5761611,-0.5686229,-1.7124528,-4.7285485000000005,-12.816162,-5.7867856,4.605247,1.1450268999999997,-2.544438,-0.38965634,4.4077253,5.3282957,1.8806453999999997,-1.1611878,-1.2066777,-0.741604,-1.9752164,-2.0913353,-3.4841620000000004,-1.4012065,2.094328,9.061455,9.548077000000001,-0.95947635,1
4.5196543,2.5761611,-0.5686229,-1.7124528,-4.7285485000000005,-12.816162,-5.7867856,4.605247,1.1450268999999997,-2.544438,-0.38965634,4.4077253,5.3282957,1.8806453999999997,-1.1611878,-1.2066777,-0.741604,-1.9752164,-2.0913353,-3.4841620000000004,-1.4012065,2.094328,9.061455,9.548077000000001,-0.95947635,0.7386111999999999,-0.7858967,-3.2237926,-6.0740894999999995,-6.168062,-1.9093759,2.9765912999999995,2.3331497000000003,1.620276,4.451419400000001,3.0669725,1.2952632,-0.86610246,-2.1817162,-9.609129,-8.567052,1.2611457,7.068282000000001,-1.5568296999999998,-2.8455088,-0.15023616,1.1935096,0.1388637,-1.4856021000000001,-3.139397,1
0.7386111999999999,-0.7858967,-3.2237926,-6.0740894999999995,-6.168062,-1.9093759,2.9765912999999995,2.3331497000000003,1.620276,4.451419400000001,3.0669725,1.2952632,-0.86610246,-2.1817162,-9.609129,-8.567052,1.2611457,7.068282000000001,-1.5568296999999998,-2.8455088,-0.15023616,1.1935096,0.1388637,-1.4856021000000001,-3.139397,-0.8283938,-1.7591397000000002,1.6077063999999999,0.98461545,-1.0366893,1.3072342,2.6036943999999997,3.769072,4.2521024,-1.6944963,1.3084313,1.4652513999999999,-1.2731166999999999,-4.048595,-5.583278,-4.506486,0.37110126,3.1627405,1.578976,2.858677,2.7850552000000004,1.3299791,0.9864110999999999,0.43394905,-3.0113072,1
-0.8283938,-1.7591397000000002,1.6077063999999999,0.98461545,-1.0366893,1.3072342,2.6036943999999997,3.769072,4.2521024,-1.6944963,1.3084313,1.4652513999999999,-1.2731166999999999,-4.048595,-5.583278,-4.506486,0.37110126,3.1627405,1.578976,2.858677,2.7850552000000004,1.3299791,0.9864110999999999,0.43394905,-3.0113072,-10.44231,-12.233772,9.087193,7.716512,-3.064578,-1.3413515,1.2114661,1.8142063999999998,0.5153519,-2.0099323,-3.6834792999999997,-2.540248,-2.5731683,-1.4047978,-0.30286652,0.58418524,2.0757727999999998,5.0463786,7.782352400000001,-1.6304513,-1.1695676000000002,-2.6084828,-5.160103299999999,-3.7732617999999993,-3.2333694,1
-10.44231,-12.233772,9.087193,7.716512,-3.064578,-1.3413515,1.2114661,1.8142063999999998,0.5153519,-2.0099323,-3.6834792999999997,-2.540248,-2.5731683,-1.4047978,-0.30286652,0.58418524,2.0757727999999998,5.0463786,7.782352400000001,-1.6304513,-1.1695676000000002,-2.6084828,-5.160103299999999,-3.7732617999999993,-3.2333694,-1.5161281999999998,1.8136078000000002,3.7966053,3.080739,5.026626599999999,3.2591069999999998,1.1109096,-0.9403226999999998,-2.259528,-6.0166287,-8.622717999999999,0.8002619000000001,3.5847184999999997,-3.3806129,-4.0689459999999995,-1.4053963,0.7284359,2.80361,1.3623008,-0.6919243,-0.16160862,0.83497787,0.18076223,-0.53211135,-2.2810757,1
-1.5161281999999998,1.8136078000000002,3.7966053,3.080739,5.026626599999999,3.2591069999999998,1.1109096,-0.9403226999999998,-2.259528,-6.0166287,-8.622717999999999,0.8002619000000001,3.5847184999999997,-3.3806129,-4.0689459999999995,-1.4053963,0.7284359,2.80361,1.3623008,-0.6919243,-0.16160862,0.83497787,0.18076223,-0.53211135,-2.2810757,-2.1230583,0.18195933,1.6035166,7.2430587,4.8985367,1.9776106,-3.6888663999999998,-6.785766000000001,-5.7203465,-5.263054,-0.91219085,4.3933599999999995,4.329315,2.9340942,4.762067299999999,2.0219033,-0.76554596,-2.3918076,-3.8127663,-8.212111,-7.711724,2.7461493,3.1615434,-2.0566192,-1.8896236000000002,1
-2.1230583,0.18195933,1.6035166,7.2430587,4.8985367,1.9776106,-3.6888663999999998,-6.785766000000001,-5.7203465,-5.263054,-0.91219085,4.3933599999999995,4.329315,2.9340942,4.762067299999999,2.0219033,-0.76554596,-2.3918076,-3.8127663,-8.212111,-7.711724,2.7461493,3.1615434,-2.0566192,-1.8896236000000002,1.881244,3.6212301,2.1410147999999998,-0.6871359,-2.6844985,-2.2493525,-2.0649989,-2.4648306,-1.0875661,-0.4321534000000001,0.6751649000000001,2.4061728,3.7978023999999997,5.1529207,0.95827925,2.6970682,-0.28790274,-4.7387238,-5.680842,-4.037821299999999,-1.5286977,1.7489643,2.291251,2.4893713,3.8450879999999996,1
1.881244,3.6212301,2.1410147999999998,-0.6871359,-2.6844985,-2.2493525,-2.0649989,-2.4648306,-1.0875661,-0.4321534000000001,0.6751649000000001,2.4061728,3.7978023999999997,5.1529207,0.95827925,2.6970682,-0.28790274,-4.7387238,-5.680842,-4.037821299999999,-1.5286977,1.7489643,2.291251,2.4893713,3.8450879999999996,1.7010802999999999,0.29029694,-0.91458505,-1.9847932000000001,-3.5380316,-5.5485625,-0.15741876,5.441422,1.1300632,-1.8980032999999998,-2.7688942,-1.328782,0.017956512,-0.38127659999999997,0.64463884,0.9684546,0.338181,-0.9223662,-3.518878,-4.537012,-4.2538977,0.6374562,8.526949,10.299856,-0.94690675,1
1.7010802999999999,0.29029694,-0.91458505,-1.9847932000000001,-3.5380316,-5.5485625,-0.15741876,5.441422,1.1300632,-1.8980032999999998,-2.7688942,-1.328782,0.017956512,-0.38127659999999997,0.64463884,0.9684546,0.338181,-0.9223662,-3.518878,-4.537012,-4.2538977,0.6374562,8.526949,10.299856,-0.94690675,-2.867655,-2.0398598000000003,-0.6368576,1.4425066,-0.3345897,1.0061632,1.158195,-0.89303726,0.17118542,1.6262615,0.038307227,-0.9828198,-1.1318588,0.40043023,-5.349245,1.7872716,3.5745432,-0.6799533,-3.5003227999999997,-4.9428296,-3.0142999,-1.5334862,0.15622166,1.0007763,1.7076644,1
-2.867655,-2.0398598000000003,-0.6368576,1.4425066,-0.3345897,1.0061632,1.158195,-0.89303726,0.17118542,1.6262615,0.038307227,-0.9828198,-1.1318588,0.40043023,-5.349245,1.7872716,3.5745432,-0.6799533,-3.5003227999999997,-4.9428296,-3.0142999,-1.5334862,0.15622166,1.0007763,1.7076644,1.5598223999999998,-0.26396075,-2.7024553,-2.7593174,-0.4357447,1.0935516,3.9857473,-0.15682021,1.8285716,1.6244658,-0.39205053,-1.216853,-1.4203602,-0.78529817,0.79487497,0.46327803,-0.9020155000000001,1.4784195,2.570774,0.57879823,-0.42257659999999997,-1.9021933000000002,-3.6182373,-7.6524673,5.927445,1
1.5598223999999998,-0.26396075,-2.7024553,-2.7593174,-0.4357447,1.0935516,3.9857473,-0.15682021,1.8285716,1.6244658,-0.39205053,-1.216853,-1.4203602,-0.78529817,0.79487497,0.46327803,-0.9020155000000001,1.4784195,2.570774,0.57879823,-0.42257659999999997,-1.9021933000000002,-3.6182373,-7.6524673,5.927445,7.0754646999999995,-2.15957,-5.0212392999999995,-5.139154,-3.5332432000000003,-1.5783775,-0.6775591,0.006584055,1.4209588,1.4682442,0.52373165,-0.8379706,-1.7322049,-2.3546975,1.1456255,4.3418846,2.6743232999999997,-1.5221136999999998,-4.7907977,0.23403321,2.3618799999999998,1.8405426,-0.98820674,-1.0486604,0.40222588,1
7.0754646999999995,-2.15957,-5.0212392999999995,-5.139154,-3.5332432000000003,-1.5783775,-0.6775591,0.006584055,1.4209588,1.4682442,0.52373165,-0.8379706,-1.7322049,-2.3546975,1.1456255,4.3418846,2.6743232999999997,-1.5221136999999998,-4.7907977,0.23403321,2.3618799999999998,1.8405426,-0.98820674,-1.0486604,0.40222588,0.7739256999999999,1.9470845,2.2559366,0.96785605,-1.1815386,-0.41838676,0.7308300999999999,-4.004901,2.019509,-1.1384428999999998,-2.0506337,-2.4103625,-2.971803,-2.124854,-1.2593501,-0.66738373,-0.3788824,0.10235212,0.5153519,0.20470424,-1.7884687,-2.3247697,0.50876784,1.9093759,3.6475663000000003,1
0.7739256999999999,1.9470845,2.2559366,0.96785605,-1.1815386,-0.41838676,0.7308300999999999,-4.004901,2.019509,-1.1384428999999998,-2.0506337,-2.4103625,-2.971803,-2.124854,-1.2593501,-0.66738373,-0.3788824,0.10235212,0.5153519,0.20470424,-1.7884687,-2.3247697,0.50876784,1.9093759,3.6475663000000003,4.2957964,0.25378537,3.0855273999999997,-1.8602947,-3.54282,-4.548983,-2.9269116000000004,0.65541273,1.6591818,-0.27712885,1.2886791000000002,1.3431472,0.64583594,0.24241292,-0.53809685,-1.7447745,-5.580883999999999,-5.134964,2.0039468,-0.64463884,-2.219425,-0.5602431999999999,1.6011223999999997,1.8680758000000002,0.81343,1
4.2957964,0.25378537,3.0855273999999997,-1.8602947,-3.54282,-4.548983,-2.9269116000000004,0.65541273,1.6591818,-0.27712885,1.2886791000000002,1.3431472,0.64583594,0.24241292,-0.53809685,-1.7447745,-5.580883999999999,-5.134964,2.0039468,-0.64463884,-2.219425,-0.5602431999999999,1.6011223999999997,1.8680758000000002,0.81343,-0.30286652,-1.270124,-1.3503298000000001,-2.9532477999999998,-1.8004397,-0.7763199000000001,0.4285621,0.51116204,1.3994108,6.3422403,4.4448357000000005,4.4442368,-3.1076740000000003,-8.523956,-7.347206599999999,-4.392163,0.094570965,5.2983685,3.8385038000000002,2.9921536,4.7273510000000005,1.0109516,-1.074398,-2.5115175,-3.1759086,1
-0.30286652,-1.270124,-1.3503298000000001,-2.9532477999999998,-1.8004397,-0.7763199000000001,0.4285621,0.51116204,1.3994108,6.3422403,4.4448357000000005,4.4442368,-3.1076740000000003,-8.523956,-7.347206599999999,-4.392163,0.094570965,5.2983685,3.8385038000000002,2.9921536,4.7273510000000005,1.0109516,-1.074398,-2.5115175,-3.1759086,-5.1541176,-5.3085437,-3.1076740000000003,-3.192668,0.6913256999999999,2.4744074,3.2782607000000006,3.1753099999999996,0.55246204,-2.146402,-3.1729157000000003,-2.6378117000000003,-0.6326678000000001,0.415394,0.48662150000000004,-1.1797429,-1.6831238000000002,1.9363105999999999,7.015011,7.429806,-0.44592008,-0.4261679,-2.8802247000000003,-6.4260373,-7.512406299999999,1
-5.1541176,-5.3085437,-3.1076740000000003,-3.192668,0.6913256999999999,2.4744074,3.2782607000000006,3.1753099999999996,0.55246204,-2.146402,-3.1729157000000003,-2.6378117000000003,-0.6326678000000001,0.415394,0.48662150000000004,-1.1797429,-1.6831238000000002,1.9363105999999999,7.015011,7.429806,-0.44592008,-0.4261679,-2.8802247000000003,-6.4260373,-7.512406299999999,-4.052785,0.700304,3.819949,2.3600842999999996,3.6649241000000004,5.17387,2.1057005,-0.17118542,-1.8920178,-2.9634232999999996,-5.115810400000001,-8.681973,1.3700819,2.8886043999999997,-0.9187749,-0.09516951400000001,2.1320367,1.6998832,-0.866701,-1.751957,-1.7483658,-0.7751228,-1.8100165000000001,-1.1773487,-0.96426475,1
-4.052785,0.700304,3.819949,2.3600842999999996,3.6649241000000004,5.17387,2.1057005,-0.17118542,-1.8920178,-2.9634232999999996,-5.115810400000001,-8.681973,1.3700819,2.8886043999999997,-0.9187749,-0.09516951400000001,2.1320367,1.6998832,-0.866701,-1.751957,-1.7483658,-0.7751228,-1.8100165000000001,-1.1773487,-0.96426475,-1.3413515,0.6087258000000001,4.437653,6.7199254,5.5042696,1.4251486,-1.8974048,-5.5748987,-5.85921,-5.006275700000001,-2.4762032000000005,2.5809495,4.7159786,1.9003976999999999,3.8881836000000005,2.7281928,-0.36750996,-1.6035166,-3.1854854,-7.0102224,-7.716512,-0.20111294,4.2066126,-2.8580782000000005,-1.7345991000000003,1
-1.3413515,0.6087258000000001,4.437653,6.7199254,5.5042696,1.4251486,-1.8974048,-5.5748987,-5.85921,-5.006275700000001,-2.4762032000000005,2.5809495,4.7159786,1.9003976999999999,3.8881836000000005,2.7281928,-0.36750996,-1.6035166,-3.1854854,-7.0102224,-7.716512,-0.20111294,4.2066126,-2.8580782000000005,-1.7345991000000003,1.2437878,3.525462,2.9520507,0.41359833,-2.4331074,-3.2836475,-3.079542,-2.3732523999999997,-0.51595044,-0.61052144,-0.37828386,1.6286557,5.0691237000000005,7.2885485,2.8724434,-0.090979666,-1.3257892,-5.0104656,-6.2746043,-5.360019,-2.906561,1.8309658,3.8570589999999996,2.379238,4.1838675,1
1.2437878,3.525462,2.9520507,0.41359833,-2.4331074,-3.2836475,-3.079542,-2.3732523999999997,-0.51595044,-0.61052144,-0.37828386,1.6286557,5.0691237000000005,7.2885485,2.8724434,-0.090979666,-1.3257892,-5.0104656,-6.2746043,-5.360019,-2.906561,1.8309658,3.8570589999999996,2.379238,4.1838675,2.4821887,-0.05566519,-0.9516952,-1.9141643,-3.9223008000000004,-9.069236,-4.8901567,3.6739025,-0.5069722,-4.308366,-0.9852139999999999,2.4474726,4.206013700000001,2.3068132,0.02932897,-1.5107412,-2.284667,-4.27365,-2.7126305,-1.8680758000000002,-1.4317327,-0.8631097,1.8231846,8.291121,9.833585000000001,1
2.4821887,-0.05566519,-0.9516952,-1.9141643,-3.9223008000000004,-9.069236,-4.8901567,3.6739025,-0.5069722,-4.308366,-0.9852139999999999,2.4474726,4.206013700000001,2.3068132,0.02932897,-1.5107412,-2.284667,-4.27365,-2.7126305,-1.8680758000000002,-1.4317327,-0.8631097,1.8231846,8.291121,9.833585000000001,3.293823,-0.6123171,-3.5128925000000004,-6.241683999999999,-6.26802,-5.257068,-2.1374235,2.272696,1.3808558000000002,2.7000610000000003,4.3574470000000005,3.091513,1.9716251,0.17178397,-2.0398598000000003,-7.7614035999999995,-13.695433,1.2090718999999999,6.793547,-2.15538,-2.8413188,-0.8888474000000001,1.7256208999999998,3.1322143,0.5009867,1
3.293823,-0.6123171,-3.5128925000000004,-6.241683999999999,-6.26802,-5.257068,-2.1374235,2.272696,1.3808558000000002,2.7000610000000003,4.3574470000000005,3.091513,1.9716251,0.17178397,-2.0398598000000003,-7.7614035999999995,-13.695433,1.2090718999999999,6.793547,-2.15538,-2.8413188,-0.8888474000000001,1.7256208999999998,3.1322143,0.5009867,-1.8806453999999997,-1.3281834,-0.6392518,-1.2629413999999999,0.073023155,-0.80564886,0.0053869537,2.5737667,5.828085400000001,5.971139,0.4938041,1.6597804,-0.49799395,-4.758476,-5.9483943,-6.0920463,-4.3436804,2.2290018,3.5206735,1.9482816000000003,3.888782,2.8443117,0.3453636,-0.7721300999999999,-2.088941,1
-1.8806453999999997,-1.3281834,-0.6392518,-1.2629413999999999,0.073023155,-0.80564886,0.0053869537,2.5737667,5.828085400000001,5.971139,0.4938041,1.6597804,-0.49799395,-4.758476,-5.9483943,-6.0920463,-4.3436804,2.2290018,3.5206735,1.9482816000000003,3.888782,2.8443117,0.3453636,-0.7721300999999999,-2.088941,-5.3139305,-9.587581,-1.5358804,5.437232,-2.4139538,-3.1723173,0.7529764,5.2995653,3.560178,0.20590134,-1.917157,-2.5929205,-2.6001031,-2.308609,-0.3800795,-1.8171991000000003,-1.2970588,2.7377696,7.595605,8.330027000000001,0.4321534000000001,-0.44711718,-1.0187328000000002,-1.8052281000000003,-5.604826,1
-5.3139305,-9.587581,-1.5358804,5.437232,-2.4139538,-3.1723173,0.7529764,5.2995653,3.560178,0.20590134,-1.917157,-2.5929205,-2.6001031,-2.308609,-0.3800795,-1.8171991000000003,-1.2970588,2.7377696,7.595605,8.330027000000001,0.4321534000000001,-0.44711718,-1.0187328000000002,-1.8052281000000003,-5.604826,-5.4623713,-2.5905263,2.670732,2.2780828,2.9005754,4.924274400000001,0.85173726,-0.5009867,-1.1821371,-3.1896752999999998,-6.284180999999999,-6.411672,0.5434838000000001,4.6501384,-1.8309658,-5.0697220000000005,-1.1863270000000001,3.8163576,5.7454852999999995,2.0853498,-2.7988217,-4.2957964,-2.9131447999999995,-1.6723499,0.31663316,1
-5.4623713,-2.5905263,2.670732,2.2780828,2.9005754,4.924274400000001,0.85173726,-0.5009867,-1.1821371,-3.1896752999999998,-6.284180999999999,-6.411672,0.5434838000000001,4.6501384,-1.8309658,-5.0697220000000005,-1.1863270000000001,3.8163576,5.7454852999999995,2.0853498,-2.7988217,-4.2957964,-2.9131447999999995,-1.6723499,0.31663316,-0.53450555,-2.0380642,0.37948096,5.825691,10.21965,3.6619315,-3.2543187000000002,-3.4979286,-5.011064,-4.7931919999999995,-3.5619736000000004,-0.073621705,3.0951042,3.2597055,2.5300727000000003,3.1675289,1.5999253,-0.46986207,-1.1725603,-2.4271219,-4.332308,-9.582193,-5.499480999999999,5.3300915,-1.9183542000000002,1
-0.53450555,-2.0380642,0.37948096,5.825691,10.21965,3.6619315,-3.2543187000000002,-3.4979286,-5.011064,-4.7931919999999995,-3.5619736000000004,-0.073621705,3.0951042,3.2597055,2.5300727000000003,3.1675289,1.5999253,-0.46986207,-1.1725603,-2.4271219,-4.332308,-9.582193,-5.499480999999999,5.3300915,-1.9183542000000002,-4.569932499999999,-0.130484,4.348469000000001,6.6044054,1.3030443,-2.3020248,-4.4442368,-3.8337154000000004,-2.3427265,0.58298814,0.23044191,-0.29209262,2.1098902,5.743091000000001,7.868544,0.78769237,-1.5394716999999998,-0.8655039000000001,-4.465186,-4.2371383,-4.7536874000000005,-2.5318682,3.6343982000000006,4.1479545,2.2631192,1
-4.569932499999999,-0.130484,4.348469000000001,6.6044054,1.3030443,-2.3020248,-4.4442368,-3.8337154000000004,-2.3427265,0.58298814,0.23044191,-0.29209262,2.1098902,5.743091000000001,7.868544,0.78769237,-1.5394716999999998,-0.8655039000000001,-4.465186,-4.2371383,-4.7536874000000005,-2.5318682,3.6343982000000006,4.1479545,2.2631192,2.7569232000000006,1.9153613999999999,-0.12868834,-1.1252748,-1.9351135,-7.305308,-8.959702,3.1238346000000003,3.7499184999999997,-3.560178,-3.9797617999999995,-0.110731825,2.984971,2.2080526000000003,0.43754035,-1.4885948999999998,-0.46387658,-0.9911995000000001,-1.0684125,-0.15741876,-1.3521253999999998,-1.6777369,1.7705121,6.6893997,7.723096400000001,1
2.7569232000000006,1.9153613999999999,-0.12868834,-1.1252748,-1.9351135,-7.305308,-8.959702,3.1238346000000003,3.7499184999999997,-3.560178,-3.9797617999999995,-0.110731825,2.984971,2.2080526000000003,0.43754035,-1.4885948999999998,-0.46387658,-0.9911995000000001,-1.0684125,-0.15741876,-1.3521253999999998,-1.6777369,1.7705121,6.6893997,7.723096400000001,3.3524809999999996,-4.187459,-0.49081135,-0.6398504,-3.2237926,-5.592855,-5.064934,-1.1091138999999999,3.2154129,3.3740287,3.9109285000000003,3.2920272000000006,0.7553706,-1.0432734000000001,-1.7022773999999998,-1.8070238,-5.8484364,-4.8901567,1.4736311000000002,-1.5412674,-4.0653543,-1.9997569,2.3942018,3.8857894,1.1809399999999999,1
3.3524809999999996,-4.187459,-0.49081135,-0.6398504,-3.2237926,-5.592855,-5.064934,-1.1091138999999999,3.2154129,3.3740287,3.9109285000000003,3.2920272000000006,0.7553706,-1.0432734000000001,-1.7022773999999998,-1.8070238,-5.8484364,-4.8901567,1.4736311000000002,-1.5412674,-4.0653543,-1.9997569,2.3942018,3.8857894,1.1809399999999999,-1.6998832,-3.627814,-3.3303347000000003,-1.8567034,-0.45429978,0.44472298,-0.688333,0.12749124,3.6918589999999996,8.037335,5.216367,-2.3229742,-1.7022773999999998,-0.3453636,-1.1079168,-2.333748,-4.2521024,-2.0614076,1.9512744,-0.15502456,1.0636241000000002,3.4392707000000002,2.510919,2.3517046,0.79607207,1
-1.6998832,-3.627814,-3.3303347000000003,-1.8567034,-0.45429978,0.44472298,-0.688333,0.12749124,3.6918589999999996,8.037335,5.216367,-2.3229742,-1.7022773999999998,-0.3453636,-1.1079168,-2.333748,-4.2521024,-2.0614076,1.9512744,-0.15502456,1.0636241000000002,3.4392707000000002,2.510919,2.3517046,0.79607207,-2.0979192,-7.771578999999999,-15.988479000000002,4.144362999999999,8.030152000000001,-3.176507,-3.6302083,-0.37289690000000003,2.617461,3.6828809000000002,0.49021279999999995,-2.967613,-3.2076318,-3.1124623,-0.9139864999999999,1.3916297,1.0636241000000002,1.4347253999999998,2.7299886000000004,4.968567,2.4588451,-1.8626889,2.0434509999999997,0.9756372,-2.5971102999999998,1
-2.0979192,-7.771578999999999,-15.988479000000002,4.144362999999999,8.030152000000001,-3.176507,-3.6302083,-0.37289690000000003,2.617461,3.6828809000000002,0.49021279999999995,-2.967613,-3.2076318,-3.1124623,-0.9139864999999999,1.3916297,1.0636241000000002,1.4347253999999998,2.7299886000000004,4.968567,2.4588451,-1.8626889,2.0434509999999997,0.9756372,-2.5971102999999998,-5.1080294,-5.0038815,-3.2291796,2.5348610000000003,4.4556093,1.2216414,2.5785553,2.1721394,-0.14844051,-0.21428105,-1.5089456,-2.735974,-9.193136,-3.1465794999999996,0.2861071,-2.2930467,-2.516306,1.7459716,3.5326445,1.1629834,-0.39085343,-2.8072014,-2.5725696,-2.178125,-0.9355343,1
-5.1080294,-5.0038815,-3.2291796,2.5348610000000003,4.4556093,1.2216414,2.5785553,2.1721394,-0.14844051,-0.21428105,-1.5089456,-2.735974,-9.193136,-3.1465794999999996,0.2861071,-2.2930467,-2.516306,1.7459716,3.5326445,1.1629834,-0.39085343,-2.8072014,-2.5725696,-2.178125,-0.9355343,-0.12928689,-0.96785605,-0.40940848,2.3882163,6.283582,7.7368627000000005,-1.1683705,-0.48961425,-1.3521253999999998,-2.9203273999999997,-4.6154222,-6.0758852999999995,-4.427477400000001,1.8710686,4.324527,1.5729905,3.5242648,2.1589713,0.6895300999999999,-0.095768064,-2.0171148999999997,-3.9468415,-6.9862804,-2.309806,1.0151415000000001,1
-0.12928689,-0.96785605,-0.40940848,2.3882163,6.283582,7.7368627000000005,-1.1683705,-0.48961425,-1.3521253999999998,-2.9203273999999997,-4.6154222,-6.0758852999999995,-4.427477400000001,1.8710686,4.324527,1.5729905,3.5242648,2.1589713,0.6895300999999999,-0.095768064,-2.0171148999999997,-3.9468415,-6.9862804,-2.309806,1.0151415000000001,-2.4732103,-1.6771383000000002,2.2182279,4.672883000000001,2.8904,-0.34356794,-2.8431146000000003,-3.1238346000000003,-2.7425580000000003,-2.087744,-0.7787141,-1.0043676,0.13168110000000002,2.3930047,6.1632739999999995,9.022549,2.3169887000000005,-1.0319009,-4.2371383,-5.893926,-5.3384714,-5.579687,-1.8495207999999999,4.453215,2.5462333999999998,1
-2.4732103,-1.6771383000000002,2.2182279,4.672883000000001,2.8904,-0.34356794,-2.8431146000000003,-3.1238346000000003,-2.7425580000000003,-2.087744,-0.7787141,-1.0043676,0.13168110000000002,2.3930047,6.1632739999999995,9.022549,2.3169887000000005,-1.0319009,-4.2371383,-5.893926,-5.3384714,-5.579687,-1.8495207999999999,4.453215,2.5462333999999998,1.5107412,4.648941000000001,1.4077905000000002,0.110133275,-0.7733272,-4.305373,-6.933009599999999,-6.1489085999999995,-0.23882163,1.9758148999999998,-4.3837833,-2.6114755,1.7310078000000002,5.2983685,2.5755625,-0.6422445999999999,-3.0538042,-2.5737667,-2.3223755,-1.7603368000000001,-0.19692309,-1.2258313,-0.5255273,2.2583307999999995,5.561132,1
1.5107412,4.648941000000001,1.4077905000000002,0.110133275,-0.7733272,-4.305373,-6.933009599999999,-6.1489085999999995,-0.23882163,1.9758148999999998,-4.3837833,-2.6114755,1.7310078000000002,5.2983685,2.5755625,-0.6422445999999999,-3.0538042,-2.5737667,-2.3223755,-1.7603368000000001,-0.19692309,-1.2258313,-0.5255273,2.2583307999999995,5.561132,7.2059484,1.6466121999999999,0.32321724,-1.9063831999999998,-5.2558713,-5.7466826,-4.4538136,0.51954174,3.675698,0.9816226999999998,1.9626468000000001,3.4500446000000005,1.3425486,0.15861586,-0.6362591,-2.5067291000000003,-3.9827545,-7.706336500000001,-5.1205989999999995,1.8764555,-0.587178,-1.4748282,2.1350293,4.2754455,2.1057005,1
7.2059484,1.6466121999999999,0.32321724,-1.9063831999999998,-5.2558713,-5.7466826,-4.4538136,0.51954174,3.675698,0.9816226999999998,1.9626468000000001,3.4500446000000005,1.3425486,0.15861586,-0.6362591,-2.5067291000000003,-3.9827545,-7.706336500000001,-5.1205989999999995,1.8764555,-0.587178,-1.4748282,2.1350293,4.2754455,2.1057005,-1.3670892,-3.0023289,-2.1697452,-1.3198037,-0.5518635000000001,-0.13168110000000002,-0.093972415,0.22026655,1.6017209,6.5212069999999995,9.216479,2.3864205000000003,-0.26396075,-2.9394810000000002,-4.7560816,-1.1982979999999999,-10.983999,-12.702437,-10.437522,8.061875,2.1529857999999997,-2.0626047,0.3788824,2.0386627,2.2756886,1
-1.3670892,-3.0023289,-2.1697452,-1.3198037,-0.5518635000000001,-0.13168110000000002,-0.093972415,0.22026655,1.6017209,6.5212069999999995,9.216479,2.3864205000000003,-0.26396075,-2.9394810000000002,-4.7560816,-1.1982979999999999,-10.983999,-12.702437,-10.437522,8.061875,2.1529857999999997,-2.0626047,0.3788824,2.0386627,2.2756886,-1.1037270000000001,-2.9801826,-5.6341553,-4.776432499999999,-0.5033809,2.858677,2.0416555,2.4648306,4.451419400000001,9.919775999999999,0.17537527,-1.8872293999999998,-3.8618474000000003,-1.7806876,-3.453636,-1.9997569,-1.8884265,-0.4333505,2.5133132999999996,6.7791820000000005,6.4086795,0.7188591,-3.0502129,-3.5679589999999997,-3.1489737,1
-1.1037270000000001,-2.9801826,-5.6341553,-4.776432499999999,-0.5033809,2.858677,2.0416555,2.4648306,4.451419400000001,9.919775999999999,0.17537527,-1.8872293999999998,-3.8618474000000003,-1.7806876,-3.453636,-1.9997569,-1.8884265,-0.4333505,2.5133132999999996,6.7791820000000005,6.4086795,0.7188591,-3.0502129,-3.5679589999999997,-3.1489737,-2.878429,-9.876082,-6.2668230000000005,6.7516490000000005,0.99419224,-2.259528,1.1426326999999998,2.5504234,3.494936,1.5424645000000001,-0.760159,-3.5984852,-4.295198,-1.8734628,-1.1192893,-0.81402856,-0.7386111999999999,4.642956,6.4828997,4.1575313,0.53570265,-1.7968484,-5.6856303,-6.829460000000001,-6.2093620000000005,1
-2.878429,-9.876082,-6.2668230000000005,6.7516490000000005,0.99419224,-2.259528,1.1426326999999998,2.5504234,3.494936,1.5424645000000001,-0.760159,-3.5984852,-4.295198,-1.8734628,-1.1192893,-0.81402856,-0.7386111999999999,4.642956,6.4828997,4.1575313,0.53570265,-1.7968484,-5.6856303,-6.829460000000001,-6.2093620000000005,-1.6466121999999999,2.6420016,3.74094,5.825691,3.1040826,0.52133745,-0.42377370000000003,-2.1637597,-5.2121773000000005,-10.024523,-5.6664767,4.8123455,-0.17717093,-0.60573304,2.8185740000000004,5.9807158,3.6523547,0.14784196,-2.4636335,-3.946243,-6.476914,-3.3961751000000002,-1.0181341999999998,-1.2946646000000002,0.013766658999999999,1
-1.6466121999999999,2.6420016,3.74094,5.825691,3.1040826,0.52133745,-0.42377370000000003,-2.1637597,-5.2121773000000005,-10.024523,-5.6664767,4.8123455,-0.17717093,-0.60573304,2.8185740000000004,5.9807158,3.6523547,0.14784196,-2.4636335,-3.946243,-6.476914,-3.3961751000000002,-1.0181341999999998,-1.2946646000000002,0.013766658999999999,3.425504,8.285135,5.434838,-2.6013002,-0.7613561,-0.30585927,-5.1702785,-6.9425864,-4.4406457,-1.3431472,2.2146366000000004,4.4023385,7.8673470000000005,2.7515364,-1.0773908,-2.1631612999999996,-1.780089,-4.0204629999999995,-8.403049000000001,-8.14687,2.3104044999999998,6.0010667,-1.4676456,-0.26635495,1.513734,1
3.425504,8.285135,5.434838,-2.6013002,-0.7613561,-0.30585927,-5.1702785,-6.9425864,-4.4406457,-1.3431472,2.2146366000000004,4.4023385,7.8673470000000005,2.7515364,-1.0773908,-2.1631612999999996,-1.780089,-4.0204629999999995,-8.403049000000001,-8.14687,2.3104044999999998,6.0010667,-1.4676456,-0.26635495,1.513734,1.3886370000000001,-0.073023155,-1.4754268,-3.2842462,-3.5356373999999997,-0.5967548,0.40641573,-0.6488286999999999,-2.6114755,0.3633201,6.4900823,10.498574000000001,3.7702692000000004,-2.8939912,-3.128623,-4.4125137,-6.0704985,-5.231331,-1.9315223000000001,0.6392518,1.9327193,5.429451,5.302558400000001,2.6491842,-0.15502456,1
1.3886370000000001,-0.073023155,-1.4754268,-3.2842462,-3.5356373999999997,-0.5967548,0.40641573,-0.6488286999999999,-2.6114755,0.3633201,6.4900823,10.498574000000001,3.7702692000000004,-2.8939912,-3.128623,-4.4125137,-6.0704985,-5.231331,-1.9315223000000001,0.6392518,1.9327193,5.429451,5.302558400000001,2.6491842,-0.15502456,-1.2114661,-4.295198,-5.932832,-4.666898000000001,3.8911762000000003,1.1007341999999998,-6.870760400000001,-3.1399956,2.2637177000000004,5.755661,3.2716765,1.2557588,-0.61890113,-3.5727474999999997,-5.7125654,-4.8255134,-2.5971102999999998,-0.6302736,2.8520927000000005,5.4539914000000005,7.062895,2.698864,0.22864626,-0.90859956,-5.333683000000001,1
-1.2114661,-4.295198,-5.932832,-4.666898000000001,3.8911762000000003,1.1007341999999998,-6.870760400000001,-3.1399956,2.2637177000000004,5.755661,3.2716765,1.2557588,-0.61890113,-3.5727474999999997,-5.7125654,-4.8255134,-2.5971102999999998,-0.6302736,2.8520927000000005,5.4539914000000005,7.062895,2.698864,0.22864626,-0.90859956,-5.333683000000001,-7.877522,-5.593454,-0.6931214,4.256292,6.3344593,9.34397,3.4410665000000003,-2.2864625,-4.2963949999999995,-5.353435,-6.684012400000001,-10.5704,-4.7405194999999996,7.6907744000000005,2.355296,-6.0130377,-1.7806876,1.6418238,4.777031,3.6625300000000003,-0.28012159999999997,-2.9107506,-4.4113164000000005,-3.007716,-0.44173019999999996,1
-7.877522,-5.593454,-0.6931214,4.256292,6.3344593,9.34397,3.4410665000000003,-2.2864625,-4.2963949999999995,-5.353435,-6.684012400000001,-10.5704,-4.7405194999999996,7.6907744000000005,2.355296,-6.0130377,-1.7806876,1.6418238,4.777031,3.6625300000000003,-0.28012159999999997,-2.9107506,-4.4113164000000005,-3.007716,-0.44173019999999996,-1.4305356000000002,-1.5077485000000002,1.4089876000000001,7.330447,11.962628,1.7812861,-1.2180501,-3.151368,-5.6802435,-6.225523,-2.3241713,0.27174190000000004,1.6077063999999999,2.094328,5.6802435,3.0262709,-1.2659341,-2.3762453,-2.5480292,-4.5340195,-8.400655,-6.0639142999999995,3.9378633,1.2862848,-6.5511346,1
-1.4305356000000002,-1.5077485000000002,1.4089876000000001,7.330447,11.962628,1.7812861,-1.2180501,-3.151368,-5.6802435,-6.225523,-2.3241713,0.27174190000000004,1.6077063999999999,2.094328,5.6802435,3.0262709,-1.2659341,-2.3762453,-2.5480292,-4.5340195,-8.400655,-6.0639142999999995,3.9378633,1.2862848,-6.5511346,-0.3561375,3.4805707999999997,4.6058455,2.4851813,0.16579847,-2.2140381000000002,-5.6461263,-3.7415388,-1.3491327,-0.7020996,-1.4095862,1.2192471999999999,3.6487634,9.416395,13.598467000000001,-4.635174299999999,-4.338293599999999,-2.5121162,-3.6888663999999998,-6.311714,-2.8778305,1.0893618,4.028843,6.305729,5.233725,1
-0.3561375,3.4805707999999997,4.6058455,2.4851813,0.16579847,-2.2140381000000002,-5.6461263,-3.7415388,-1.3491327,-0.7020996,-1.4095862,1.2192471999999999,3.6487634,9.416395,13.598467000000001,-4.635174299999999,-4.338293599999999,-2.5121162,-3.6888663999999998,-6.311714,-2.8778305,1.0893618,4.028843,6.305729,5.233725,0.046686932,-1.8393455,-1.8393455,-3.2082303,-9.621099000000001,-10.78528,7.776367,9.054273,-1.4652513999999999,-2.0123265,0.79248077,1.5855601000000001,0.50158525,-2.0925324,-3.6361937999999996,-3.3746273999999996,-3.9354692000000004,-0.7811083000000001,0.9540894,0.60453594,1.483208,7.691373,14.649522,1.1139023000000001,-7.589619,1
0.046686932,-1.8393455,-1.8393455,-3.2082303,-9.621099000000001,-10.78528,7.776367,9.054273,-1.4652513999999999,-2.0123265,0.79248077,1.5855601000000001,0.50158525,-2.0925324,-3.6361937999999996,-3.3746273999999996,-3.9354692000000004,-0.7811083000000001,0.9540894,0.60453594,1.483208,7.691373,14.649522,1.1139023000000001,-7.589619,-6.9826894,-3.4674027,-3.3584663999999997,-2.5246856,0.87807345,2.8862102000000003,2.9706059,6.585850200000001,4.6202106,0.20829555,-1.7363948,-1.5765818,-3.1932666000000003,-8.941745,-14.715363,3.028665,8.119935,0.26874915,1.0618285,1.2946646000000002,1.2880806,-0.52133745,-3.5859156000000003,-4.607641,-3.6870705999999998,1
-6.9826894,-3.4674027,-3.3584663999999997,-2.5246856,0.87807345,2.8862102000000003,2.9706059,6.585850200000001,4.6202106,0.20829555,-1.7363948,-1.5765818,-3.1932666000000003,-8.941745,-14.715363,3.028665,8.119935,0.26874915,1.0618285,1.2946646000000002,1.2880806,-0.52133745,-3.5859156000000003,-4.607641,-3.6870705999999998,-1.8333599999999999,0.39264908,0.50517654,-2.2272062000000004,1.489792,6.3326635,9.607930999999999,2.879626,-0.45250413,-2.0296845,-4.317344,-5.785588300000001,-3.7630866000000003,-0.24720132,2.079364,3.5565867,5.3923407,1.9207484000000001,-1.2144588,-2.1733365,-1.6472107,-3.6409822,-7.180211,-0.51355624,6.877942999999999,1
-1.8333599999999999,0.39264908,0.50517654,-2.2272062000000004,1.489792,6.3326635,9.607930999999999,2.879626,-0.45250413,-2.0296845,-4.317344,-5.785588300000001,-3.7630866000000003,-0.24720132,2.079364,3.5565867,5.3923407,1.9207484000000001,-1.2144588,-2.1733365,-1.6472107,-3.6409822,-7.180211,-0.51355624,6.877942999999999,-2.1883004,-5.109825,-2.6767175,0.46387658,1.1156979999999999,0.49919105,-0.20231004,-1.0283096,-3.0148985,-1.30484,-0.46986207,-2.2296004000000003,-0.6853402,2.4289176,6.817489,5.133168,-2.3816319999999997,1.3551182,0.1945289,-2.3116016,-4.0438066,-2.842516,-1.436521,0.40880993,1.4341268999999999,1
-2.1883004,-5.109825,-2.6767175,0.46387658,1.1156979999999999,0.49919105,-0.20231004,-1.0283096,-3.0148985,-1.30484,-0.46986207,-2.2296004000000003,-0.6853402,2.4289176,6.817489,5.133168,-2.3816319999999997,1.3551182,0.1945289,-2.3116016,-4.0438066,-2.842516,-1.436521,0.40880993,1.4341268999999999,3.221997,5.085883,2.1763293999999997,0.83258367,0.10594343,-3.6343982000000006,-9.005191,-15.4880905,3.8277300000000003,7.490858599999999,-2.255338,-2.2080526000000003,1.216853,2.7455509,0.35075054,-1.6214731000000002,-1.3251906999999998,-2.9753942,-0.79846627,1.2330139,0.22744916,-3.1543607999999996,-1.0863690000000001,5.5743003,6.349423000000001,1
3.221997,5.085883,2.1763293999999997,0.83258367,0.10594343,-3.6343982000000006,-9.005191,-15.4880905,3.8277300000000003,7.490858599999999,-2.255338,-2.2080526000000003,1.216853,2.7455509,0.35075054,-1.6214731000000002,-1.3251906999999998,-2.9753942,-0.79846627,1.2330139,0.22744916,-3.1543607999999996,-1.0863690000000001,5.5743003,6.349423000000001,7.4268136,-2.8790276,-0.4321534000000001,-1.0887632,-6.0208187,-7.937377000000001,-4.258686,0.87807345,3.4871547,3.9444472999999998,5.895123,2.8185740000000004,-0.24001873,-2.0272903,-3.5553896000000003,-6.7109475000000005,-2.4145525,1.8435352999999999,-1.6849195,-2.8233624,1.4395138,3.1004913,4.1479545,1.2000936000000002,-2.3373394,1
7.4268136,-2.8790276,-0.4321534000000001,-1.0887632,-6.0208187,-7.937377000000001,-4.258686,0.87807345,3.4871547,3.9444472999999998,5.895123,2.8185740000000004,-0.24001873,-2.0272903,-3.5553896000000003,-6.7109475000000005,-2.4145525,1.8435352999999999,-1.6849195,-2.8233624,1.4395138,3.1004913,4.1479545,1.2000936000000002,-2.3373394,-4.548983,-5.7616463,-4.559757,-1.1935096,-0.14425065,-1.5831659,1.1055226,8.65863,11.419145,4.405330999999999,-1.7262194,-3.020884,-4.370615,-4.1252093,-4.594473000000001,-2.4714148,1.6376339,3.0753522,4.1024647000000005,6.9767036,2.3517046,-0.9463082,-1.8686744,-1.3174095,-3.9228995,1
-4.548983,-5.7616463,-4.559757,-1.1935096,-0.14425065,-1.5831659,1.1055226,8.65863,11.419145,4.405330999999999,-1.7262194,-3.020884,-4.370615,-4.1252093,-4.594473000000001,-2.4714148,1.6376339,3.0753522,4.1024647000000005,6.9767036,2.3517046,-0.9463082,-1.8686744,-1.3174095,-3.9228995,-9.519944,-9.964069,9.89344,11.905168,-6.1644707,-4.6519337,-1.8189948,2.2260091,1.7100586,-0.7757214,-2.8101943,-6.1650696,-4.2993879999999995,-0.3800795,1.3748703000000002,0.19692309,2.759916,8.549096,11.197681,4.447828299999999,-6.2662244000000005,-3.6290112,-0.073621705,-2.3211784,-2.7772740000000002,1
-9.519944,-9.964069,9.89344,11.905168,-6.1644707,-4.6519337,-1.8189948,2.2260091,1.7100586,-0.7757214,-2.8101943,-6.1650696,-4.2993879999999995,-0.3800795,1.3748703000000002,0.19692309,2.759916,8.549096,11.197681,4.447828299999999,-6.2662244000000005,-3.6290112,-0.073621705,-2.3211784,-2.7772740000000002,-1.42455,0.065242,1.0965444,2.7832594,5.7921724,2.0799627,-0.40462008,-0.8499416,-0.3705027,-3.228581,-8.729858,-11.950059,7.698555499999999,9.68275,-5.758055000000001,-4.973954,-3.3153707999999997,2.5474305,1.5969325,0.6961141,-0.6775591,-2.2080526000000003,-3.0358477,-2.2936451,-3.2848446000000004,1
-1.42455,0.065242,1.0965444,2.7832594,5.7921724,2.0799627,-0.40462008,-0.8499416,-0.3705027,-3.228581,-8.729858,-11.950059,7.698555499999999,9.68275,-5.758055000000001,-4.973954,-3.3153707999999997,2.5474305,1.5969325,0.6961141,-0.6775591,-2.2080526000000003,-3.0358477,-2.2936451,-3.2848446000000004,-3.3405099999999996,2.475006,9.903615,11.487978,0.65780693,-0.997185,-3.1753099999999996,-4.847659999999999,-4.7638625999999995,-5.0493712,-1.0941502,3.3889925,3.2992098,2.9364884,5.0104656,1.0271125,-1.8357542000000002,-2.5037365,-4.1904516,-10.109517,-10.887632,7.107187700000001,10.544064500000001,-1.6897078999999997,-0.9660603999999999,1
-3.3405099999999996,2.475006,9.903615,11.487978,0.65780693,-0.997185,-3.1753099999999996,-4.847659999999999,-4.7638625999999995,-5.0493712,-1.0941502,3.3889925,3.2992098,2.9364884,5.0104656,1.0271125,-1.8357542000000002,-2.5037365,-4.1904516,-10.109517,-10.887632,7.107187700000001,10.544064500000001,-1.6897078999999997,-0.9660603999999999,2.9430726000000003,3.151368,0.5805939,-3.0029275,-3.954024,-1.7238252,-0.29568392,0.521936,0.051475335,-1.6669630000000002,-0.93373865,2.7820622999999998,10.642225999999999,10.038289,-4.115632499999999,-6.911461999999999,-2.0027497,-1.6717514,-3.0220811000000003,-2.5133132999999996,0.700304,2.0769699,2.7389667,3.840898,3.669114,1
2.9430726000000003,3.151368,0.5805939,-3.0029275,-3.954024,-1.7238252,-0.29568392,0.521936,0.051475335,-1.6669630000000002,-0.93373865,2.7820622999999998,10.642225999999999,10.038289,-4.115632499999999,-6.911461999999999,-2.0027497,-1.6717514,-3.0220811000000003,-2.5133132999999996,0.700304,2.0769699,2.7389667,3.840898,3.669114,-0.79128367,-2.5031377999999997,-2.3008277,-1.9632453999999997,-2.48159,-4.9440265,-8.50181,4.4089220000000005,5.4970870000000005,-7.0455369999999995,-5.305551,-2.1493945,3.74513,3.9264907999999994,1.1641805,-0.43993455,-2.2349873,-1.5233108,-1.316811,-1.929128,-2.3660697999999996,1.1001357,7.227496,10.101735000000001,1.4987701999999998,1
-0.79128367,-2.5031377999999997,-2.3008277,-1.9632453999999997,-2.48159,-4.9440265,-8.50181,4.4089220000000005,5.4970870000000005,-7.0455369999999995,-5.305551,-2.1493945,3.74513,3.9264907999999994,1.1641805,-0.43993455,-2.2349873,-1.5233108,-1.316811,-1.929128,-2.3660697999999996,1.1001357,7.227496,10.101735000000001,1.4987701999999998,1.2114661,-0.44532153,-1.6687585999999999,-2.8089972000000003,-3.9522285000000004,-1.6837223999999997,-0.08499416,1.8351556,2.0368671000000003,4.2922053,1.7304093,-1.5921441,-2.2433669999999997,-1.9225439999999998,-2.5330652999999996,-9.662998,-8.445546,9.098564999999999,3.8385038000000002,-2.1266496,-1.3180081,1.9776106,2.308609,0.78769237,-0.62368953,1
1.2114661,-0.44532153,-1.6687585999999999,-2.8089972000000003,-3.9522285000000004,-1.6837223999999997,-0.08499416,1.8351556,2.0368671000000003,4.2922053,1.7304093,-1.5921441,-2.2433669999999997,-1.9225439999999998,-2.5330652999999996,-9.662998,-8.445546,9.098564999999999,3.8385038000000002,-2.1266496,-1.3180081,1.9776106,2.308609,0.78769237,-0.62368953,-0.5722142,-1.6932991999999998,-1.5173253,-1.3742718,-1.2006921999999998,-2.429516,1.2749124,6.0998273,8.950723,5.85921,-4.174889,-1.4664485,-1.4000093999999998,-2.5228900000000003,-4.0916904999999995,-4.161721,0.32501290000000005,3.6948519,2.8766334,4.9972973,1.4778209999999998,-1.0468647,-1.869273,-2.5761611,-5.290587400000001,1
-0.5722142,-1.6932991999999998,-1.5173253,-1.3742718,-1.2006921999999998,-2.429516,1.2749124,6.0998273,8.950723,5.85921,-4.174889,-1.4664485,-1.4000093999999998,-2.5228900000000003,-4.0916904999999995,-4.161721,0.32501290000000005,3.6948519,2.8766334,4.9972973,1.4778209999999998,-1.0468647,-1.869273,-2.5761611,-5.290587400000001,-9.870096,2.7988217,9.010578,-2.7874494,-4.537611,-2.2517467,1.644218,2.3199813,1.6549919999999998,-0.64463884,-1.0480618,-2.6886885,-1.8154035,-1.3108255,-1.9722236000000002,-1.5382746,2.842516,5.8322754,7.211933999999999,1.5795746000000002,1.2030864,-2.1146786,-4.466982,-5.4114943,-5.027823400000001,1
-9.870096,2.7988217,9.010578,-2.7874494,-4.537611,-2.2517467,1.644218,2.3199813,1.6549919999999998,-0.64463884,-1.0480618,-2.6886885,-1.8154035,-1.3108255,-1.9722236000000002,-1.5382746,2.842516,5.8322754,7.211933999999999,1.5795746000000002,1.2030864,-2.1146786,-4.466982,-5.4114943,-5.027823400000001,-1.1055226,3.4919431000000003,3.3494883,4.3305125,6.2967505,1.8028339,-0.95349085,-2.4061728,-4.75668,-10.885238000000001,-7.180211,5.8179099999999995,3.0424318,-1.7549498,-0.019153614,2.9394810000000002,2.9670146,-0.16639702,-2.5528176,-4.2413282,-4.662708,-2.6390088,0.3298013,0.78888947,0.17956513,1
-1.1055226,3.4919431000000003,3.3494883,4.3305125,6.2967505,1.8028339,-0.95349085,-2.4061728,-4.75668,-10.885238000000001,-7.180211,5.8179099999999995,3.0424318,-1.7549498,-0.019153614,2.9394810000000002,2.9670146,-0.16639702,-2.5528176,-4.2413282,-4.662708,-2.6390088,0.3298013,0.78888947,0.17956513,2.621651,5.604826,7.1065892999999996,3.5721489999999996,-4.3167458,-1.0516531,-0.79008657,-3.1441852999999997,-3.9366663,-3.3704373999999997,-0.59376204,2.2655133999999997,2.7036523999999997,5.4342394,4.7327379999999994,0.6877344,-1.3874398000000001,-2.9538465,-4.8901567,-10.796054,-9.575011,7.577648,5.354632,-2.566584,-0.39863458,1
2.621651,5.604826,7.1065892999999996,3.5721489999999996,-4.3167458,-1.0516531,-0.79008657,-3.1441852999999997,-3.9366663,-3.3704373999999997,-0.59376204,2.2655133999999997,2.7036523999999997,5.4342394,4.7327379999999994,0.6877344,-1.3874398000000001,-2.9538465,-4.8901567,-10.796054,-9.575011,7.577648,5.354632,-2.566584,-0.39863458,2.6647465,3.8349125,1.4514848,-0.78170687,-1.2138603000000001,-2.5959132,-3.645172,-2.0213048,-1.774702,-2.3666685000000003,0.9995792,6.8013287,9.801862,3.9624038,-0.9475053,-1.7938557000000002,-4.447828299999999,-5.067328,-4.1946416,-3.2064347,0.6254852,3.8618474000000003,3.8618474000000003,6.0740894999999995,3.803788,1
2.6647465,3.8349125,1.4514848,-0.78170687,-1.2138603000000001,-2.5959132,-3.645172,-2.0213048,-1.774702,-2.3666685000000003,0.9995792,6.8013287,9.801862,3.9624038,-0.9475053,-1.7938557000000002,-4.447828299999999,-5.067328,-4.1946416,-3.2064347,0.6254852,3.8618474000000003,3.8618474000000003,6.0740894999999995,3.803788,0.6787562,-0.85173726,-1.2066777,-3.726575,-8.824428999999999,-11.019912,7.826047,6.2362967000000005,-4.240131400000001,-3.7223851999999997,-0.16639702,2.0626047,2.2547395,0.10654198,-1.0115502,-2.8616695,-3.4805707999999997,-1.4622587,-0.83856916,-0.44173019999999996,2.4061728,6.789956,5.6628857,0.29328972,-0.29807812,1
0.6787562,-0.85173726,-1.2066777,-3.726575,-8.824428999999999,-11.019912,7.826047,6.2362967000000005,-4.240131400000001,-3.7223851999999997,-0.16639702,2.0626047,2.2547395,0.10654198,-1.0115502,-2.8616695,-3.4805707999999997,-1.4622587,-0.83856916,-0.44173019999999996,2.4061728,6.789956,5.6628857,0.29328972,-0.29807812,-0.6985083000000001,-1.5382746,-3.515885,-5.2385135,-4.31495,-0.4369418,3.435081,4.4544125,5.803545,3.153762,-0.27892449999999996,-1.6334441000000002,-1.7579426,-3.4476504,-7.7105265,-4.421492,3.4967315,-1.1893197,-3.1681272999999996,-1.5388732,2.0638018,2.556409,1.1611878,-1.1198878,-2.404377,1
-0.6985083000000001,-1.5382746,-3.515885,-5.2385135,-4.31495,-0.4369418,3.435081,4.4544125,5.803545,3.153762,-0.27892449999999996,-1.6334441000000002,-1.7579426,-3.4476504,-7.7105265,-4.421492,3.4967315,-1.1893197,-3.1681272999999996,-1.5388732,2.0638018,2.556409,1.1611878,-1.1198878,-2.404377,-3.0364463,-2.223615,-1.644218,-1.5532384,-0.23882163,4.5962687,9.7958765,4.2862196,-1.1941081,-3.067571,-3.4877534,-4.882375700000001,-5.0613421999999995,-3.3901896000000002,0.46746787,4.3813889999999995,3.7732617999999993,5.758055000000001,4.657321,0.45370123,-1.4939818,-1.7250223000000002,-4.5298295,-9.111733000000001,-7.781753999999999,1
-3.0364463,-2.223615,-1.644218,-1.5532384,-0.23882163,4.5962687,9.7958765,4.2862196,-1.1941081,-3.067571,-3.4877534,-4.882375700000001,-5.0613421999999995,-3.3901896000000002,0.46746787,4.3813889999999995,3.7732617999999993,5.758055000000001,4.657321,0.45370123,-1.4939818,-1.7250223000000002,-4.5298295,-9.111733000000001,-7.781753999999999,5.507861,6.2021794,-7.769184599999999,-6.4026937,-1.9644424999999999,2.9460652,2.8508956000000003,1.6118963,-0.93732995,-2.1721394,-2.331354,-0.40162733,0.272939,-2.0027497,0.3561375,5.0577510000000006,10.419566,3.8319199999999998,-4.497508,-3.5643678,-0.7290344,-2.112883,-4.024653,-4.091092,-1.1563994,1
5.507861,6.2021794,-7.769184599999999,-6.4026937,-1.9644424999999999,2.9460652,2.8508956000000003,1.6118963,-0.93732995,-2.1721394,-2.331354,-0.40162733,0.272939,-2.0027497,0.3561375,5.0577510000000006,10.419566,3.8319199999999998,-4.497508,-3.5643678,-0.7290344,-2.112883,-4.024653,-4.091092,-1.1563994,1.3395559,1.7854759999999998,4.4687777,4.610035400000001,1.3706805,-1.146224,-1.7848773999999998,-3.2878375,-9.324219,-5.533599,6.731298,-0.7918821999999999,-3.301604,0.37529109999999993,3.1124623,1.1031284,-0.4309563,-2.9400797,-2.4468741,-3.1681272999999996,-2.6599581000000003,-0.76195467,0.5710170999999999,0.6733691999999999,3.7828386,1
1.3395559,1.7854759999999998,4.4687777,4.610035400000001,1.3706805,-1.146224,-1.7848773999999998,-3.2878375,-9.324219,-5.533599,6.731298,-0.7918821999999999,-3.301604,0.37529109999999993,3.1124623,1.1031284,-0.4309563,-2.9400797,-2.4468741,-3.1681272999999996,-2.6599581000000003,-0.76195467,0.5710170999999999,0.6733691999999999,3.7828386,7.24665,6.1764417,-0.049081136,-1.163582,-2.6922797999999997,-2.1362264,-2.5330652999999996,-3.3632547999999995,-0.8283938,2.9520507,1.8058267,4.3167458,5.3618144999999995,0.8158241999999999,-0.59615624,-1.9219455,-3.5206735,-9.409213000000001,-6.7348895,7.1826053,1.5328877,-4.247314,-2.4678235,0.7182605,2.8179752999999996,1
7.24665,6.1764417,-0.049081136,-1.163582,-2.6922797999999997,-2.1362264,-2.5330652999999996,-3.3632547999999995,-0.8283938,2.9520507,1.8058267,4.3167458,5.3618144999999995,0.8158241999999999,-0.59615624,-1.9219455,-3.5206735,-9.409213000000001,-6.7348895,7.1826053,1.5328877,-4.247314,-2.4678235,0.7182605,2.8179752999999996,1.2348095,-0.96546185,-1.8321629000000001,-2.4654293,-2.5043349999999998,-0.89184016,-0.6607997,-1.1115081,2.469619,8.154651,7.157466,-0.46208093,-0.741604,-0.006584055,-3.4189199999999995,-4.8979383,-4.981735,-2.5318682,1.3724761,1.2066777,3.4853592000000004,7.4950485,2.6258407000000004,0.4285621,-0.7380127,1
1.2348095,-0.96546185,-1.8321629000000001,-2.4654293,-2.5043349999999998,-0.89184016,-0.6607997,-1.1115081,2.469619,8.154651,7.157466,-0.46208093,-0.741604,-0.006584055,-3.4189199999999995,-4.8979383,-4.981735,-2.5318682,1.3724761,1.2066777,3.4853592000000004,7.4950485,2.6258407000000004,0.4285621,-0.7380127,-2.31639,-5.930437599999999,-12.434286,-1.2850877,10.448894500000002,0.17776948,-1.4999673,0.3333926,2.1493945,1.0881646999999999,-0.49799395,-2.1523874,-2.883816,-3.750517,-2.4438812999999997,-1.1683705,-0.38965634,-1.3215994,1.8411411,7.367557000000001,6.737882000000001,-0.20350714,-1.2814964,-0.31902736,-2.256535,1
-2.31639,-5.930437599999999,-12.434286,-1.2850877,10.448894500000002,0.17776948,-1.4999673,0.3333926,2.1493945,1.0881646999999999,-0.49799395,-2.1523874,-2.883816,-3.750517,-2.4438812999999997,-1.1683705,-0.38965634,-1.3215994,1.8411411,7.367557000000001,6.737882000000001,-0.20350714,-1.2814964,-0.31902736,-2.256535,-3.3895910000000002,-4.572925,-2.8748376,1.0995371,1.3174095,2.1691467999999996,5.6898203,2.6007016,0.9576806999999999,0.025139118,-1.8058267,-4.5621514,-8.722675,1.8842366999999998,7.0880339999999995,-3.459023,-4.0875010000000005,-1.3245921,0.61052144,0.56084174,-0.6099229,-1.7004818,-1.614889,-2.5767596,-1.0989386,1
-3.3895910000000002,-4.572925,-2.8748376,1.0995371,1.3174095,2.1691467999999996,5.6898203,2.6007016,0.9576806999999999,0.025139118,-1.8058267,-4.5621514,-8.722675,1.8842366999999998,7.0880339999999995,-3.459023,-4.0875010000000005,-1.3245921,0.61052144,0.56084174,-0.6099229,-1.7004818,-1.614889,-2.5767596,-1.0989386,-1.0696096000000002,-1.3599066,0.6847416999999999,2.866458,4.0994720000000004,4.7255554,4.1419687000000005,2.6683377999999998,-2.3020248,-4.110844,-3.5625722,-3.7630866000000003,-0.093373865,2.154183,1.1683705,4.085107,3.867833,0.23762453,-0.29568392,-0.48722005,-2.5713725,-6.291962,-11.988964999999999,4.249708,7.735666,1
-1.0696096000000002,-1.3599066,0.6847416999999999,2.866458,4.0994720000000004,4.7255554,4.1419687000000005,2.6683377999999998,-2.3020248,-4.110844,-3.5625722,-3.7630866000000003,-0.093373865,2.154183,1.1683705,4.085107,3.867833,0.23762453,-0.29568392,-0.48722005,-2.5713725,-6.291962,-11.988964999999999,4.249708,7.735666,-0.8571242,-2.308609,-0.6913256999999999,-1.2419921,-0.06284779,-1.8237831999999998,-2.2104467999999997,-1.34195,-1.3054385,0.45848963,0.54527944,-0.7356185000000001,0.24660277,4.6776714,9.52174,8.610147,-3.2591069999999998,-4.196437,-1.8680758000000002,-2.9209259999999997,-3.8857894,-2.1978772,1.6089035,3.0945058,2.3678656000000005,1
-0.8571242,-2.308609,-0.6913256999999999,-1.2419921,-0.06284779,-1.8237831999999998,-2.2104467999999997,-1.34195,-1.3054385,0.45848963,0.54527944,-0.7356185000000001,0.24660277,4.6776714,9.52174,8.610147,-3.2591069999999998,-4.196437,-1.8680758000000002,-2.9209259999999997,-3.8857894,-2.1978772,1.6089035,3.0945058,2.3678656000000005,4.321534,2.5360582000000003,-0.7080852,-1.5568296999999998,-2.2541409,-4.724957,-10.038289,-6.167464,8.6813755,1.271321,-0.1448492,0.27832595,0.53211135,0.17896658,-1.6364368,-2.3798366,-1.8112136000000003,-2.3876176,-1.7058687,-0.54288524,-0.6242880999999999,0.38426940000000004,3.2609026,8.272566000000001,8.743625,1
4.321534,2.5360582000000003,-0.7080852,-1.5568296999999998,-2.2541409,-4.724957,-10.038289,-6.167464,8.6813755,1.271321,-0.1448492,0.27832595,0.53211135,0.17896658,-1.6364368,-2.3798366,-1.8112136000000003,-2.3876176,-1.7058687,-0.54288524,-0.6242880999999999,0.38426940000000004,3.2609026,8.272566000000001,8.743625,0.19931729,-3.233968,-3.9875429,-2.6270377999999996,-3.807978,-3.7804443999999995,-0.6356605,2.9999347000000003,2.3349452,3.9318779000000004,4.8452660000000005,0.98581254,0.036511577999999996,-0.8038531999999999,-3.1531637000000003,-5.3396683,-7.753023599999999,4.6698904,0.30166942,-3.1238346000000003,-0.4950012,1.4826093999999999,1.7776948000000001,0.4261679,-1.3006501,1
0.19931729,-3.233968,-3.9875429,-2.6270377999999996,-3.807978,-3.7804443999999995,-0.6356605,2.9999347000000003,2.3349452,3.9318779000000004,4.8452660000000005,0.98581254,0.036511577999999996,-0.8038531999999999,-3.1531637000000003,-5.3396683,-7.753023599999999,4.6698904,0.30166942,-3.1238346000000003,-0.4950012,1.4826093999999999,1.7776948000000001,0.4261679,-1.3006501,-3.1681272999999996,-3.2261868,-3.5248635000000004,-1.62686,-2.142212,-2.1757307,2.64679,7.780557000000001,6.797737,3.1621417999999997,0.39923313,-3.6619315,-4.50888,-6.528389499999999,-3.3812113,1.5711948999999998,5.018246700000001,2.2697031,4.4238862999999995,4.6142254000000005,-0.074818805,-1.4622587,-1.8100165000000001,-4.307169,-6.3865333,1
-3.1681272999999996,-3.2261868,-3.5248635000000004,-1.62686,-2.142212,-2.1757307,2.64679,7.780557000000001,6.797737,3.1621417999999997,0.39923313,-3.6619315,-4.50888,-6.528389499999999,-3.3812113,1.5711948999999998,5.018246700000001,2.2697031,4.4238862999999995,4.6142254000000005,-0.074818805,-1.4622587,-1.8100165000000001,-4.307169,-6.3865333,-5.549161,5.248090299999999,1.407192,-1.965041,-0.39983168,1.3976152,2.0871453,-0.60693014,-2.4199393,-3.9695864000000003,-2.2535423999999997,-1.7567455,-0.207697,-0.581791,-1.3221979,1.6897078999999997,7.4106526,8.161235000000001,2.2703017999999995,1.9883845000000002,-1.1420341999999999,-4.1814733,-5.4851160000000005,-3.5751417,-0.79846627,1
-5.549161,5.248090299999999,1.407192,-1.965041,-0.39983168,1.3976152,2.0871453,-0.60693014,-2.4199393,-3.9695864000000003,-2.2535423999999997,-1.7567455,-0.207697,-0.581791,-1.3221979,1.6897078999999997,7.4106526,8.161235000000001,2.2703017999999995,1.9883845000000002,-1.1420341999999999,-4.1814733,-5.4851160000000005,-3.5751417,-0.79846627,2.7623102999999998,2.677316,2.606687,4.9200845,1.7022773999999998,-1.5245079,-2.3469162,-2.717419,-4.1329910000000005,-8.257003,-4.3179426,10.599131,1.8148049,-5.8221,-3.0496144,1.2156559,2.3493104,1.0313023000000001,-1.1498153,-2.391209,-3.6403837,-3.0663737999999996,-0.4369418,0.10534488,-0.24121583,1
2.7623102999999998,2.677316,2.606687,4.9200845,1.7022773999999998,-1.5245079,-2.3469162,-2.717419,-4.1329910000000005,-8.257003,-4.3179426,10.599131,1.8148049,-5.8221,-3.0496144,1.2156559,2.3493104,1.0313023000000001,-1.1498153,-2.391209,-3.6403837,-3.0663737999999996,-0.4369418,0.10534488,-0.24121583,2.7425580000000003,7.323264599999999,7.2807674,1.6220716,-2.0805612,-2.3570917000000002,0.12868834,-2.509722,-4.9338512,-1.5065514,1.5257049999999999,1.5658079,2.1350293,5.038597599999999,2.9197290000000002,0.4890157,-0.32561144,-0.20171149,-2.954445,-7.347805,-10.564414999999999,7.1808095000000005,7.114969,-4.8739963,-3.2854433,1
2.7425580000000003,7.323264599999999,7.2807674,1.6220716,-2.0805612,-2.3570917000000002,0.12868834,-2.509722,-4.9338512,-1.5065514,1.5257049999999999,1.5658079,2.1350293,5.038597599999999,2.9197290000000002,0.4890157,-0.32561144,-0.20171149,-2.954445,-7.347805,-10.564414999999999,7.1808095000000005,7.114969,-4.8739963,-3.2854433,-0.17058687,2.8844144,2.1200657000000005,-0.092176765,-2.0392613,-2.6198552000000004,-3.9641995000000003,-1.6232687,-0.84335756,-0.25019407,6.7588315,9.102157,4.917690299999999,0.7721300999999999,-1.4748282,-3.9324763,-4.981735,-5.5743003,-3.8193502,2.0697872999999998,4.019266,4.1395745,6.50744,4.1784806,-1.1976993999999999,1
-0.17058687,2.8844144,2.1200657000000005,-0.092176765,-2.0392613,-2.6198552000000004,-3.9641995000000003,-1.6232687,-0.84335756,-0.25019407,6.7588315,9.102157,4.917690299999999,0.7721300999999999,-1.4748282,-3.9324763,-4.981735,-5.5743003,-3.8193502,2.0697872999999998,4.019266,4.1395745,6.50744,4.1784806,-1.1976993999999999,-2.7425580000000003,-3.2543187000000002,-5.233725,-11.536461,-7.213131,9.377489,6.194398400000001,-1.3724761,-0.2765303,2.0500352,1.2246342,0.029927522,-3.2620997000000003,-4.1144357000000005,-4.0318356,-2.4343044999999996,0.21966799999999997,0.8439561,-0.16639702,2.4181437000000003,8.098986,8.019378999999999,1.2563573000000001,0.28431144,-4.583699,1
-2.7425580000000003,-3.2543187000000002,-5.233725,-11.536461,-7.213131,9.377489,6.194398400000001,-1.3724761,-0.2765303,2.0500352,1.2246342,0.029927522,-3.2620997000000003,-4.1144357000000005,-4.0318356,-2.4343044999999996,0.21966799999999997,0.8439561,-0.16639702,2.4181437000000003,8.098986,8.019378999999999,1.2563573000000001,0.28431144,-4.583699,-6.4882865,-6.3380504,-3.8899790999999997,0.7206547,4.59567,3.2034418999999996,3.9827545,5.855619,1.4490906000000001,-1.3587095,-1.6705543,-3.2184057,-4.972757,-9.351752000000001,0.93254155,8.834603999999999,-2.9322984,-4.854842700000001,-1.8369513,0.7032967,0.08080431,-0.073621705,-1.3700819,-1.1677719,-1.9506758000000002,1
-6.4882865,-6.3380504,-3.8899790999999997,0.7206547,4.59567,3.2034418999999996,3.9827545,5.855619,1.4490906000000001,-1.3587095,-1.6705543,-3.2184057,-4.972757,-9.351752000000001,0.93254155,8.834603999999999,-2.9322984,-4.854842700000001,-1.8369513,0.7032967,0.08080431,-0.073621705,-1.3700819,-1.1677719,-1.9506758000000002,-1.050456,0.45848963,-0.9427169,-1.7004818,2.0632033,6.610989599999999,8.97287,7.2215110000000005,-6.6229606,-6.983288000000001,-2.3211784,-3.1872811000000003,-3.9282866000000003,-1.6849195,3.1573534,3.774459,3.5296519,5.1702785,3.0113072,0.21966799999999997,-1.1653777,-2.4361002,-5.645528,-10.479421,-7.041946,1
-1.050456,0.45848963,-0.9427169,-1.7004818,2.0632033,6.610989599999999,8.97287,7.2215110000000005,-6.6229606,-6.983288000000001,-2.3211784,-3.1872811000000003,-3.9282866000000003,-1.6849195,3.1573534,3.774459,3.5296519,5.1702785,3.0113072,0.21966799999999997,-1.1653777,-2.4361002,-5.645528,-10.479421,-7.041946,10.177153,1.3946223999999998,-1.893215,-1.0528502,0.54767364,2.3690627,0.6512229,-2.1996727000000003,-3.0789435000000003,-1.0534488000000002,-1.7393875,-0.29269117,-0.7170634,-1.1629834,3.494936,10.538677,9.019556,-1.4059948999999998,-4.9996915,-3.2465374,-3.3135752999999997,-5.713164,-3.3357214999999996,1.3126211,3.7942111000000005,1
10.177153,1.3946223999999998,-1.893215,-1.0528502,0.54767364,2.3690627,0.6512229,-2.1996727000000003,-3.0789435000000003,-1.0534488000000002,-1.7393875,-0.29269117,-0.7170634,-1.1629834,3.494936,10.538677,9.019556,-1.4059948999999998,-4.9996915,-3.2465374,-3.3135752999999997,-5.713164,-3.3357214999999996,1.3126211,3.7942111000000005,1.6621746,2.5576060000000003,2.9364884,0.05746084,-0.31244332,-0.38486794,-2.2894554,-4.0234559999999995,-7.4106526,8.16363,3.1142578,-8.622119,-6.4643445,0.023343466,2.5941176,3.5619736000000004,0.61770403,-1.5119383,-2.2816741,-3.3051953000000003,-1.8189948,-1.6567876,-1.4047978,0.53091425,5.517437999999999,1
1.6621746,2.5576060000000003,2.9364884,0.05746084,-0.31244332,-0.38486794,-2.2894554,-4.0234559999999995,-7.4106526,8.16363,3.1142578,-8.622119,-6.4643445,0.023343466,2.5941176,3.5619736000000004,0.61770403,-1.5119383,-2.2816741,-3.3051953000000003,-1.8189948,-1.6567876,-1.4047978,0.53091425,5.517437999999999,8.421603999999999,4.1216183,1.7573439999999998,-2.3618799999999998,-1.4466964,-2.710835,-4.9494133,-4.3634324,-0.17477672,3.4440591,4.2371383,7.270592,5.257667,0.5374983,-2.9376855,-5.8095303,-8.231864,-3.4356794,1.9662381000000002,-0.8702923,-4.3598413,0.97982705,1.9590555,1.4209588,0.92416185,1
8.421603999999999,4.1216183,1.7573439999999998,-2.3618799999999998,-1.4466964,-2.710835,-4.9494133,-4.3634324,-0.17477672,3.4440591,4.2371383,7.270592,5.257667,0.5374983,-2.9376855,-5.8095303,-8.231864,-3.4356794,1.9662381000000002,-0.8702923,-4.3598413,0.97982705,1.9590555,1.4209588,0.92416185,1.3563153000000001,-0.7344214,-2.1763293999999997,-2.7868507,-2.8514943,-2.1338322,-2.789245,0.20949265,6.678625599999999,7.347805,4.024653,0.62368953,0.9199719999999999,-1.7854759999999998,-5.191228,-7.3364325,-5.1996074,0.6751649000000001,4.708197599999999,4.610035400000001,6.331466000000001,4.595072,0.11911154,-2.6090812999999997,-3.3321302000000004,1
1.3563153000000001,-0.7344214,-2.1763293999999997,-2.7868507,-2.8514943,-2.1338322,-2.789245,0.20949265,6.678625599999999,7.347805,4.024653,0.62368953,0.9199719999999999,-1.7854759999999998,-5.191228,-7.3364325,-5.1996074,0.6751649000000001,4.708197599999999,4.610035400000001,6.331466000000001,4.595072,0.11911154,-2.6090812999999997,-3.3321302000000004,-6.3865333,-10.405201,-1.5496471,9.614514999999999,-0.42078096,-3.3596635000000004,-2.2026656000000004,0.45370123,1.1587936,0.82899237,-1.4790181,-1.4185646,-2.0548236,-2.6940752999999997,-0.5907693,-0.01436521,-0.5189431999999999,2.7694929,7.003638700000001,9.26197,3.5990837,-1.3940238999999999,-4.5298295,-3.5212722000000003,-4.536413700000001,1
-6.3865333,-10.405201,-1.5496471,9.614514999999999,-0.42078096,-3.3596635000000004,-2.2026656000000004,0.45370123,1.1587936,0.82899237,-1.4790181,-1.4185646,-2.0548236,-2.6940752999999997,-0.5907693,-0.01436521,-0.5189431999999999,2.7694929,7.003638700000001,9.26197,3.5990837,-1.3940238999999999,-4.5298295,-3.5212722000000003,-4.536413700000001,-5.239112,-0.82121116,2.154183,2.9550436,2.9532477999999998,5.953780999999999,2.6072857000000003,-1.0139444,-2.3942018,-2.273893,-3.221997,-8.795698,-13.210607000000001,2.9287071,18.664,-4.134786,-6.113594,-2.2409727999999998,1.0600328,1.2485761999999998,-0.2741361,-1.3281834,-1.8776526000000002,-2.7210102000000003,-0.58538234,1
-5.239112,-0.82121116,2.154183,2.9550436,2.9532477999999998,5.953780999999999,2.6072857000000003,-1.0139444,-2.3942018,-2.273893,-3.221997,-8.795698,-13.210607000000001,2.9287071,18.664,-4.134786,-6.113594,-2.2409727999999998,1.0600328,1.2485761999999998,-0.2741361,-1.3281834,-1.8776526000000002,-2.7210102000000003,-0.58538234,1.1127052,0.27353755,0.75357497,4.547187999999999,8.836999,3.2746694,0.18614918,-1.8579005000000002,-2.6964695,-4.0683475,-4.619014,-4.321534,-0.3196259,2.4265234,1.7340006000000001,3.1387985,3.6942532,0.0035913025,-1.4526819,-0.8655039000000001,-2.4349031,-5.1984105000000005,-9.9928,1.5819688,15.103223000000002,1
1.1127052,0.27353755,0.75357497,4.547187999999999,8.836999,3.2746694,0.18614918,-1.8579005000000002,-2.6964695,-4.0683475,-4.619014,-4.321534,-0.3196259,2.4265234,1.7340006000000001,3.1387985,3.6942532,0.0035913025,-1.4526819,-0.8655039000000001,-2.4349031,-5.1984105000000005,-9.9928,1.5819688,15.103223000000002,-4.7626657,-7.911041,-4.7494974,-1.4634558000000002,0.2813187,0.20530279,-0.60094464,0.090979666,-1.2192471999999999,0.43993455,0.8786719999999999,-0.52253455,-1.4796166000000002,1.5472529,7.211933999999999,9.512163000000001,4.1329910000000005,-3.8193502,-2.1242554,0.43394905,-0.86729956,-2.6833014,-2.883816,0.059855044,1.2988545,1
-4.7626657,-7.911041,-4.7494974,-1.4634558000000002,0.2813187,0.20530279,-0.60094464,0.090979666,-1.2192471999999999,0.43993455,0.8786719999999999,-0.52253455,-1.4796166000000002,1.5472529,7.211933999999999,9.512163000000001,4.1329910000000005,-3.8193502,-2.1242554,0.43394905,-0.86729956,-2.6833014,-2.883816,0.059855044,1.2988545,0.45908818,2.8760347,2.834735,-0.5009867,-1.0259154000000001,-1.3359646,-2.4953567999999997,-9.134478,-12.535441,7.0904284,8.962694,-0.08080431,-1.8357542000000002,-0.90979666,-0.82599956,-0.6907272,-2.086547,-3.0148985,-1.1198878,0.01436521,1.4191631000000002,1.7884687,-0.43394905,-0.28670564,2.505532,1
0.45908818,2.8760347,2.834735,-0.5009867,-1.0259154000000001,-1.3359646,-2.4953567999999997,-9.134478,-12.535441,7.0904284,8.962694,-0.08080431,-1.8357542000000002,-0.90979666,-0.82599956,-0.6907272,-2.086547,-3.0148985,-1.1198878,0.01436521,1.4191631000000002,1.7884687,-0.43394905,-0.28670564,2.505532,6.554725599999999,8.180987,0.26276365,0.44651863,-0.054468088,-1.822586,-3.8588544999999996,-4.7536874000000005,-1.6256628999999998,2.168548,1.1450268999999997,1.6831238000000002,3.5045127999999997,1.2916718999999999,-0.9475053,-1.1109096,-2.3959973,-3.6978445,-11.100118,-3.8738184,11.643601,-1.0432734000000001,-1.6633717000000001,-0.093972415,0.46746787,1
6.554725599999999,8.180987,0.26276365,0.44651863,-0.054468088,-1.822586,-3.8588544999999996,-4.7536874000000005,-1.6256628999999998,2.168548,1.1450268999999997,1.6831238000000002,3.5045127999999997,1.2916718999999999,-0.9475053,-1.1109096,-2.3959973,-3.6978445,-11.100118,-3.8738184,11.643601,-1.0432734000000001,-1.6633717000000001,-0.093972415,0.46746787,-0.9463082,-0.997185,-1.0372878,0.31004912,0.17298107,-1.5532384,-2.0907366,-2.4809916000000003,-2.11827,2.6539726000000003,8.495225999999999,7.3699512,1.8525136000000002,-1.6232687,-2.6078842,-3.9683892999999997,-6.205172,-4.0420110000000005,0.8595184000000001,4.8997335,5.064934,5.317522,2.9424740000000003,-1.6136919,-3.1651347000000003,1
-0.9463082,-0.997185,-1.0372878,0.31004912,0.17298107,-1.5532384,-2.0907366,-2.4809916000000003,-2.11827,2.6539726000000003,8.495225999999999,7.3699512,1.8525136000000002,-1.6232687,-2.6078842,-3.9683892999999997,-6.205172,-4.0420110000000005,0.8595184000000001,4.8997335,5.064934,5.317522,2.9424740000000003,-1.6136919,-3.1651347000000003,-3.453636,-5.8238955,-4.808754,0.7038953,7.881711999999999,-0.93254155,-6.7504516,-2.9861681,1.5921441,5.301361,3.7642837,0.23942018,-3.176507,-3.7708676,-4.2066126,-1.8088194,-1.2455834,-1.5652093999999999,-0.7314286,4.753089,8.92738,5.345055,-3.4691982000000006,-2.7383683,-3.176507,1
-3.453636,-5.8238955,-4.808754,0.7038953,7.881711999999999,-0.93254155,-6.7504516,-2.9861681,1.5921441,5.301361,3.7642837,0.23942018,-3.176507,-3.7708676,-4.2066126,-1.8088194,-1.2455834,-1.5652093999999999,-0.7314286,4.753089,8.92738,5.345055,-3.4691982000000006,-2.7383683,-3.176507,-3.7553053,-5.21517,-3.639785,2.6072857000000003,4.979341000000001,4.220978,6.2482677,2.9322984,-0.92655605,-2.6473885,-3.3967736000000004,-7.548918,-9.045294,2.5169046,7.9343843,-5.6341553,-6.390124299999999,-0.7272388000000001,3.7978023999999997,6.0441623,2.1499932,-1.602918,-4.0976763,-4.247912400000001,-2.6809072,1
-3.7553053,-5.21517,-3.639785,2.6072857000000003,4.979341000000001,4.220978,6.2482677,2.9322984,-0.92655605,-2.6473885,-3.3967736000000004,-7.548918,-9.045294,2.5169046,7.9343843,-5.6341553,-6.390124299999999,-0.7272388000000001,3.7978023999999997,6.0441623,2.1499932,-1.602918,-4.0976763,-4.247912400000001,-2.6809072,-0.42257659999999997,-1.9740193,-2.2942438,2.6192567,14.018051000000002,11.361684,-2.5588029999999997,-4.88058,-3.9348705,-3.098097,-4.9069166,-4.2042184,0.8475474000000001,3.6320040000000002,1.8980032999999998,3.5224693,4.459201,1.1037270000000001,-1.3605051000000001,-2.6515784,-5.254674,-10.038888,-6.4805055,3.5990837,7.949947,1
-0.42257659999999997,-1.9740193,-2.2942438,2.6192567,14.018051000000002,11.361684,-2.5588029999999997,-4.88058,-3.9348705,-3.098097,-4.9069166,-4.2042184,0.8475474000000001,3.6320040000000002,1.8980032999999998,3.5224693,4.459201,1.1037270000000001,-1.3605051000000001,-2.6515784,-5.254674,-10.038888,-6.4805055,3.5990837,7.949947,-2.529474,-1.1558008,-0.30166942,0.98581254,0.3824737,-0.45130703,-2.0614076,-3.9911342000000003,-4.132391999999999,-2.1045034,-0.694917,-0.6871359,2.1865046,5.7975593,9.881469000000001,3.7960067000000004,2.9281087,-1.7621324,-5.7544637000000005,-6.9599442,-5.605425,-2.586935,1.5628152,5.085883,4.8614264,1
-2.529474,-1.1558008,-0.30166942,0.98581254,0.3824737,-0.45130703,-2.0614076,-3.9911342000000003,-4.132391999999999,-2.1045034,-0.694917,-0.6871359,2.1865046,5.7975593,9.881469000000001,3.7960067000000004,2.9281087,-1.7621324,-5.7544637000000005,-6.9599442,-5.605425,-2.586935,1.5628152,5.085883,4.8614264,5.972336299999999,4.1892543,-0.3453636,-2.3876176,-2.80361,-4.231153,-10.737994,-8.454525,9.669582,5.892729,-3.7205894,-4.1132383,-2.8766334,-1.4616601,-0.10295067,-0.9139864999999999,-1.0241197,0.5907693,-0.20111294,-0.24480712,-0.6278794,-2.1787236,2.3630772,9.178771000000001,9.7007065,1
5.972336299999999,4.1892543,-0.3453636,-2.3876176,-2.80361,-4.231153,-10.737994,-8.454525,9.669582,5.892729,-3.7205894,-4.1132383,-2.8766334,-1.4616601,-0.10295067,-0.9139864999999999,-1.0241197,0.5907693,-0.20111294,-0.24480712,-0.6278794,-2.1787236,2.3630772,9.178771000000001,9.7007065,2.2379801,-5.260061299999999,-5.813122,-4.554969,-3.9839516,-0.18674773,2.1667526,3.5350387000000003,2.2601264,2.9813797,3.3237504999999996,0.7673416999999999,-1.8088194,-2.331354,-3.4578260000000003,-3.696049,-4.6579194,6.968324000000001,1.9410990000000001,-2.9975405,-2.7449522,-1.4377182,-0.26755205,-1.1055226,-0.39085343,1
2.2379801,-5.260061299999999,-5.813122,-4.554969,-3.9839516,-0.18674773,2.1667526,3.5350387000000003,2.2601264,2.9813797,3.3237504999999996,0.7673416999999999,-1.8088194,-2.331354,-3.4578260000000003,-3.696049,-4.6579194,6.968324000000001,1.9410990000000001,-2.9975405,-2.7449522,-1.4377182,-0.26755205,-1.1055226,-0.39085343,-0.25258827,0.694917,-0.110731825,-1.7435773999999997,-3.1352072,-3.5116954,0.39324763,8.069058,8.098986,3.0142999,-3.1974563999999996,-4.1317935,-1.2563573000000001,-2.541445,-1.4520833,2.0111293999999997,2.6791117,1.264737,2.9867666,1.9141643,-1.2270284,-3.1429882,-1.3700819,-2.2625206,-3.9258924,1
-0.25258827,0.694917,-0.110731825,-1.7435773999999997,-3.1352072,-3.5116954,0.39324763,8.069058,8.098986,3.0142999,-3.1974563999999996,-4.1317935,-1.2563573000000001,-2.541445,-1.4520833,2.0111293999999997,2.6791117,1.264737,2.9867666,1.9141643,-1.2270284,-3.1429882,-1.3700819,-2.2625206,-3.9258924,-5.942408599999999,6.687603999999999,8.994417,-6.1938,-6.577471000000001,-4.6058455,-2.5558102000000003,-0.5446809,0.6841431,0.87089086,2.457648,0.40821138,-0.6326678000000001,-2.167351,-3.5350387000000003,-0.08080431,4.211401,8.013991,4.3448777000000005,2.1517887000000004,-2.2337902,-4.2155905,-6.561310000000001,-3.3399115,0.22565351,1
-5.942408599999999,6.687603999999999,8.994417,-6.1938,-6.577471000000001,-4.6058455,-2.5558102000000003,-0.5446809,0.6841431,0.87089086,2.457648,0.40821138,-0.6326678000000001,-2.167351,-3.5350387000000003,-0.08080431,4.211401,8.013991,4.3448777000000005,2.1517887000000004,-2.2337902,-4.2155905,-6.561310000000001,-3.3399115,0.22565351,2.2876596,1.4275428,2.3618799999999998,1.6998832,-0.07841010400000001,-1.3239936,-2.005144,-2.710835,-3.0945058,-1.7908629,-2.7527334999999997,-4.56275,0.770933,5.3743844,4.201824,1.0360907,-0.5398925,-2.2290018,-2.5192987999999996,-1.774702,-2.9843724,-2.0967221,-3.5242648,-0.8571242,4.4304705,1
2.2876596,1.4275428,2.3618799999999998,1.6998832,-0.07841010400000001,-1.3239936,-2.005144,-2.710835,-3.0945058,-1.7908629,-2.7527334999999997,-4.56275,0.770933,5.3743844,4.201824,1.0360907,-0.5398925,-2.2290018,-2.5192987999999996,-1.774702,-2.9843724,-2.0967221,-3.5242648,-0.8571242,4.4304705,12.918514,8.617929,-0.86011696,-0.93014735,-3.413533,-6.9012866,-8.930971000000001,-3.764882,0.6895300999999999,2.4690206000000003,1.5053543,3.7068229,5.348048,0.94810385,-1.3311761999999998,-2.2343888,-2.995745,-2.9700072,-8.182184,-8.920197,4.135384999999999,-1.4161704,-1.9351135,1.3084313,3.4739866000000004,1
12.918514,8.617929,-0.86011696,-0.93014735,-3.413533,-6.9012866,-8.930971000000001,-3.764882,0.6895300999999999,2.4690206000000003,1.5053543,3.7068229,5.348048,0.94810385,-1.3311761999999998,-2.2343888,-2.995745,-2.9700072,-8.182184,-8.920197,4.135384999999999,-1.4161704,-1.9351135,1.3084313,3.4739866000000004,3.5984852,0.82360536,-3.233968,-3.5769374,-2.8407204,-2.0811598,1.4760253,2.5450362999999996,-0.33399114,2.5139117000000004,7.483077499999999,8.295909,2.6042929,-1.965041,-3.2740707000000002,-2.2379801,-5.045780000000001,-7.177817,-3.690662,0.8882488000000002,2.634819,4.762067299999999,6.7923503,2.7072437000000003,-1.3778629999999998,1
3.5984852,0.82360536,-3.233968,-3.5769374,-2.8407204,-2.0811598,1.4760253,2.5450362999999996,-0.33399114,2.5139117000000004,7.483077499999999,8.295909,2.6042929,-1.965041,-3.2740707000000002,-2.2379801,-5.045780000000001,-7.177817,-3.690662,0.8882488000000002,2.634819,4.762067299999999,6.7923503,2.7072437000000003,-1.3778629999999998,-2.7569232000000006,-2.5007436000000003,-3.4338839999999995,-6.315904,-10.4967785,2.0973208,8.717288,-3.3979707,-0.80564886,1.5741876000000001,2.9089549999999997,1.050456,-2.2798786,-3.5015199999999997,-1.2372037,-1.6406266999999999,0.8948328999999999,0.61530983,-1.5280992,0.54288524,6.6852098,7.674015,2.0332758,0.3669114,-2.9981391,1
-2.7569232000000006,-2.5007436000000003,-3.4338839999999995,-6.315904,-10.4967785,2.0973208,8.717288,-3.3979707,-0.80564886,1.5741876000000001,2.9089549999999997,1.050456,-2.2798786,-3.5015199999999997,-1.2372037,-1.6406266999999999,0.8948328999999999,0.61530983,-1.5280992,0.54288524,6.6852098,7.674015,2.0332758,0.3669114,-2.9981391,-2.5067291000000003,-6.7372837,-4.409521,0.4249708,3.4314894999999996,2.846706,3.2788591,4.1623197,1.5580268,-0.5243302,-1.3563153000000001,-3.702633,-6.30932,-8.710705,2.5043349999999998,3.7588966,-1.5735891000000002,-0.59376204,0.8678981,2.654571,0.94930094,-1.1007341999999998,-3.1783028,-2.379238,-2.123657,1
-2.5067291000000003,-6.7372837,-4.409521,0.4249708,3.4314894999999996,2.846706,3.2788591,4.1623197,1.5580268,-0.5243302,-1.3563153000000001,-3.702633,-6.30932,-8.710705,2.5043349999999998,3.7588966,-1.5735891000000002,-0.59376204,0.8678981,2.654571,0.94930094,-1.1007341999999998,-3.1783028,-2.379238,-2.123657,0.22325931,0.076614454,-2.142212,0.65062433,6.9503675000000005,13.078327,2.9460652,-1.6519991000000003,-5.6736593,-4.6244005999999995,-4.088698,-4.7979803,-2.0278888,2.7036523999999997,4.5340195,4.100669,5.2684407,2.1631612999999996,-1.400608,-2.3864205000000003,-3.4476504,-5.7377043,-9.487623,-6.747458999999999,4.122815,1
0.22325931,0.076614454,-2.142212,0.65062433,6.9503675000000005,13.078327,2.9460652,-1.6519991000000003,-5.6736593,-4.6244005999999995,-4.088698,-4.7979803,-2.0278888,2.7036523999999997,4.5340195,4.100669,5.2684407,2.1631612999999996,-1.400608,-2.3864205000000003,-3.4476504,-5.7377043,-9.487623,-6.747458999999999,4.122815,-0.20649989,-3.3267434000000002,1.4945803999999998,5.3163247,5.2343235,2.7485435000000003,-0.52492875,-1.881244,-3.530849,-3.843891,-1.163582,-1.1127052,-1.894412,2.7144263,7.8787193,6.7881603,3.221997,-1.7621324,-0.9199719999999999,-4.004901,-6.293758,-6.640917,-3.7995980000000005,1.0630256,4.528632599999999,1
-0.20649989,-3.3267434000000002,1.4945803999999998,5.3163247,5.2343235,2.7485435000000003,-0.52492875,-1.881244,-3.530849,-3.843891,-1.163582,-1.1127052,-1.894412,2.7144263,7.8787193,6.7881603,3.221997,-1.7621324,-0.9199719999999999,-4.004901,-6.293758,-6.640917,-3.7995980000000005,1.0630256,4.528632599999999,4.655525,5.137358,3.7217865,0.15741876,-1.9201498,-2.693477,-4.485537,-11.207258,-8.376114999999999,9.109938,1.596334,-1.9123686999999998,-1.0330979999999998,1.9859903,1.13964,0.29568392,-1.3347674999999999,-1.590947,-2.2559366,-1.9728221999999997,0.37469256,0.3645172,0.22266077,2.498948,8.486248,1
4.655525,5.137358,3.7217865,0.15741876,-1.9201498,-2.693477,-4.485537,-11.207258,-8.376114999999999,9.109938,1.596334,-1.9123686999999998,-1.0330979999999998,1.9859903,1.13964,0.29568392,-1.3347674999999999,-1.590947,-2.2559366,-1.9728221999999997,0.37469256,0.3645172,0.22266077,2.498948,8.486248,7.392696400000001,0.26036942,-1.5352819,-1.3694833999999998,-3.810372,-6.1967926,-6.184223,-3.7361517,2.1033063,4.3963529999999995,4.658518,6.1303535,3.4207156000000003,-0.019752163,-1.1150993999999999,-2.1948842999999996,-5.988497,-13.640366,-7.0491285,10.2417965,3.2273839,-2.1871033,0.4890157,2.767697,2.3624785,1
7.392696400000001,0.26036942,-1.5352819,-1.3694833999999998,-3.810372,-6.1967926,-6.184223,-3.7361517,2.1033063,4.3963529999999995,4.658518,6.1303535,3.4207156000000003,-0.019752163,-1.1150993999999999,-2.1948842999999996,-5.988497,-13.640366,-7.0491285,10.2417965,3.2273839,-2.1871033,0.4890157,2.767697,2.3624785,-0.6254852,-2.3127987,-3.1376014,-3.365649,-1.951873,-0.010773907,-0.2825158,0.16579847,3.7816415,7.217321000000001,2.5719712,0.7392098000000001,-0.78769237,-1.5849615,-3.3135752999999997,-5.6940102999999995,-3.8379053999999995,0.23882163,3.1908724,3.0969,6.3165026,4.226364599999999,1.1150993999999999,-0.44711718,-2.5187001,1
-0.6254852,-2.3127987,-3.1376014,-3.365649,-1.951873,-0.010773907,-0.2825158,0.16579847,3.7816415,7.217321000000001,2.5719712,0.7392098000000001,-0.78769237,-1.5849615,-3.3135752999999997,-5.6940102999999995,-3.8379053999999995,0.23882163,3.1908724,3.0969,6.3165026,4.226364599999999,1.1150993999999999,-0.44711718,-2.5187001,-7.767987299999999,-12.276269000000001,-2.8060042999999997,11.101315,3.241749,-5.5922565,-4.767454,-0.27353755,3.4201171,3.7636849999999997,-0.90021986,-5.916671,-5.727529,-2.2152352000000004,1.3311761999999998,3.4183214,0.94930094,1.9512744,2.148796,5.462969999999999,3.4799721,3.8229415,1.1629834,-1.6968904999999999,-5.9124813,1
-7.767987299999999,-12.276269000000001,-2.8060042999999997,11.101315,3.241749,-5.5922565,-4.767454,-0.27353755,3.4201171,3.7636849999999997,-0.90021986,-5.916671,-5.727529,-2.2152352000000004,1.3311761999999998,3.4183214,0.94930094,1.9512744,2.148796,5.462969999999999,3.4799721,3.8229415,1.1629834,-1.6968904999999999,-5.9124813,-8.025963,-6.1064115,-0.38307226,3.6709096,3.6367924,3.5027169999999996,2.581548,0.7356185000000001,0.2669535,0.40162733,-2.9843724,-9.8437605,-12.082937,6.9725137,9.900024,-4.698621,-2.4229321,0.6877344,3.0819361,0.62728083,-1.7040731,-3.3901896000000002,-4.0934862999999995,-3.2441432,-0.12928689,1
-8.025963,-6.1064115,-0.38307226,3.6709096,3.6367924,3.5027169999999996,2.581548,0.7356185000000001,0.2669535,0.40162733,-2.9843724,-9.8437605,-12.082937,6.9725137,9.900024,-4.698621,-2.4229321,0.6877344,3.0819361,0.62728083,-1.7040731,-3.3901896000000002,-4.0934862999999995,-3.2441432,-0.12928689,0.34715924,-0.2813187,2.0913353,8.730456,11.605294,4.0677485,-5.1367598,-6.1225724,-2.791639,-4.5016975,-4.8267107000000005,-2.9682117000000003,1.9213468999999996,4.6938324,3.675698,4.882375700000001,2.8874072999999996,-0.13407529999999998,-1.1162965,-1.8381484000000001,-5.106832,-9.271546,-4.0575733,9.874286999999999,1.9794062,1
0.34715924,-0.2813187,2.0913353,8.730456,11.605294,4.0677485,-5.1367598,-6.1225724,-2.791639,-4.5016975,-4.8267107000000005,-2.9682117000000003,1.9213468999999996,4.6938324,3.675698,4.882375700000001,2.8874072999999996,-0.13407529999999998,-1.1162965,-1.8381484000000001,-5.106832,-9.271546,-4.0575733,9.874286999999999,1.9794062,-5.9268465,-4.3047748,0.95229375,3.5464113,1.6849195,-0.25677812,-2.03567,-3.0969,-2.8975825,-1.5275006000000002,-1.7106571,-2.3463178,0.8607155000000001,8.437167,11.410766,5.5341973,-2.2290018,-4.5160627,-4.8937483,-4.8626237,-5.7700260000000005,-4.2880154,1.4682442,3.8977604,3.4117374,1
-5.9268465,-4.3047748,0.95229375,3.5464113,1.6849195,-0.25677812,-2.03567,-3.0969,-2.8975825,-1.5275006000000002,-1.7106571,-2.3463178,0.8607155000000001,8.437167,11.410766,5.5341973,-2.2290018,-4.5160627,-4.8937483,-4.8626237,-5.7700260000000005,-4.2880154,1.4682442,3.8977604,3.4117374,5.631162000000001,3.2668881,0.9367314,-0.22206220000000004,-2.4061728,-6.6480994,-8.614936,0.45489833,1.1336545,-5.2863975,-2.3253684,3.3919851999999997,5.1475334,2.0805612,-0.16699557,-3.4482489999999997,-4.175488,-3.7110126000000005,-1.429937,-0.009576807,-0.623091,0.5021838,6.5265937,11.621455000000001,0.7015011,1
5.631162000000001,3.2668881,0.9367314,-0.22206220000000004,-2.4061728,-6.6480994,-8.614936,0.45489833,1.1336545,-5.2863975,-2.3253684,3.3919851999999997,5.1475334,2.0805612,-0.16699557,-3.4482489999999997,-4.175488,-3.7110126000000005,-1.429937,-0.009576807,-0.623091,0.5021838,6.5265937,11.621455000000001,0.7015011,-0.9271546,-5.805341,-3.9240966,-2.2397757,-2.6892869999999998,-1.9255368000000002,1.3892354999999998,1.5532384,3.3470940000000002,5.160103299999999,2.3157916000000003,-0.7212533,-1.2737153,-2.8431146000000003,-6.0681043,-8.263587,2.355296,8.622119,-3.217807,-2.9508536,-2.0153193,0.93254155,2.2625206,-0.046686932,-2.2750902,1
-0.9271546,-5.805341,-3.9240966,-2.2397757,-2.6892869999999998,-1.9255368000000002,1.3892354999999998,1.5532384,3.3470940000000002,5.160103299999999,2.3157916000000003,-0.7212533,-1.2737153,-2.8431146000000003,-6.0681043,-8.263587,2.355296,8.622119,-3.217807,-2.9508536,-2.0153193,0.93254155,2.2625206,-0.046686932,-2.2750902,-2.9317,-3.515885,-0.46806642,0.50517654,-2.645593,-2.7623102999999998,2.835932,11.896189999999999,13.722367000000002,-2.0075380000000003,-3.9618053,-1.1839328000000002,-1.7549498,-4.2634745,-3.809175,-2.3343467999999996,1.3281834,2.4420857000000002,3.5326445,3.549404,0.16819267,-0.9636662,-0.48961425,-2.7982232999999996,-9.176376,1
-2.9317,-3.515885,-0.46806642,0.50517654,-2.645593,-2.7623102999999998,2.835932,11.896189999999999,13.722367000000002,-2.0075380000000003,-3.9618053,-1.1839328000000002,-1.7549498,-4.2634745,-3.809175,-2.3343467999999996,1.3281834,2.4420857000000002,3.5326445,3.549404,0.16819267,-0.9636662,-0.48961425,-2.7982232999999996,-9.176376,-8.151060000000001,5.0745106,2.517503,-0.87089086,-0.14544775,1.7764976000000003,1.7687165,0.8535328999999999,-2.0518308000000003,-4.7979803,-6.159084,-3.2441432,-0.46267948,1.9931729,2.156577,4.584896,9.519944,9.339182000000001,0.6362591,-6.3177,-7.8793178,-4.5938745,-4.512471700000001,-4.8584337,-1.4628572,1
-8.151060000000001,5.0745106,2.517503,-0.87089086,-0.14544775,1.7764976000000003,1.7687165,0.8535328999999999,-2.0518308000000003,-4.7979803,-6.159084,-3.2441432,-0.46267948,1.9931729,2.156577,4.584896,9.519944,9.339182000000001,0.6362591,-6.3177,-7.8793178,-4.5938745,-4.512471700000001,-4.8584337,-1.4628572,2.4534583,5.192425,7.116166000000001,5.8388596,0.7374141,-2.1589713,-2.0099323,-2.3517046,-6.528988,-12.236166,-0.15263036,10.964846000000001,-2.873042,-3.0753522,-0.8415619000000001,1.4012065,-0.01616086,-0.6871359,-1.9614497,-2.5761611,-2.2272062000000004,-1.2659341,-1.5711948999999998,-2.0470424,2.5067291000000003,1
2.4534583,5.192425,7.116166000000001,5.8388596,0.7374141,-2.1589713,-2.0099323,-2.3517046,-6.528988,-12.236166,-0.15263036,10.964846000000001,-2.873042,-3.0753522,-0.8415619000000001,1.4012065,-0.01616086,-0.6871359,-1.9614497,-2.5761611,-2.2272062000000004,-1.2659341,-1.5711948999999998,-2.0470424,2.5067291000000003,9.414000999999999,9.9233675,1.2479776000000002,-2.2661119,-4.3664255,-6.291962,-6.807912299999999,-4.7818192999999996,-0.28550854,5.0344076,5.309142,5.360019,6.5942300000000005,2.5210943,-1.9195513,-3.8522705999999998,-6.0866594,-11.201871,-6.8366427,5.037999,1.5095441,-6.087258,0.05327099,6.235698,4.31914,1
9.414000999999999,9.9233675,1.2479776000000002,-2.2661119,-4.3664255,-6.291962,-6.807912299999999,-4.7818192999999996,-0.28550854,5.0344076,5.309142,5.360019,6.5942300000000005,2.5210943,-1.9195513,-3.8522705999999998,-6.0866594,-11.201871,-6.8366427,5.037999,1.5095441,-6.087258,0.05327099,6.235698,4.31914,1.3461398999999998,-2.6803088,-3.4811692,-3.7325604,-4.1916485,-1.0977415000000001,1.0199299000000002,0.5057751,2.1218612,6.8091097000000005,10.799645,1.3754688999999998,-1.6962918999999999,-2.77069,-1.6196774,-4.4119152999999995,-6.684012400000001,-6.593033,-1.1522094999999999,4.8698063,3.9246953,3.7122097000000003,4.477157,2.1045034,-0.20649989,1
1.3461398999999998,-2.6803088,-3.4811692,-3.7325604,-4.1916485,-1.0977415000000001,1.0199299000000002,0.5057751,2.1218612,6.8091097000000005,10.799645,1.3754688999999998,-1.6962918999999999,-2.77069,-1.6196774,-4.4119152999999995,-6.684012400000001,-6.593033,-1.1522094999999999,4.8698063,3.9246953,3.7122097000000003,4.477157,2.1045034,-0.20649989,-1.0773908,-4.255095,-9.634866,-12.610859,4.103063,13.961188,-4.271256,-4.7896004,-0.9379284999999999,-0.6392518,-0.26336220000000005,-1.4574703000000002,-1.8734628,-1.0803835,-1.0330979999999998,0.13227965,1.5269021,-0.49919105,1.0726023999999998,4.8524485,12.720991999999999,6.9569516,-3.1501707999999997,-7.259817999999999,-4.3101616,1
-1.0773908,-4.255095,-9.634866,-12.610859,4.103063,13.961188,-4.271256,-4.7896004,-0.9379284999999999,-0.6392518,-0.26336220000000005,-1.4574703000000002,-1.8734628,-1.0803835,-1.0330979999999998,0.13227965,1.5269021,-0.49919105,1.0726023999999998,4.8524485,12.720991999999999,6.9569516,-3.1501707999999997,-7.259817999999999,-4.3101616,-2.1122843999999996,-2.0757727999999998,-2.6994624,0.18016368,2.4756044999999998,1.6543933000000002,3.09271,2.8808231,-1.2006921999999998,-1.6717514,-0.5554548,-1.6346412000000001,-5.1080294,-8.143278,4.6692919999999996,0.97264445,-8.082825,-4.64535,2.6312277,5.985504,4.1718965,-0.05865794,-3.6134489000000003,-4.841674299999999,-4.499303299999999,1
-2.1122843999999996,-2.0757727999999998,-2.6994624,0.18016368,2.4756044999999998,1.6543933000000002,3.09271,2.8808231,-1.2006921999999998,-1.6717514,-0.5554548,-1.6346412000000001,-5.1080294,-8.143278,4.6692919999999996,0.97264445,-8.082825,-4.64535,2.6312277,5.985504,4.1718965,-0.05865794,-3.6134489000000003,-4.841674299999999,-4.499303299999999,-0.5835866999999999,1.0498575,0.14903906,2.1308396000000003,6.0746884,4.0222587999999995,-0.24420857,0.46267948,2.521693,0.842759,-4.1784806,-5.626374,-6.2213330000000004,-0.87927055,4.321534,3.3063924,2.9430726000000003,3.9827545,2.0350714,0.12868834,-1.0109516,-4.0695443,-9.014768,-7.5770497,5.893926,1
-0.5835866999999999,1.0498575,0.14903906,2.1308396000000003,6.0746884,4.0222587999999995,-0.24420857,0.46267948,2.521693,0.842759,-4.1784806,-5.626374,-6.2213330000000004,-0.87927055,4.321534,3.3063924,2.9430726000000003,3.9827545,2.0350714,0.12868834,-1.0109516,-4.0695443,-9.014768,-7.5770497,5.893926,3.6882677000000004,-3.5272577000000003,-1.210269,0.8002619000000001,2.3110032000000005,0.641646,-1.0283096,-2.0655975,-3.7493198,-3.2818519999999998,-1.0600328,-1.1115081,-1.6041151000000002,1.5077485000000002,10.973824,13.710396,0.50038815,-3.1777040000000003,-5.2642508,-4.232949,-4.18686,-4.537012,-1.7495629000000001,3.5314474000000002,4.744708999999999,1
3.6882677000000004,-3.5272577000000003,-1.210269,0.8002619000000001,2.3110032000000005,0.641646,-1.0283096,-2.0655975,-3.7493198,-3.2818519999999998,-1.0600328,-1.1115081,-1.6041151000000002,1.5077485000000002,10.973824,13.710396,0.50038815,-3.1777040000000003,-5.2642508,-4.232949,-4.18686,-4.537012,-1.7495629000000001,3.5314474000000002,4.744708999999999,3.6637269999999997,4.7728410000000006,1.06123,-1.3952209999999998,-1.8022354,-2.6126726000000002,-5.507262,-8.336611,0.9080010000000001,7.350199000000001,-2.629432,-0.9415198,1.0995371,2.095525,0.6362591,-0.6631939,-2.4343044999999996,-2.954445,-2.7072437000000003,-1.3563153000000001,-1.0468647,-2.6940752999999997,-3.0059202000000003,2.6473885,12.179304,1
3.6637269999999997,4.7728410000000006,1.06123,-1.3952209999999998,-1.8022354,-2.6126726000000002,-5.507262,-8.336611,0.9080010000000001,7.350199000000001,-2.629432,-0.9415198,1.0995371,2.095525,0.6362591,-0.6631939,-2.4343044999999996,-2.954445,-2.7072437000000003,-1.3563153000000001,-1.0468647,-2.6940752999999997,-3.0059202000000003,2.6473885,12.179304,14.019248000000001,-0.97623575,-2.9317,-3.1040826,-4.404134,-5.377377,-5.2439003,-1.5370774999999999,1.54845,2.5875334999999997,3.6535518,5.321712000000001,3.1016884,0.16879122,-1.3533225,-2.6491842,-6.531382,-9.583989,2.5037365,12.234969,-0.62009823,-2.48159,-1.697489,-1.6244658,-0.70509243,1
14.019248000000001,-0.97623575,-2.9317,-3.1040826,-4.404134,-5.377377,-5.2439003,-1.5370774999999999,1.54845,2.5875334999999997,3.6535518,5.321712000000001,3.1016884,0.16879122,-1.3533225,-2.6491842,-6.531382,-9.583989,2.5037365,12.234969,-0.62009823,-2.48159,-1.697489,-1.6244658,-0.70509243,-0.5243302,-2.5258827,-3.2094273999999996,-2.5899277,-1.0384849,-1.9740193,-2.521693,2.2511482000000003,11.799823,10.796054,0.43394905,-0.7811083000000001,-5.0936639999999995,-6.308123,-5.6443305,-4.3544545,0.22266077,4.5022964000000005,4.4268790000000005,5.7945666,5.9849057,1.1982979999999999,-3.0765493,-4.250905,-3.7229836000000005,1
-0.5243302,-2.5258827,-3.2094273999999996,-2.5899277,-1.0384849,-1.9740193,-2.521693,2.2511482000000003,11.799823,10.796054,0.43394905,-0.7811083000000001,-5.0936639999999995,-6.308123,-5.6443305,-4.3544545,0.22266077,4.5022964000000005,4.4268790000000005,5.7945666,5.9849057,1.1982979999999999,-3.0765493,-4.250905,-3.7229836000000005,-6.793547,-11.082161,-0.47285482,14.388554000000001,0.777517,-2.4797945,-3.2638955000000003,-1.6825253,-1.1121067,-2.1374235,-3.0603882999999996,-3.5960910000000004,-3.1477766,0.2184709,1.5334862,2.5258827,5.7867856,7.8733325,-2.5181017000000003,2.2918496,1.1121067,-1.1055226,-6.324283599999999,-7.1885905,-4.982932,1
-6.793547,-11.082161,-0.47285482,14.388554000000001,0.777517,-2.4797945,-3.2638955000000003,-1.6825253,-1.1121067,-2.1374235,-3.0603882999999996,-3.5960910000000004,-3.1477766,0.2184709,1.5334862,2.5258827,5.7867856,7.8733325,-2.5181017000000003,2.2918496,1.1121067,-1.1055226,-6.324283599999999,-7.1885905,-4.982932,-0.07182605,3.875614,4.2580876,5.306748000000001,4.8362875,2.0560207,-0.9600749,-1.9512744,-3.5763388,-6.5146227,-12.6354,0.8655039000000001,13.301585999999999,0.035314474,-4.5896845,-1.5885528,1.3533225,-0.32321724,-1.2240356000000001,-2.4289176,-3.3812113,-2.678513,0.33997664,1.8447324,0.5315128,1
-0.07182605,3.875614,4.2580876,5.306748000000001,4.8362875,2.0560207,-0.9600749,-1.9512744,-3.5763388,-6.5146227,-12.6354,0.8655039000000001,13.301585999999999,0.035314474,-4.5896845,-1.5885528,1.3533225,-0.32321724,-1.2240356000000001,-2.4289176,-3.3812113,-2.678513,0.33997664,1.8447324,0.5315128,1.7926586,6.6085954,7.6518690000000005,6.885125599999999,-0.80086046,-4.1491513,-5.8394580000000005,-5.756858,-4.200028400000001,-0.23942018,2.5360582000000003,4.4807487,4.8853683,4.548983,1.5658079,-1.9105729999999999,-2.819771,-2.9550436,-6.1399302,-12.625224000000001,4.6782703,11.675923,-1.3599066,-3.1693244,-1.2952632,1
1.7926586,6.6085954,7.6518690000000005,6.885125599999999,-0.80086046,-4.1491513,-5.8394580000000005,-5.756858,-4.200028400000001,-0.23942018,2.5360582000000003,4.4807487,4.8853683,4.548983,1.5658079,-1.9105729999999999,-2.819771,-2.9550436,-6.1399302,-12.625224000000001,4.6782703,11.675923,-1.3599066,-3.1693244,-1.2952632,0.6841431,-0.06284779,-0.676362,-1.2264298,-1.1264718999999999,-1.1474211,0.33997664,0.3172317,-2.2242134,-0.22206220000000004,4.2078094,6.8887167,3.1040826,3.4165258,0.74639237,-4.5513773,-6.926425500000001,-6.6211649999999995,-3.2112230999999998,2.7389667,5.930437599999999,4.1677065,5.043386,1.780089,-1.6537948,1
0.6841431,-0.06284779,-0.676362,-1.2264298,-1.1264718999999999,-1.1474211,0.33997664,0.3172317,-2.2242134,-0.22206220000000004,4.2078094,6.8887167,3.1040826,3.4165258,0.74639237,-4.5513773,-6.926425500000001,-6.6211649999999995,-3.2112230999999998,2.7389667,5.930437599999999,4.1677065,5.043386,1.780089,-1.6537948,-2.4355016,-3.4051532999999994,-9.370906,-6.327875,8.775947,5.965751999999999,-5.392939,-2.9041667,0.8110358,1.7351976999999998,1.0348936,-0.99060094,-2.4265234,-4.177882,-4.6393642,-1.6735470000000001,0.12449849,0.7188591,3.8833952000000003,10.410587,6.6708446,-2.1188686000000003,-0.7715314999999999,-5.494094400000001,-6.731298,1
-2.4355016,-3.4051532999999994,-9.370906,-6.327875,8.775947,5.965751999999999,-5.392939,-2.9041667,0.8110358,1.7351976999999998,1.0348936,-0.99060094,-2.4265234,-4.177882,-4.6393642,-1.6735470000000001,0.12449849,0.7188591,3.8833952000000003,10.410587,6.6708446,-2.1188686000000003,-0.7715314999999999,-5.494094400000001,-6.731298,-5.216367,-4.6579194,-0.43933599999999995,3.5745432,3.6541502,5.543774,6.1662664000000005,2.9873652,-0.35793316,-1.578976,-3.5224693,-8.200739,-17.169418,4.7004166,14.510059,-1.6118963,-3.1609447,-1.1384428999999998,1.0342950999999998,0.11252748,-1.2976573999999998,-1.1827357,0.3537433,-0.86610246,0.22266077,1
-5.216367,-4.6579194,-0.43933599999999995,3.5745432,3.6541502,5.543774,6.1662664000000005,2.9873652,-0.35793316,-1.578976,-3.5224693,-8.200739,-17.169418,4.7004166,14.510059,-1.6118963,-3.1609447,-1.1384428999999998,1.0342950999999998,0.11252748,-1.2976573999999998,-1.1827357,0.3537433,-0.86610246,0.22266077,-0.30945057,-0.96905315,3.804985,7.137714,-0.40222588,-0.6440403,-1.365892,-0.4842273,-3.003526,-5.5389857000000005,-4.0234559999999995,-1.1994951,2.6180596,3.6337996,6.0884547,5.297171,1.6849195,-1.0289081,-2.0069396,-3.7618894999999997,-10.229227,-7.007828,10.386047,3.5057099999999997,-4.1641154,1
-0.30945057,-0.96905315,3.804985,7.137714,-0.40222588,-0.6440403,-1.365892,-0.4842273,-3.003526,-5.5389857000000005,-4.0234559999999995,-1.1994951,2.6180596,3.6337996,6.0884547,5.297171,1.6849195,-1.0289081,-2.0069396,-3.7618894999999997,-10.229227,-7.007828,10.386047,3.5057099999999997,-4.1641154,-3.5595794,0.8391677,1.5161281999999998,-0.25318682,-1.3934253,-2.3762453,-2.5354595,-1.9327193,0.3890578,-0.05566519,-0.42377370000000003,3.7283707,11.454459,4.8542438,-3.934272,-1.9877859,-1.2641385,-1.3958195,-4.9069166,-4.657321,-1.4586674,3.2142158,4.569932499999999,5.1505265,6.0627174,1
-3.5595794,0.8391677,1.5161281999999998,-0.25318682,-1.3934253,-2.3762453,-2.5354595,-1.9327193,0.3890578,-0.05566519,-0.42377370000000003,3.7283707,11.454459,4.8542438,-3.934272,-1.9877859,-1.2641385,-1.3958195,-4.9069166,-4.657321,-1.4586674,3.2142158,4.569932499999999,5.1505265,6.0627174,1.6663644,-1.4808137,-2.2972363999999996,-4.037821299999999,-10.59554,-12.987946,9.78989,13.663110999999999,-2.9556419999999997,-3.684078,-0.42197806,2.5917234000000002,1.0247183000000002,-1.5035586,-3.1124623,-3.3716345000000003,-3.0496144,-0.23582886,1.3377602,0.42676646,1.8782511999999998,7.0940194000000005,6.431424,-1.2497733,0.53450555,1
1.6663644,-1.4808137,-2.2972363999999996,-4.037821299999999,-10.59554,-12.987946,9.78989,13.663110999999999,-2.9556419999999997,-3.684078,-0.42197806,2.5917234000000002,1.0247183000000002,-1.5035586,-3.1124623,-3.3716345000000003,-3.0496144,-0.23582886,1.3377602,0.42676646,1.8782511999999998,7.0940194000000005,6.431424,-1.2497733,0.53450555,-0.7350199000000001,-3.9773676,-5.3899465,-6.023811299999999,-3.852869,1.7776948000000001,5.911283999999999,4.8757915,4.97156,2.5635915000000002,-0.24001873,-1.3515268999999999,-2.1667526,-6.995259,-9.529521,4.2437224,9.540894,-6.8013287,-6.96593,-2.3505075,1.6944963,3.2315737999999996,1.8417397,-1.1312603,-3.4272997000000003,1
-0.7350199000000001,-3.9773676,-5.3899465,-6.023811299999999,-3.852869,1.7776948000000001,5.911283999999999,4.8757915,4.97156,2.5635915000000002,-0.24001873,-1.3515268999999999,-2.1667526,-6.995259,-9.529521,4.2437224,9.540894,-6.8013287,-6.96593,-2.3505075,1.6944963,3.2315737999999996,1.8417397,-1.1312603,-3.4272997000000003,-4.696226599999999,-2.9712042999999997,0.034117375,0.43873745,0.11192893,3.7972038,8.738836000000001,5.6497173,-3.0160956000000003,-4.07134,-3.0454244999999998,-3.8277300000000003,-5.3935379999999995,-3.9366663,1.3227965,4.6441526,4.2610803,5.233126,4.0533834,-0.20829555,-2.0057424999999998,-2.348712,-4.768651,-9.467272,-7.3029137,1
-4.696226599999999,-2.9712042999999997,0.034117375,0.43873745,0.11192893,3.7972038,8.738836000000001,5.6497173,-3.0160956000000003,-4.07134,-3.0454244999999998,-3.8277300000000003,-5.3935379999999995,-3.9366663,1.3227965,4.6441526,4.2610803,5.233126,4.0533834,-0.20829555,-2.0057424999999998,-2.348712,-4.768651,-9.467272,-7.3029137,5.647323,12.261306,-7.2430587,-7.5207863,-3.2148144,2.0524294,1.903989,1.0402806,-0.729633,-2.260725,-2.2068555,-0.5081693,0.55605334,-1.2844891999999999,-0.110133275,5.524022,8.213308999999999,-0.545878,0.712275,-0.38726214,-2.5145104,-5.1463366,-6.792948700000001,-4.0803185,0.81522566,1
5.647323,12.261306,-7.2430587,-7.5207863,-3.2148144,2.0524294,1.903989,1.0402806,-0.729633,-2.260725,-2.2068555,-0.5081693,0.55605334,-1.2844891999999999,-0.110133275,5.524022,8.213308999999999,-0.545878,0.712275,-0.38726214,-2.5145104,-5.1463366,-6.792948700000001,-4.0803185,0.81522566,3.2213984,3.8367082999999997,5.327099,4.472967,2.2296004000000003,-0.1388637,-0.8996213,-4.1515455,-12.648567,-10.427945,12.917316,6.91625,-4.4029370000000005,-2.0733786,0.5967548,1.1043254999999998,-0.81642276,-2.4277205000000004,-2.7377696,-1.8962077000000002,-0.47644615,0.4770447,-0.82480246,-2.574964,1.6178818000000001,1
3.2213984,3.8367082999999997,5.327099,4.472967,2.2296004000000003,-0.1388637,-0.8996213,-4.1515455,-12.648567,-10.427945,12.917316,6.91625,-4.4029370000000005,-2.0733786,0.5967548,1.1043254999999998,-0.81642276,-2.4277205000000004,-2.7377696,-1.8962077000000002,-0.47644615,0.4770447,-0.82480246,-2.574964,1.6178818000000001,4.377199,3.153762,0.6015432,3.4338839999999995,0.82599956,-4.7896004,-6.315904,-5.950189599999999,0.018555064,5.456983999999999,4.5352163,3.750517,3.1094694,0.9864110999999999,-0.50757074,-1.3126211,-4.6920366,-10.100538,-4.8997335,8.892664,-4.5148660000000005,-5.671864,-0.41299978,5.542577,5.4282537,1
4.377199,3.153762,0.6015432,3.4338839999999995,0.82599956,-4.7896004,-6.315904,-5.950189599999999,0.018555064,5.456983999999999,4.5352163,3.750517,3.1094694,0.9864110999999999,-0.50757074,-1.3126211,-4.6920366,-10.100538,-4.8997335,8.892664,-4.5148660000000005,-5.671864,-0.41299978,5.542577,5.4282537,0.92057055,-2.2810757,-4.313753,-3.8301241000000004,-2.1051017999999995,0.84814596,1.0821792,-1.2892777,1.1923125,6.979098,8.177396,-2.1625626000000002,-3.3812113,1.1186907,0.01616086,-5.1583076,-7.3088994000000005,-3.9893386,1.2342110000000002,3.1561562999999997,2.2828712,3.8821980000000003,2.947861,1.1061212,0.3633201,1
0.92057055,-2.2810757,-4.313753,-3.8301241000000004,-2.1051017999999995,0.84814596,1.0821792,-1.2892777,1.1923125,6.979098,8.177396,-2.1625626000000002,-3.3812113,1.1186907,0.01616086,-5.1583076,-7.3088994000000005,-3.9893386,1.2342110000000002,3.1561562999999997,2.2828712,3.8821980000000003,2.947861,1.1061212,0.3633201,-0.74878657,-3.2842462,-8.780136,-5.1200004,7.769184599999999,0.0053869537,-5.2594624,-3.0424318,1.5825673,3.4877534,0.581791,-0.9103952,-2.0979192,-3.1998506,-1.6095021,0.14305355,-0.17776948,0.29269117,3.1058779999999997,4.8775873,2.8155810000000003,2.1577742000000004,2.5049335999999998,-2.1140802000000005,-6.535572,1
-0.74878657,-3.2842462,-8.780136,-5.1200004,7.769184599999999,0.0053869537,-5.2594624,-3.0424318,1.5825673,3.4877534,0.581791,-0.9103952,-2.0979192,-3.1998506,-1.6095021,0.14305355,-0.17776948,0.29269117,3.1058779999999997,4.8775873,2.8155810000000003,2.1577742000000004,2.5049335999999998,-2.1140802000000005,-6.535572,-6.1483099999999995,-5.233725,-1.7866731,2.8862102000000003,3.052607,3.8911762000000003,5.263054,3.6284127,0.9959879,-0.18734628,-2.678513,-6.649296799999999,-11.927315,2.846706,8.292317,-5.7335142999999995,-3.8043866000000004,-0.42437226,2.3517046,3.2848446000000004,0.31184477,-1.271321,-1.9740193,-1.9620483,-0.76075757,1
-6.1483099999999995,-5.233725,-1.7866731,2.8862102000000003,3.052607,3.8911762000000003,5.263054,3.6284127,0.9959879,-0.18734628,-2.678513,-6.649296799999999,-11.927315,2.846706,8.292317,-5.7335142999999995,-3.8043866000000004,-0.42437226,2.3517046,3.2848446000000004,0.31184477,-1.271321,-1.9740193,-1.9620483,-0.76075757,-0.4261679,-1.8674773,-1.8195933000000002,4.4556093,9.018958,1.5903485000000002,-4.7907977,-2.4229321,-0.46746787,-1.192911,-3.5146879999999996,-4.582502,-2.0392613,2.308609,1.9375077,3.2070332,5.3181205,2.9149406000000004,0.374094,-1.050456,-4.3718123,-10.199898,-4.3933599999999995,9.427767999999999,3.654749,1
-0.4261679,-1.8674773,-1.8195933000000002,4.4556093,9.018958,1.5903485000000002,-4.7907977,-2.4229321,-0.46746787,-1.192911,-3.5146879999999996,-4.582502,-2.0392613,2.308609,1.9375077,3.2070332,5.3181205,2.9149406000000004,0.374094,-1.050456,-4.3718123,-10.199898,-4.3933599999999995,9.427767999999999,3.654749,-7.132327,-4.6040497,-0.61770403,2.7090392000000003,2.3223755,0.93852705,-1.7136499,-3.5817258,-4.401141,-2.4612392999999995,-1.496376,-1.2431892,1.8321629000000001,5.9483943,6.0280013,-2.6168625,3.2034418999999996,1.2982559,-2.779668,-4.3598413,-1.7812861,0.2873042,2.0560207,3.690662,3.1064768,1
-7.132327,-4.6040497,-0.61770403,2.7090392000000003,2.3223755,0.93852705,-1.7136499,-3.5817258,-4.401141,-2.4612392999999995,-1.496376,-1.2431892,1.8321629000000001,5.9483943,6.0280013,-2.6168625,3.2034418999999996,1.2982559,-2.779668,-4.3598413,-1.7812861,0.2873042,2.0560207,3.690662,3.1064768,4.534618,3.221997,-0.40940848,-3.0178912,-3.004723,-3.6032736000000005,-7.964910499999999,-3.7816415,10.162787,1.073201,-5.5401826,-4.735132,-0.41359833,3.508104,3.493739,0.34895490000000007,-1.6089035,-1.7681179,-2.0733786,-1.352724,-1.5933412,-3.3518825,1.0079589,11.889007000000001,8.508992999999998,1
4.534618,3.221997,-0.40940848,-3.0178912,-3.004723,-3.6032736000000005,-7.964910499999999,-3.7816415,10.162787,1.073201,-5.5401826,-4.735132,-0.41359833,3.508104,3.493739,0.34895490000000007,-1.6089035,-1.7681179,-2.0733786,-1.352724,-1.5933412,-3.3518825,1.0079589,11.889007000000001,8.508992999999998,-3.5577837999999997,-0.30226797,2.7527334999999997,2.717419,-2.1883004,-5.368997,-4.377199,-1.2234371000000002,2.3391352000000003,2.2098482,3.957017,4.759074,1.9800048,-0.07182605,-0.6039374,-1.6603789,-4.666898000000001,-10.518327000000001,3.6230257000000003,10.019135,-1.6849195,-4.2299557,-2.681506,0.9451110999999999,2.3582888,1
-3.5577837999999997,-0.30226797,2.7527334999999997,2.717419,-2.1883004,-5.368997,-4.377199,-1.2234371000000002,2.3391352000000003,2.2098482,3.957017,4.759074,1.9800048,-0.07182605,-0.6039374,-1.6603789,-4.666898000000001,-10.518327000000001,3.6230257000000003,10.019135,-1.6849195,-4.2299557,-2.681506,0.9451110999999999,2.3582888,0.092775315,-1.1677719,-1.644218,-2.7509377,-1.6448165000000001,-0.9648633,-1.8423381999999997,1.1917138999999999,6.3847375,7.053917,1.7830818,0.40641573,0.60333884,-1.204882,-3.0693667000000002,-4.7997760000000005,-4.2305546,-0.6901286,3.4344822999999995,3.8696284,4.9901147,4.7285485000000005,2.1027076,-0.38426940000000004,-1.5442601,1
0.092775315,-1.1677719,-1.644218,-2.7509377,-1.6448165000000001,-0.9648633,-1.8423381999999997,1.1917138999999999,6.3847375,7.053917,1.7830818,0.40641573,0.60333884,-1.204882,-3.0693667000000002,-4.7997760000000005,-4.2305546,-0.6901286,3.4344822999999995,3.8696284,4.9901147,4.7285485000000005,2.1027076,-0.38426940000000004,-1.5442601,-4.509479,-8.570642999999999,-6.2512608,6.3512187,-1.0480618,-4.6399627,-1.0528502,2.9364884,5.5802855000000005,2.5528176,-0.46507367,-1.905186,-2.1841104,-2.486977,-2.1218612,-2.8293478,-3.3117794999999997,-0.21368249999999997,10.563217999999999,10.781689,0.8391677,-0.5518635000000001,-1.8950106,-3.1609447,-4.2940005999999995,1
-4.509479,-8.570642999999999,-6.2512608,6.3512187,-1.0480618,-4.6399627,-1.0528502,2.9364884,5.5802855000000005,2.5528176,-0.46507367,-1.905186,-2.1841104,-2.486977,-2.1218612,-2.8293478,-3.3117794999999997,-0.21368249999999997,10.563217999999999,10.781689,0.8391677,-0.5518635000000001,-1.8950106,-3.1609447,-4.2940005999999995,-4.6764746,-3.1950622,0.46567222,3.8301241000000004,3.7086184,5.1122193,3.5152867,0.6961141,-1.8309658,-2.6755204,-4.9548005999999996,-5.597045,1.2952632,3.5631707,-4.6154222,-4.074930999999999,-0.8738836,2.0231004,1.8602947,0.19153613,-0.62728083,-2.8149827000000003,-2.5923218999999995,-1.0935516,0.7086836999999999,1
-4.6764746,-3.1950622,0.46567222,3.8301241000000004,3.7086184,5.1122193,3.5152867,0.6961141,-1.8309658,-2.6755204,-4.9548005999999996,-5.597045,1.2952632,3.5631707,-4.6154222,-4.074930999999999,-0.8738836,2.0231004,1.8602947,0.19153613,-0.62728083,-2.8149827000000003,-2.5923218999999995,-1.0935516,0.7086836999999999,-0.09816227,-2.8520927000000005,0.30585927,7.2304892999999995,5.8532248,3.0430303,-0.9008184000000001,-3.0466216,-3.1519666,-4.6034513,-5.8041434,-3.0819361,1.3988123,3.5763388,3.9869443999999996,5.5006785,3.4039562000000005,1.1150993999999999,-0.5470751,-1.8034325,-6.8719573,-11.664551,1.0773908,3.8821980000000003,4.805162999999999,1
-0.09816227,-2.8520927000000005,0.30585927,7.2304892999999995,5.8532248,3.0430303,-0.9008184000000001,-3.0466216,-3.1519666,-4.6034513,-5.8041434,-3.0819361,1.3988123,3.5763388,3.9869443999999996,5.5006785,3.4039562000000005,1.1150993999999999,-0.5470751,-1.8034325,-6.8719573,-11.664551,1.0773908,3.8821980000000003,4.805162999999999,4.6495394999999995,-2.1799207000000003,-7.259817999999999,-7.6704235,-2.906561,1.6747441000000003,1.4293385,0.5650316,2.9837740000000004,1.5777789,0.49260699999999996,0.7218518,1.6053122,-1.1791444,-4.0797195,-7.0102224,-4.7752349999999995,6.449381,-2.248754,-3.0484173,-1.2294226000000001,2.5767596,2.1535845,-0.19752164,-2.220622,1
4.6495394999999995,-2.1799207000000003,-7.259817999999999,-7.6704235,-2.906561,1.6747441000000003,1.4293385,0.5650316,2.9837740000000004,1.5777789,0.49260699999999996,0.7218518,1.6053122,-1.1791444,-4.0797195,-7.0102224,-4.7752349999999995,6.449381,-2.248754,-3.0484173,-1.2294226000000001,2.5767596,2.1535845,-0.19752164,-2.220622,-3.1651347000000003,-3.3099839999999996,-2.7090392000000003,-0.65541273,-0.06943185,0.0712275,1.270124,4.2940005999999995,6.030994000000001,5.895722,0.5117606,0.19512744,-0.17537527,-1.1923125,-5.3851580000000006,-7.0030399999999995,-3.244742,2.0093338,2.123657,3.5517980000000002,5.3558292000000005,2.3612813999999998,-0.11312603,0.83737206,-0.020350715,1
-3.1651347000000003,-3.3099839999999996,-2.7090392000000003,-0.65541273,-0.06943185,0.0712275,1.270124,4.2940005999999995,6.030994000000001,5.895722,0.5117606,0.19512744,-0.17537527,-1.1923125,-5.3851580000000006,-7.0030399999999995,-3.244742,2.0093338,2.123657,3.5517980000000002,5.3558292000000005,2.3612813999999998,-0.11312603,0.83737206,-0.020350715,-5.577293,-10.508151,-7.007828,2.3720553,1.9829974999999997,-4.1371803,-1.5520413,2.1374235,4.556764599999999,2.7018566,-0.42197806,-3.4332852,-5.007473,-4.170100700000001,-0.6452374,-0.19752164,-0.9708488000000001,1.0241197,3.425504,9.665392,5.073912,2.4672248,-1.9812019,-4.31076,-5.555745,1
-5.577293,-10.508151,-7.007828,2.3720553,1.9829974999999997,-4.1371803,-1.5520413,2.1374235,4.556764599999999,2.7018566,-0.42197806,-3.4332852,-5.007473,-4.170100700000001,-0.6452374,-0.19752164,-0.9708488000000001,1.0241197,3.425504,9.665392,5.073912,2.4672248,-1.9812019,-4.31076,-5.555745,-6.941389,-4.168904,1.7567455,3.8480806000000003,2.837129,5.125387,3.3716345000000003,0.45729253,-0.92535895,-0.7320272,-3.5476084,-8.930372,-11.340137,2.7018566,7.019799000000001,0.12569559,-1.8914193,1.5089456,0.7781156,0.034117375,-1.7525556,-2.4522612,-3.3135752999999997,-2.8018146,0.060453594000000006,1
-6.941389,-4.168904,1.7567455,3.8480806000000003,2.837129,5.125387,3.3716345000000003,0.45729253,-0.92535895,-0.7320272,-3.5476084,-8.930372,-11.340137,2.7018566,7.019799000000001,0.12569559,-1.8914193,1.5089456,0.7781156,0.034117375,-1.7525556,-2.4522612,-3.3135752999999997,-2.8018146,0.060453594000000006,-0.64583594,-2.5617957000000002,0.86849666,5.006874,7.108983500000001,6.6044054,0.5351041,-1.8549078,-0.30047232,-2.343325,-5.7538652,-5.0463786,0.5105635000000001,3.5661635,1.270124,2.7204118,2.5911248,0.81163436,0.7835025,1.4508862,-1.2348095,-4.3568487000000005,-8.318055000000001,-6.030994000000001,6.875549,1
-0.64583594,-2.5617957000000002,0.86849666,5.006874,7.108983500000001,6.6044054,0.5351041,-1.8549078,-0.30047232,-2.343325,-5.7538652,-5.0463786,0.5105635000000001,3.5661635,1.270124,2.7204118,2.5911248,0.81163436,0.7835025,1.4508862,-1.2348095,-4.3568487000000005,-8.318055000000001,-6.030994000000001,6.875549,-1.3425486,-4.56275,-0.7445967,2.7605145,3.3273417999999997,1.447295,-1.5352819,-2.6809072,-4.4903255,-1.3850456,-1.2324153,-4.702811,-3.3877954,3.164536,12.98196,8.281544,-1.7561468999999996,-4.559757,-3.093907,-0.8702923,-3.752911,-2.5432408,2.2230163,5.760449400000001,4.462791999999999,1
-1.3425486,-4.56275,-0.7445967,2.7605145,3.3273417999999997,1.447295,-1.5352819,-2.6809072,-4.4903255,-1.3850456,-1.2324153,-4.702811,-3.3877954,3.164536,12.98196,8.281544,-1.7561468999999996,-4.559757,-3.093907,-0.8702923,-3.752911,-2.5432408,2.2230163,5.760449400000001,4.462791999999999,5.0397944,2.5737667,-1.1013328000000002,-3.044826,-2.0278888,-5.1355624,-9.956886,-3.8989575,4.039018,5.5982423,-3.3889925,-5.480926,1.5394716999999998,3.8043866000000004,2.9903579,-0.44352585,-2.273893,-3.743933,-4.6399627,-0.46327803,0.10354923,-0.8511386999999999,2.6024973,7.831434,8.374918,1
5.0397944,2.5737667,-1.1013328000000002,-3.044826,-2.0278888,-5.1355624,-9.956886,-3.8989575,4.039018,5.5982423,-3.3889925,-5.480926,1.5394716999999998,3.8043866000000004,2.9903579,-0.44352585,-2.273893,-3.743933,-4.6399627,-0.46327803,0.10354923,-0.8511386999999999,2.6024973,7.831434,8.374918,-1.3515268999999999,-0.8972271,-0.92057055,-1.3623008,-4.4801497,-5.3743844,-1.8686744,2.0159178,2.319383,2.9586349,4.618415,2.0470424,-0.090381116,-0.40102878,0.4794389,-2.2643162999999995,-5.668871,-4.8225207,-4.4113164000000005,5.1265845,-6.2632318,-7.0874357,-1.590947,4.1683053999999995,5.768829,1
-1.3515268999999999,-0.8972271,-0.92057055,-1.3623008,-4.4801497,-5.3743844,-1.8686744,2.0159178,2.319383,2.9586349,4.618415,2.0470424,-0.090381116,-0.40102878,0.4794389,-2.2643162999999995,-5.668871,-4.8225207,-4.4113164000000005,5.1265845,-6.2632318,-7.0874357,-1.590947,4.1683053999999995,5.768829,0.83138657,-2.3870192,-3.8355112,-5.0451818,-2.7491422,0.48482585,0.7823054,-1.9949685000000001,-1.4389153000000001,4.5681367,11.405977,9.462483,-8.236652000000001,-5.4761375999999995,1.5400703000000002,-0.3513491,-3.5769374,-1.8579005000000002,1.9937714,1.4796166000000002,0.8331822,2.2990322,0.7092823,-0.06344634,-0.24839842,1
0.83138657,-2.3870192,-3.8355112,-5.0451818,-2.7491422,0.48482585,0.7823054,-1.9949685000000001,-1.4389153000000001,4.5681367,11.405977,9.462483,-8.236652000000001,-5.4761375999999995,1.5400703000000002,-0.3513491,-3.5769374,-1.8579005000000002,1.9937714,1.4796166000000002,0.8331822,2.2990322,0.7092823,-0.06344634,-0.24839842,0.82899237,1.4736311000000002,-1.1252748,-2.7928362,-5.4126916,-5.5419784000000005,3.5793315999999997,-4.3520603,-2.843713,2.48159,5.258864,1.5376761,-2.333748,-5.6497173,-6.331466000000001,-2.2870612,0.7032967,0.9636662,-0.6865373,0.86131406,5.685032,10.931925,1.5280992,-6.206369400000001,-3.5356373999999997,1
0.82899237,1.4736311000000002,-1.1252748,-2.7928362,-5.4126916,-5.5419784000000005,3.5793315999999997,-4.3520603,-2.843713,2.48159,5.258864,1.5376761,-2.333748,-5.6497173,-6.331466000000001,-2.2870612,0.7032967,0.9636662,-0.6865373,0.86131406,5.685032,10.931925,1.5280992,-6.206369400000001,-3.5356373999999997,-2.0422540000000002,-3.6589386,-5.514444999999999,-3.1070752,2.368464,4.7375264,3.8851907,5.2008047,2.1452047999999997,-0.5895722,-1.1755531000000001,0.676362,-2.6030957999999997,-6.549339,-8.688558,-2.3870192,7.4693108,-4.146757,-5.6090160000000004,0.6841431,2.5689783,1.0983399999999999,-1.2671312,-3.1262288,-3.305794,1
-2.0422540000000002,-3.6589386,-5.514444999999999,-3.1070752,2.368464,4.7375264,3.8851907,5.2008047,2.1452047999999997,-0.5895722,-1.1755531000000001,0.676362,-2.6030957999999997,-6.549339,-8.688558,-2.3870192,7.4693108,-4.146757,-5.6090160000000004,0.6841431,2.5689783,1.0983399999999999,-1.2671312,-3.1262288,-3.305794,-2.8963853999999998,0.66259533,1.9357121,-0.7170634,-0.05686229,3.0663737999999996,6.179435,4.377199,-1.1300632,-3.9743748,-1.2162545,-0.95588505,-3.9516299,-4.76087,-2.1092918,2.690484,3.9121256,4.531027,4.8147397000000005,1.8596960999999999,-0.19812019,-1.2150573999999998,-4.367024,-7.421427,-5.8215012999999995,1
-2.8963853999999998,0.66259533,1.9357121,-0.7170634,-0.05686229,3.0663737999999996,6.179435,4.377199,-1.1300632,-3.9743748,-1.2162545,-0.95588505,-3.9516299,-4.76087,-2.1092918,2.690484,3.9121256,4.531027,4.8147397000000005,1.8596960999999999,-0.19812019,-1.2150573999999998,-4.367024,-7.421427,-5.8215012999999995,2.2601264,-0.39085343,-3.4859576,-1.2354081000000001,4.0396166,3.5709519999999997,0.9163806999999999,-1.4670471,-3.1453824,-3.7870286,-2.2361843999999995,-0.39444473,-2.0428526000000002,-0.87089086,3.2112230999999998,8.950125,9.980229,-1.0468647,-5.1062335999999995,-5.282207499999999,-7.135917999999999,-3.7960067000000004,0.03232172,4.905121,5.3049526,1
2.2601264,-0.39085343,-3.4859576,-1.2354081000000001,4.0396166,3.5709519999999997,0.9163806999999999,-1.4670471,-3.1453824,-3.7870286,-2.2361843999999995,-0.39444473,-2.0428526000000002,-0.87089086,3.2112230999999998,8.950125,9.980229,-1.0468647,-5.1062335999999995,-5.282207499999999,-7.135917999999999,-3.7960067000000004,0.03232172,4.905121,5.3049526,4.8267107000000005,4.841674299999999,2.5025394,-0.90381116,-1.7914615000000003,-0.28909984,-3.4249055,-3.2489316,-5.722142,-3.244742,-0.49320555,-6.381745,-1.6962918999999999,4.8320975,7.7003509999999995,2.9472623,-0.9068039000000001,-3.2064347,-5.319318,-5.278017500000001,-2.1320367,-0.66738373,-1.8710686,0.31364042,6.922235499999999,1
4.8267107000000005,4.841674299999999,2.5025394,-0.90381116,-1.7914615000000003,-0.28909984,-3.4249055,-3.2489316,-5.722142,-3.244742,-0.49320555,-6.381745,-1.6962918999999999,4.8320975,7.7003509999999995,2.9472623,-0.9068039000000001,-3.2064347,-5.319318,-5.278017500000001,-2.1320367,-0.66738373,-1.8710686,0.31364042,6.922235499999999,11.681909,4.4400473,-2.0661959999999997,-4.647744,-4.7602715,-4.947019,-4.8787847,0.05566519,3.9372647000000005,5.248090299999999,6.63972,2.8167782000000003,-1.5059528,-2.3343467999999996,-0.16160862,-2.1984756,-5.3743844,-6.013636,1.9261352999999999,7.877522,-4.9374423,-7.9768815,-3.6583402,0.7781156,2.5713725,1
11.681909,4.4400473,-2.0661959999999997,-4.647744,-4.7602715,-4.947019,-4.8787847,0.05566519,3.9372647000000005,5.248090299999999,6.63972,2.8167782000000003,-1.5059528,-2.3343467999999996,-0.16160862,-2.1984756,-5.3743844,-6.013636,1.9261352999999999,7.877522,-4.9374423,-7.9768815,-3.6583402,0.7781156,2.5713725,0.23463176,-0.76195467,-1.9812019,-2.6605566,-0.62488663,-1.2294226000000001,-2.8149827000000003,-0.5793968,3.1040826,8.167819,6.534375,-1.3748703000000002,-1.3317747,0.7703344,-0.43275195,-4.718373000000001,-4.745906400000001,-0.19033903,3.1052797,4.2862196,4.314351599999999,1.6256628999999998,-1.1198878,0.019752163,0.6817489000000001,1
0.23463176,-0.76195467,-1.9812019,-2.6605566,-0.62488663,-1.2294226000000001,-2.8149827000000003,-0.5793968,3.1040826,8.167819,6.534375,-1.3748703000000002,-1.3317747,0.7703344,-0.43275195,-4.718373000000001,-4.745906400000001,-0.19033903,3.1052797,4.2862196,4.314351599999999,1.6256628999999998,-1.1198878,0.019752163,0.6817489000000001,-3.8672342000000004,-8.810063000000001,-5.002684599999999,7.5483193,0.94690675,-7.27957,-4.2622776,1.2593501,3.1914709,0.682946,-1.4024036,-2.7527334999999997,-4.917092,-0.3800795,1.8686744,0.19632454,-1.0606314,2.0506337,6.290765,9.15842,-0.29149407,-7.353790299999999,-2.3888147,3.2507273999999997,1.8938134999999998,1
-3.8672342000000004,-8.810063000000001,-5.002684599999999,7.5483193,0.94690675,-7.27957,-4.2622776,1.2593501,3.1914709,0.682946,-1.4024036,-2.7527334999999997,-4.917092,-0.3800795,1.8686744,0.19632454,-1.0606314,2.0506337,6.290765,9.15842,-0.29149407,-7.353790299999999,-2.3888147,3.2507273999999997,1.8938134999999998,-0.16699557,0.39803603,1.1887212,0.78888947,2.2457612,2.5659857,-1.1599906999999998,-2.4384943999999997,-0.79607207,-3.276465,-7.9990277,-2.0817582999999997,3.627814,2.6312277,-5.358822,-5.7454852999999995,-0.89543146,-0.07182605,0.28371290000000005,1.1001357,2.3038206000000003,-0.55485624,-1.6142905,-2.2852653999999997,-2.0991162999999995,1
-0.16699557,0.39803603,1.1887212,0.78888947,2.2457612,2.5659857,-1.1599906999999998,-2.4384943999999997,-0.79607207,-3.276465,-7.9990277,-2.0817582999999997,3.627814,2.6312277,-5.358822,-5.7454852999999995,-0.89543146,-0.07182605,0.28371290000000005,1.1001357,2.3038206000000003,-0.55485624,-1.6142905,-2.2852653999999997,-2.0991162999999995,-2.2427685,2.6204537999999995,4.920683,8.664616,5.059547,-2.297835,-3.5356373999999997,-0.42975920000000006,-2.2930467,-2.7018566,-1.7723078,-0.10654198,2.8736405,6.8204823,4.500500700000001,0.061052144,-2.8389246,-1.216853,-1.958457,-2.9921536,-5.816713,-1.5705963,1.8746599,-4.170100700000001,-3.7708676,1
-2.2427685,2.6204537999999995,4.920683,8.664616,5.059547,-2.297835,-3.5356373999999997,-0.42975920000000006,-2.2930467,-2.7018566,-1.7723078,-0.10654198,2.8736405,6.8204823,4.500500700000001,0.061052144,-2.8389246,-1.216853,-1.958457,-2.9921536,-5.816713,-1.5705963,1.8746599,-4.170100700000001,-3.7708676,1.3341688999999999,2.4756044999999998,0.6931214,-0.9732430000000001,-1.0522517,-2.1332338,-1.4024036,-0.717662,-1.8776526000000002,-1.5897499,1.6059108,6.0441623,8.386289999999999,-0.021547815,-2.4037786,-0.29269117,-1.3365631000000002,-4.5483847,-2.7982232999999996,-0.08798691,1.6184803,4.0456023000000005,5.800552400000001,2.1643584,0.16280572,1
1.3341688999999999,2.4756044999999998,0.6931214,-0.9732430000000001,-1.0522517,-2.1332338,-1.4024036,-0.717662,-1.8776526000000002,-1.5897499,1.6059108,6.0441623,8.386289999999999,-0.021547815,-2.4037786,-0.29269117,-1.3365631000000002,-4.5483847,-2.7982232999999996,-0.08798691,1.6184803,4.0456023000000005,5.800552400000001,2.1643584,0.16280572,-0.31663316,-0.54288524,-3.3530796,-11.179127000000001,-10.025121,5.430049400000001,7.274781699999999,-3.2094273999999996,-3.5511997,-0.35254622,1.3946223999999998,0.5734113000000001,-0.79966336,-2.3355439,-3.2381577,-1.9752164,-0.19273324,-0.0041898529999999995,1.4460978999999998,3.8570589999999996,4.279635400000001,2.2876596,-0.7679402,-1.039682,0.45070848,1
-0.31663316,-0.54288524,-3.3530796,-11.179127000000001,-10.025121,5.430049400000001,7.274781699999999,-3.2094273999999996,-3.5511997,-0.35254622,1.3946223999999998,0.5734113000000001,-0.79966336,-2.3355439,-3.2381577,-1.9752164,-0.19273324,-0.0041898529999999995,1.4460978999999998,3.8570589999999996,4.279635400000001,2.2876596,-0.7679402,-1.039682,0.45070848,0.36631286,-3.843891,-3.6248214,-0.30526072,2.3259668,3.3506854,5.197812,2.8951882999999996,-0.94211835,-2.4133554,-1.264737,-3.9755719,-7.9182234,-3.1423897999999997,5.872977,0.38965634,-5.0403934,-2.094328,4.4029370000000005,4.5675383,1.2635399,-2.0572178,-3.4201171,-4.732139599999999,-1.7962499,1
0.36631286,-3.843891,-3.6248214,-0.30526072,2.3259668,3.3506854,5.197812,2.8951882999999996,-0.94211835,-2.4133554,-1.264737,-3.9755719,-7.9182234,-3.1423897999999997,5.872977,0.38965634,-5.0403934,-2.094328,4.4029370000000005,4.5675383,1.2635399,-2.0572178,-3.4201171,-4.732139599999999,-1.7962499,-0.13826515,-1.5053543,-0.8230068000000001,2.3145945,6.9647326000000005,8.075643,-3.0496144,-5.102043599999999,0.22325931,0.997185,-1.7603368000000001,-3.205836,-0.6631939,1.6597804,3.0454244999999998,4.5316253,5.895123,1.5292963,-1.9422960999999999,-1.7735048999999998,-0.1352724,-0.5847838000000001,-6.0998273,-8.024766,3.9989154,1
-0.13826515,-1.5053543,-0.8230068000000001,2.3145945,6.9647326000000005,8.075643,-3.0496144,-5.102043599999999,0.22325931,0.997185,-1.7603368000000001,-3.205836,-0.6631939,1.6597804,3.0454244999999998,4.5316253,5.895123,1.5292963,-1.9422960999999999,-1.7735048999999998,-0.1352724,-0.5847838000000001,-6.0998273,-8.024766,3.9989154,2.0045455000000003,-4.455011,-1.9213468999999996,1.6196774,-0.06703765,-0.98820674,-1.6077063999999999,-2.0925324,-3.3967736000000004,-0.8786719999999999,-0.16220717,-1.2282255,-0.12808979,4.733935400000001,10.794857,3.9372647000000005,-5.301361,-6.213552,-2.7868507,-4.3448777000000005,-4.5220485,-0.5805939,3.0550013,3.3327288999999998,5.7335142999999995,1
2.0045455000000003,-4.455011,-1.9213468999999996,1.6196774,-0.06703765,-0.98820674,-1.6077063999999999,-2.0925324,-3.3967736000000004,-0.8786719999999999,-0.16220717,-1.2282255,-0.12808979,4.733935400000001,10.794857,3.9372647000000005,-5.301361,-6.213552,-2.7868507,-4.3448777000000005,-4.5220485,-0.5805939,3.0550013,3.3327288999999998,5.7335142999999995,5.681441,0.7116765,-0.5422866999999999,-0.05626374,-0.6631939,-4.703409,-10.092757,-9.424775,5.707178,2.5582043999999997,-2.232593,1.2336124,3.809175,0.38067806,-2.1511902999999997,-3.7313633000000004,-4.1515455,-4.518457,-0.7110779,1.340753,0.6691794,0.15442601,2.1757307,7.9714947,6.4601545,1
5.681441,0.7116765,-0.5422866999999999,-0.05626374,-0.6631939,-4.703409,-10.092757,-9.424775,5.707178,2.5582043999999997,-2.232593,1.2336124,3.809175,0.38067806,-2.1511902999999997,-3.7313633000000004,-4.1515455,-4.518457,-0.7110779,1.340753,0.6691794,0.15442601,2.1757307,7.9714947,6.4601545,-2.2960392999999995,-5.9705405,-4.220978,-2.1709423,-1.845331,-1.1306617,0.53929394,3.0681696,3.6667199999999998,4.721366000000001,3.3680432000000002,-0.053869538,-1.1139023000000001,-1.7298107,-10.437522,-18.80825,5.1247888,13.014282000000001,-4.487332299999999,-9.083601,-2.9436709999999997,3.6505589999999994,3.0933087,0.37289690000000003,-1.2084733,1
-2.2960392999999995,-5.9705405,-4.220978,-2.1709423,-1.845331,-1.1306617,0.53929394,3.0681696,3.6667199999999998,4.721366000000001,3.3680432000000002,-0.053869538,-1.1139023000000001,-1.7298107,-10.437522,-18.80825,5.1247888,13.014282000000001,-4.487332299999999,-9.083601,-2.9436709999999997,3.6505589999999994,3.0933087,0.37289690000000003,-1.2084733,-2.0847511,-3.3770216,-1.4209588,1.216853,0.42018240000000007,-1.4317327,1.9470845,7.979874000000001,2.705448,-2.3062148,-6.456563500000001,0.90979666,1.2802993,-0.90620536,0.10295067,1.7866731,1.8668787,1.8064252,2.27928,1.9608511999999998,1.252766,1.0067618,-0.037110128,-2.582745,-6.953958999999999,1
-2.0847511,-3.3770216,-1.4209588,1.216853,0.42018240000000007,-1.4317327,1.9470845,7.979874000000001,2.705448,-2.3062148,-6.456563500000001,0.90979666,1.2802993,-0.90620536,0.10295067,1.7866731,1.8668787,1.8064252,2.27928,1.9608511999999998,1.252766,1.0067618,-0.037110128,-2.582745,-6.953958999999999,-12.144588,5.9148755,1.9440918000000003,-2.6072857000000003,-1.1037270000000001,0.5530606,0.14963761,-1.2551602,-2.6779146000000003,-2.3948002,-3.6032736000000005,-0.7589619000000001,1.5209166,0.29388827,0.7787141,3.7606924,9.590573,1.1348516000000002,-2.220622,-3.7433343,0.6159084,0.8170213000000001,-2.9161377,-0.7152678000000001,1.0534488000000002,1
-12.144588,5.9148755,1.9440918000000003,-2.6072857000000003,-1.1037270000000001,0.5530606,0.14963761,-1.2551602,-2.6779146000000003,-2.3948002,-3.6032736000000005,-0.7589619000000001,1.5209166,0.29388827,0.7787141,3.7606924,9.590573,1.1348516000000002,-2.220622,-3.7433343,0.6159084,0.8170213000000001,-2.9161377,-0.7152678000000001,1.0534488000000002,1.4999673,4.1419687000000005,6.31351,0.2873042,-3.86484,-2.2140381000000002,1.1198878,-0.78410107,-1.7298107,-5.7502737,-5.3983264,9.567828,-5.856816,-6.361992400000001,-1.22224,2.60968,1.0330979999999998,-1.3341688999999999,-2.9819782000000004,-4.423287999999999,-1.738789,1.7896657999999999,4.240131400000001,-0.046088383,-2.8287494,1
1.4999673,4.1419687000000005,6.31351,0.2873042,-3.86484,-2.2140381000000002,1.1198878,-0.78410107,-1.7298107,-5.7502737,-5.3983264,9.567828,-5.856816,-6.361992400000001,-1.22224,2.60968,1.0330979999999998,-1.3341688999999999,-2.9819782000000004,-4.423287999999999,-1.738789,1.7896657999999999,4.240131400000001,-0.046088383,-2.8287494,0.43993455,8.261791,12.931084,-1.0833763,-11.043854,-3.365649,0.6931214,-0.11671733,-1.5837643999999997,1.0941502,3.4039562000000005,5.177461,6.3111157,1.6232687,-3.0400376000000002,-5.185841,-2.3122002999999998,-2.4762032000000005,-5.5383873,-6.8013287,-0.51355624,12.421717,-0.59615624,-9.526527999999999,-6.331466000000001,1
0.43993455,8.261791,12.931084,-1.0833763,-11.043854,-3.365649,0.6931214,-0.11671733,-1.5837643999999997,1.0941502,3.4039562000000005,5.177461,6.3111157,1.6232687,-3.0400376000000002,-5.185841,-2.3122002999999998,-2.4762032000000005,-5.5383873,-6.8013287,-0.51355624,12.421717,-0.59615624,-9.526527999999999,-6.331466000000001,-0.04309563,1.6729485,0.83497787,1.0773908,-3.3500867,-3.0472202,0.50158525,2.1727380000000003,0.21607670000000004,-2.9741971,0.521936,5.1146135,14.22096,1.501763,-6.413468,1.6178818000000001,0.39983168,-5.386954,-5.950189599999999,-1.3024458,2.2601264,3.834314,5.907094,5.7377043,0.93493575,1
-0.04309563,1.6729485,0.83497787,1.0773908,-3.3500867,-3.0472202,0.50158525,2.1727380000000003,0.21607670000000004,-2.9741971,0.521936,5.1146135,14.22096,1.501763,-6.413468,1.6178818000000001,0.39983168,-5.386954,-5.950189599999999,-1.3024458,2.2601264,3.834314,5.907094,5.7377043,0.93493575,-1.1174936000000002,-1.3928268,-2.0296845,-3.2052376000000002,-12.372036999999999,-5.277419,5.985504,0.20231004,-3.816956,0.7290344,5.263054,3.9779660000000003,1.0528502,-1.5741876000000001,-3.743933,-6.4900823,-1.9105729999999999,1.7591397000000002,1.2964603000000001,-1.6968904999999999,1.9243397,5.4001220000000005,11.352107,1.7645266,-5.5300074,1
-1.1174936000000002,-1.3928268,-2.0296845,-3.2052376000000002,-12.372036999999999,-5.277419,5.985504,0.20231004,-3.816956,0.7290344,5.263054,3.9779660000000003,1.0528502,-1.5741876000000001,-3.743933,-6.4900823,-1.9105729999999999,1.7591397000000002,1.2964603000000001,-1.6968904999999999,1.9243397,5.4001220000000005,11.352107,1.7645266,-5.5300074,-3.3201592000000004,2.3828292,-0.41060558,-2.2104467999999997,-0.25737667,1.8866308999999997,1.7854759999999998,4.891354,4.972757,1.1324573999999998,-2.7575218999999995,-3.6505589999999994,-5.237914599999999,-8.893262,-4.064756,6.0956373,3.6134489000000003,-4.487332299999999,-5.29777,0.17357962,-0.04070143,0.03172317,-1.276708,-0.27114335,-2.0967221,1
-3.3201592000000004,2.3828292,-0.41060558,-2.2104467999999997,-0.25737667,1.8866308999999997,1.7854759999999998,4.891354,4.972757,1.1324573999999998,-2.7575218999999995,-3.6505589999999994,-5.237914599999999,-8.893262,-4.064756,6.0956373,3.6134489000000003,-4.487332299999999,-5.29777,0.17357962,-0.04070143,0.03172317,-1.276708,-0.27114335,-2.0967221,-1.4796166000000002,1.6232687,1.6711528000000002,-1.0019734,0.9032126,6.2327056,8.136695,4.5537715,-2.4462755,-4.349067,0.27174190000000004,0.5291186,-1.6334441000000002,-0.51834464,-0.37948096,0.9139864999999999,2.4672248,4.1102457,1.3754688999999998,-2.5246856,-2.0021513,0.8786719999999999,-2.6024973,-5.612008599999999,-7.138312299999999,1
-1.4796166000000002,1.6232687,1.6711528000000002,-1.0019734,0.9032126,6.2327056,8.136695,4.5537715,-2.4462755,-4.349067,0.27174190000000004,0.5291186,-1.6334441000000002,-0.51834464,-0.37948096,0.9139864999999999,2.4672248,4.1102457,1.3754688999999998,-2.5246856,-2.0021513,0.8786719999999999,-2.6024973,-5.612008599999999,-7.138312299999999,3.4739866000000004,6.6971807,-7.147290700000001,-7.587225,-2.220622,3.2890346,2.1954830000000003,0.16340427,-1.2354081000000001,-1.6154876,0.34296940000000004,2.094328,0.20470424,-4.4897265,-3.7421372,1.6412252,11.256339,6.1363389999999995,-4.871003,-1.4891934,1.3305776000000002,-0.7015011,-2.706645,-1.6873136999999998,-0.33698390000000006,1
3.4739866000000004,6.6971807,-7.147290700000001,-7.587225,-2.220622,3.2890346,2.1954830000000003,0.16340427,-1.2354081000000001,-1.6154876,0.34296940000000004,2.094328,0.20470424,-4.4897265,-3.7421372,1.6412252,11.256339,6.1363389999999995,-4.871003,-1.4891934,1.3305776000000002,-0.7015011,-2.706645,-1.6873136999999998,-0.33698390000000006,1.9357121,4.0222587999999995,4.4029370000000005,0.6344634,-3.0472202,-3.1681272999999996,-1.6531962,-3.7187938999999997,-8.340200999999999,-2.765303,8.261192999999999,5.158906,-6.3769565,-5.104438,0.48362875,3.5523968,1.5580268,-1.7645266,-3.7900212,-5.3049526,-1.4197617,1.9913772,0.87807345,-2.2888567,0.19871874,1
1.9357121,4.0222587999999995,4.4029370000000005,0.6344634,-3.0472202,-3.1681272999999996,-1.6531962,-3.7187938999999997,-8.340200999999999,-2.765303,8.261192999999999,5.158906,-6.3769565,-5.104438,0.48362875,3.5523968,1.5580268,-1.7645266,-3.7900212,-5.3049526,-1.4197617,1.9913772,0.87807345,-2.2888567,0.19871874,2.4378957999999997,11.203667,10.821193,-8.519167999999999,-4.0845080000000005,2.2146366000000004,0.45549688,-2.2882583,0.12988544,0.17357962,1.1971009,1.0402806,0.025139118,-1.1725603,-0.47225627,1.7459716,0.78410107,-0.90381116,-10.359711,-9.694122,10.93791,-1.1629834,-8.135497,-4.6860514,1.5897499,1
2.4378957999999997,11.203667,10.821193,-8.519167999999999,-4.0845080000000005,2.2146366000000004,0.45549688,-2.2882583,0.12988544,0.17357962,1.1971009,1.0402806,0.025139118,-1.1725603,-0.47225627,1.7459716,0.78410107,-0.90381116,-10.359711,-9.694122,10.93791,-1.1629834,-8.135497,-4.6860514,1.5897499,3.7247794,2.1146786,-0.97264445,-3.0226796,-1.965041,2.8520927000000005,2.0003555,-2.4067712,0.073621705,4.666898000000001,5.1505265,-2.8060042999999997,-8.938153,-2.3062148,5.8681884,0.6326678000000001,-5.581483,-2.8712463,-0.8631097,1.8644845,4.3520603,4.4436383,-0.15263036,-1.8764555,0.15263036,1
3.7247794,2.1146786,-0.97264445,-3.0226796,-1.965041,2.8520927000000005,2.0003555,-2.4067712,0.073621705,4.666898000000001,5.1505265,-2.8060042999999997,-8.938153,-2.3062148,5.8681884,0.6326678000000001,-5.581483,-2.8712463,-0.8631097,1.8644845,4.3520603,4.4436383,-0.15263036,-1.8764555,0.15263036,-1.2605472,-9.451111000000001,-6.803723,3.518878,8.428188,-3.8097733999999996,-4.831499,0.14724341,1.5328877,-0.047285482000000004,-1.1737574,-3.6260185,-5.7784057,-1.7507599999999999,1.7471686999999998,1.9369092,-1.2294226000000001,1.3072342,5.4432178,9.190742,5.094861,-8.4108305,-7.454347,0.17776948,-1.6783354,1
-1.2605472,-9.451111000000001,-6.803723,3.518878,8.428188,-3.8097733999999996,-4.831499,0.14724341,1.5328877,-0.047285482000000004,-1.1737574,-3.6260185,-5.7784057,-1.7507599999999999,1.7471686999999998,1.9369092,-1.2294226000000001,1.3072342,5.4432178,9.190742,5.094861,-8.4108305,-7.454347,0.17776948,-1.6783354,-2.9765912999999995,-1.0187328000000002,1.4413095,5.321712000000001,6.605003999999999,3.9366663,-0.24480712,-2.759916,-1.3503298000000001,-3.9785647000000006,-10.549451,-6.892308,6.035183999999999,7.127538700000001,-7.5106106,-8.179192,0.7577648,4.395156,2.5031377999999997,0.7356185000000001,-0.6769605,-4.800973,-2.1146786,-0.41120413,-2.0883423999999997,1
-2.9765912999999995,-1.0187328000000002,1.4413095,5.321712000000001,6.605003999999999,3.9366663,-0.24480712,-2.759916,-1.3503298000000001,-3.9785647000000006,-10.549451,-6.892308,6.035183999999999,7.127538700000001,-7.5106106,-8.179192,0.7577648,4.395156,2.5031377999999997,0.7356185000000001,-0.6769605,-4.800973,-2.1146786,-0.41120413,-2.0883423999999997,-1.5257049999999999,0.82240826,7.550114999999999,7.148487599999999,-0.18495208,-2.2786815,-1.520318,-3.0298622,-6.8228765,-4.684255599999999,0.7314286,5.9651537,7.1431007,7.032967599999999,2.457648,-3.6888663999999998,-5.085284,-1.091756,-3.2872388,-6.4972650000000005,-7.561487700000001,3.7642837,13.442245499999999,-4.074930999999999,-9.479242999999999,1
-1.5257049999999999,0.82240826,7.550114999999999,7.148487599999999,-0.18495208,-2.2786815,-1.520318,-3.0298622,-6.8228765,-4.684255599999999,0.7314286,5.9651537,7.1431007,7.032967599999999,2.457648,-3.6888663999999998,-5.085284,-1.091756,-3.2872388,-6.4972650000000005,-7.561487700000001,3.7642837,13.442245499999999,-4.074930999999999,-9.479242999999999,-4.022857,-1.1647792,-1.0953473,-2.0745756999999996,-2.143409,-0.7230489,2.191293,4.8739963,-0.110731825,-3.690662,-2.0620062,0.5033809,4.924274400000001,10.434529,-4.832696,-8.210915,2.5001452,-0.6380547,-4.07134,-1.8728642,1.4024036,3.6816837999999996,7.4950485,3.6996403,-1.0534488000000002,1
-4.022857,-1.1647792,-1.0953473,-2.0745756999999996,-2.143409,-0.7230489,2.191293,4.8739963,-0.110731825,-3.690662,-2.0620062,0.5033809,4.924274400000001,10.434529,-4.832696,-8.210915,2.5001452,-0.6380547,-4.07134,-1.8728642,1.4024036,3.6816837999999996,7.4950485,3.6996403,-1.0534488000000002,-2.178125,-0.52073884,-3.0723592999999996,-9.364322,-11.94168,3.5170822,10.019734,-2.0219033,-5.305551,0.8062474000000001,3.2866404,0.6087258000000001,-0.9498995000000001,-2.4277205000000004,-3.8708254999999996,0.30107087,1.8896236000000002,-1.1450268999999997,-2.5677812,0.85413146,7.536348299999999,10.143634,-1.2216414,-4.024653,4.776432499999999,1
-2.178125,-0.52073884,-3.0723592999999996,-9.364322,-11.94168,3.5170822,10.019734,-2.0219033,-5.305551,0.8062474000000001,3.2866404,0.6087258000000001,-0.9498995000000001,-2.4277205000000004,-3.8708254999999996,0.30107087,1.8896236000000002,-1.1450268999999997,-2.5677812,0.85413146,7.536348299999999,10.143634,-1.2216414,-4.024653,4.776432499999999,1.9656396,-6.6959834,-4.699818,0.002992752,2.8048072,4.3574470000000005,5.565322,2.0560207,-1.8860323,-2.4241292000000003,-0.45908818,-1.1779473,-1.9812019,-8.524555,-4.906317700000001,10.899005,-0.86969376,-6.523601,-2.5067291000000003,2.0434509999999997,1.6136919,0.08319851,-0.44472298,-1.6693572,-2.1386206000000003,1
1.9656396,-6.6959834,-4.699818,0.002992752,2.8048072,4.3574470000000005,5.565322,2.0560207,-1.8860323,-2.4241292000000003,-0.45908818,-1.1779473,-1.9812019,-8.524555,-4.906317700000001,10.899005,-0.86969376,-6.523601,-2.5067291000000003,2.0434509999999997,1.6136919,0.08319851,-0.44472298,-1.6693572,-2.1386206000000003,0.1448492,-1.1067197,-2.0123265,0.7086836999999999,7.739257,6.407482,0.83378077,-6.1022215,-2.496554,3.5212722000000003,-2.3223755,-5.415086,-2.079364,1.3335704,3.876811,6.917447,7.566275999999999,0.30286652,-1.8680758000000002,-1.3227965,-2.110489,-10.974422,-4.0162735000000005,5.2325277,0.16340427,1
0.1448492,-1.1067197,-2.0123265,0.7086836999999999,7.739257,6.407482,0.83378077,-6.1022215,-2.496554,3.5212722000000003,-2.3223755,-5.415086,-2.079364,1.3335704,3.876811,6.917447,7.566275999999999,0.30286652,-1.8680758000000002,-1.3227965,-2.110489,-10.974422,-4.0162735000000005,5.2325277,0.16340427,-5.01705,-3.5021186,1.8483237000000001,2.3253684,0.7320272,-0.825401,-1.7872716,-3.8385038000000002,-0.9576806999999999,1.8333599999999999,-1.2838906,0.35314476,5.653907299999999,9.88925,5.043386,-2.8335377999999998,-7.2664022,-1.5185224,-1.0726023999999998,-2.3475148999999997,1.0324994,3.0561984,1.7741034,3.7217865,3.0214825000000003,1
-5.01705,-3.5021186,1.8483237000000001,2.3253684,0.7320272,-0.825401,-1.7872716,-3.8385038000000002,-0.9576806999999999,1.8333599999999999,-1.2838906,0.35314476,5.653907299999999,9.88925,5.043386,-2.8335377999999998,-7.2664022,-1.5185224,-1.0726023999999998,-2.3475148999999997,1.0324994,3.0561984,1.7741034,3.7217865,3.0214825000000003,0.16639702,-1.1869254999999999,-0.3405752,-2.3050177000000005,-9.304466,-11.062408999999999,-2.9712042999999997,5.5383873,-2.1380222,-2.4289176,1.9782091,1.7322049,1.8710686,0.6075286999999999,0.05566519,-1.9321207999999999,-0.18435353,-0.53570265,-2.1517887000000004,-2.915539,-0.05626374,5.209783,9.953894,1.5101427,-2.8874072999999996,1
0.16639702,-1.1869254999999999,-0.3405752,-2.3050177000000005,-9.304466,-11.062408999999999,-2.9712042999999997,5.5383873,-2.1380222,-2.4289176,1.9782091,1.7322049,1.8710686,0.6075286999999999,0.05566519,-1.9321207999999999,-0.18435353,-0.53570265,-2.1517887000000004,-2.915539,-0.05626374,5.209783,9.953894,1.5101427,-2.8874072999999996,-0.7721300999999999,-0.4985925,-4.7393220000000005,-4.3807906999999995,-1.1348516000000002,3.4721910000000005,6.1094040000000005,7.0688806,4.258686,-0.57161564,-2.2990322,-2.420538,-6.451176599999999,-9.988011,-4.9200845,1.3976152,0.14844051,0.42377370000000003,4.5723267,3.1794999,0.5470751,-3.0556,-3.606865,-4.245518,-2.4109612,1
-0.7721300999999999,-0.4985925,-4.7393220000000005,-4.3807906999999995,-1.1348516000000002,3.4721910000000005,6.1094040000000005,7.0688806,4.258686,-0.57161564,-2.2990322,-2.420538,-6.451176599999999,-9.988011,-4.9200845,1.3976152,0.14844051,0.42377370000000003,4.5723267,3.1794999,0.5470751,-3.0556,-3.606865,-4.245518,-2.4109612,0.86251116,0.41479546,-1.4760253,0.8158241999999999,6.3907228,10.402806,5.4043117,-4.6363715999999995,-3.8534677000000004,-1.4790181,-2.8592752999999997,-4.8500543,-2.0769699,0.65900403,2.8604724,5.4288526,6.778583500000001,1.8010383,-1.7621324,-1.4478935,-2.8078,-9.389461,-12.687472999999999,5.6760535,11.031284,1
0.86251116,0.41479546,-1.4760253,0.8158241999999999,6.3907228,10.402806,5.4043117,-4.6363715999999995,-3.8534677000000004,-1.4790181,-2.8592752999999997,-4.8500543,-2.0769699,0.65900403,2.8604724,5.4288526,6.778583500000001,1.8010383,-1.7621324,-1.4478935,-2.8078,-9.389461,-12.687472999999999,5.6760535,11.031284,-3.003526,-5.8921304,-1.1264718999999999,3.2513257999999996,3.341707,-0.018555064,-3.141791,-2.6018987,-2.967613,0.16819267,1.8632874,-0.28431144,0.6811504,7.381324,8.148665,-1.2330139,-1.6424223000000002,-3.2573112999999996,-2.3774424,-5.9998693,-2.9730000000000003,0.30047232,4.823119,5.106832,4.8135424,1
-3.003526,-5.8921304,-1.1264718999999999,3.2513257999999996,3.341707,-0.018555064,-3.141791,-2.6018987,-2.967613,0.16819267,1.8632874,-0.28431144,0.6811504,7.381324,8.148665,-1.2330139,-1.6424223000000002,-3.2573112999999996,-2.3774424,-5.9998693,-2.9730000000000003,0.30047232,4.823119,5.106832,4.8135424,4.301183,-0.7835025,-3.0244752999999998,-2.147599,-3.5619736000000004,-7.2873516,-3.2836475,1.6352396999999999,-0.79846627,-3.6798879999999996,-2.7539306,2.8155810000000003,4.1695023,1.1444284,-1.050456,-2.3032220000000003,-1.6891093000000001,-1.6232687,0.57760113,0.74758947,-0.95827925,1.7944542,12.474389,9.561843,-3.4189199999999995,1
4.301183,-0.7835025,-3.0244752999999998,-2.147599,-3.5619736000000004,-7.2873516,-3.2836475,1.6352396999999999,-0.79846627,-3.6798879999999996,-2.7539306,2.8155810000000003,4.1695023,1.1444284,-1.050456,-2.3032220000000003,-1.6891093000000001,-1.6232687,0.57760113,0.74758947,-0.95827925,1.7944542,12.474389,9.561843,-3.4189199999999995,-8.310872999999999,-4.303577400000001,-1.8040310000000002,-4.223970400000001,-1.9746178,1.9560628,4.4089220000000005,4.8841715,5.903503,1.8495207999999999,-2.6030957999999997,-2.882619,-0.43035775,-2.5893292000000003,-6.360196599999999,-9.081207000000001,-0.17956513,17.20234,-4.1706996,-6.256049,-1.6699557,-0.8714894,-0.8218097,-0.5542577,-1.7860744999999998,1
-8.310872999999999,-4.303577400000001,-1.8040310000000002,-4.223970400000001,-1.9746178,1.9560628,4.4089220000000005,4.8841715,5.903503,1.8495207999999999,-2.6030957999999997,-2.882619,-0.43035775,-2.5893292000000003,-6.360196599999999,-9.081207000000001,-0.17956513,17.20234,-4.1706996,-6.256049,-1.6699557,-0.8714894,-0.8218097,-0.5542577,-1.7860744999999998,-2.2643162999999995,-1.9806032999999998,1.1288661,0.89064306,-1.5676036,-1.3497312,3.1561562999999997,12.479177,12.719196,-11.737574,-11.905168,-1.6502035,0.5021838,-1.7244238,0.41000703,2.4821887,4.936245400000001,5.819107,4.7189717,0.17118542,-2.6874914,-2.9173348,-3.0550013,-4.741118,-7.0593038,1
-2.2643162999999995,-1.9806032999999998,1.1288661,0.89064306,-1.5676036,-1.3497312,3.1561562999999997,12.479177,12.719196,-11.737574,-11.905168,-1.6502035,0.5021838,-1.7244238,0.41000703,2.4821887,4.936245400000001,5.819107,4.7189717,0.17118542,-2.6874914,-2.9173348,-3.0550013,-4.741118,-7.0593038,-1.0301052,3.7098155,-0.89662856,0.031124622,4.131195,1.2174516000000002,-0.52612585,-3.5625722,-3.4105402999999996,-2.902371,-1.905186,1.0935516,-1.1174936000000002,-2.0326772,0.82480246,9.848549,8.059482000000001,1.9105729999999999,-0.7194576,-3.5182792999999997,-8.775348,-9.095572,-4.216787999999999,1.4119805,3.8995559999999996,1
-1.0301052,3.7098155,-0.89662856,0.031124622,4.131195,1.2174516000000002,-0.52612585,-3.5625722,-3.4105402999999996,-2.902371,-1.905186,1.0935516,-1.1174936000000002,-2.0326772,0.82480246,9.848549,8.059482000000001,1.9105729999999999,-0.7194576,-3.5182792999999997,-8.775348,-9.095572,-4.216787999999999,1.4119805,3.8995559999999996,4.0599675,4.855441000000001,4.4999022,1.4718354999999999,-0.29149407,-0.094570965,-3.6080620000000003,-7.098808,-11.213842,0.23582886,3.8600516000000002,-2.2319946,-1.5604209999999998,4.460996,5.252279799999999,1.5508442,-1.5879543,-2.529474,-3.1429882,-3.0292637000000004,-1.5209166,-2.2170308,-1.4281414,2.9765912999999995,11.060614,1
4.0599675,4.855441000000001,4.4999022,1.4718354999999999,-0.29149407,-0.094570965,-3.6080620000000003,-7.098808,-11.213842,0.23582886,3.8600516000000002,-2.2319946,-1.5604209999999998,4.460996,5.252279799999999,1.5508442,-1.5879543,-2.529474,-3.1429882,-3.0292637000000004,-1.5209166,-2.2170308,-1.4281414,2.9765912999999995,11.060614,2.4863784,1.3186066,-1.4413095,-2.6060886,-6.870162,-8.589199,-2.870648,1.7232267,3.9917328000000003,4.698621,6.460753400000001,3.116652,0.3196259,-0.48722005,-0.6290765,-3.3279405,-8.554482,-9.920375,1.5933412,3.697246,1.7154455000000002,5.1122193,4.918288700000001,0.9139864999999999,-3.1483752999999997,1
2.4863784,1.3186066,-1.4413095,-2.6060886,-6.870162,-8.589199,-2.870648,1.7232267,3.9917328000000003,4.698621,6.460753400000001,3.116652,0.3196259,-0.48722005,-0.6290765,-3.3279405,-8.554482,-9.920375,1.5933412,3.697246,1.7154455000000002,5.1122193,4.918288700000001,0.9139864999999999,-3.1483752999999997,-6.500856400000001,-6.535572,-4.307169,-0.25857377,1.0360907,-0.21547815,1.4814123,9.694721000000001,13.391967000000001,0.64942724,-4.200627,-6.2644286,-3.1962593,-2.7275944,-1.0295067,1.9015948,3.1250317,3.0992942,4.7842135,1.9387047999999998,-2.4762032000000005,-2.767697,-1.0654198000000001,-1.939902,-3.7211879999999997,1
-6.500856400000001,-6.535572,-4.307169,-0.25857377,1.0360907,-0.21547815,1.4814123,9.694721000000001,13.391967000000001,0.64942724,-4.200627,-6.2644286,-3.1962593,-2.7275944,-1.0295067,1.9015948,3.1250317,3.0992942,4.7842135,1.9387047999999998,-2.4762032000000005,-2.767697,-1.0654198000000001,-1.939902,-3.7211879999999997,-8.921394,-5.461174,7.654263,0.05566519,-1.1653777,2.6623523,3.229778,0.21128829999999998,-2.131438,-3.115455,-1.9710265,-1.6208745,0.38127659999999997,0.046088383,0.7374141,2.345719,6.103419000000001,0.17178397,3.4985273,-0.46686932,-2.7838580000000004,-6.4505777,-5.9172697,-3.9151182,-0.99299514,1
-8.921394,-5.461174,7.654263,0.05566519,-1.1653777,2.6623523,3.229778,0.21128829999999998,-2.131438,-3.115455,-1.9710265,-1.6208745,0.38127659999999997,0.046088383,0.7374141,2.345719,6.103419000000001,0.17178397,3.4985273,-0.46686932,-2.7838580000000004,-6.4505777,-5.9172697,-3.9151182,-0.99299514,1.8441339,1.5861586,4.609437000000001,3.5488055,1.8321629000000001,0.7200562,0.3669114,-0.8924386999999999,-5.474342299999999,-15.923237,-0.7152678000000001,8.778939,-1.2144588,0.059855044,2.3307555,1.4640543,-0.8086416000000001,-3.3985693,-2.9269116000000004,-3.4967315,-1.2006921999999998,2.3038206000000003,0.43993455,1.376666,5.4509989999999995,1
1.8441339,1.5861586,4.609437000000001,3.5488055,1.8321629000000001,0.7200562,0.3669114,-0.8924386999999999,-5.474342299999999,-15.923237,-0.7152678000000001,8.778939,-1.2144588,0.059855044,2.3307555,1.4640543,-0.8086416000000001,-3.3985693,-2.9269116000000004,-3.4967315,-1.2006921999999998,2.3038206000000003,0.43993455,1.376666,5.4509989999999995,4.807557,-1.0935516,-0.6374562,-2.0410569,-1.6304513,-3.6595372999999998,-3.3662476999999997,1.0941502,2.0685901999999996,1.3670892,1.264737,0.5494693,1.1749545,1.2659341,0.19093758,-3.6774937999999993,-9.294889,-3.891775,6.171055,-2.0709844,-5.9956794,-2.0129251,4.9224787,4.423287999999999,1.9614497,1
4.807557,-1.0935516,-0.6374562,-2.0410569,-1.6304513,-3.6595372999999998,-3.3662476999999997,1.0941502,2.0685901999999996,1.3670892,1.264737,0.5494693,1.1749545,1.2659341,0.19093758,-3.6774937999999993,-9.294889,-3.891775,6.171055,-2.0709844,-5.9956794,-2.0129251,4.9224787,4.423287999999999,1.9614497,-0.8559271,-1.4221559,-3.217807,-4.189853,-0.20590134,0.6607997,1.1252748,4.267066000000001,11.350311,-0.7727286,2.5181017000000003,-1.9405005000000002,-4.466982,-7.5189905,-4.31495,0.8858546,1.8770541,0.3788824,0.97623575,0.56982,-1.0582372,2.134431,2.2655133999999997,-0.53450555,-5.2684407,1
-0.8559271,-1.4221559,-3.217807,-4.189853,-0.20590134,0.6607997,1.1252748,4.267066000000001,11.350311,-0.7727286,2.5181017000000003,-1.9405005000000002,-4.466982,-7.5189905,-4.31495,0.8858546,1.8770541,0.3788824,0.97623575,0.56982,-1.0582372,2.134431,2.2655133999999997,-0.53450555,-5.2684407,-7.705139599999999,6.2883705999999995,8.115746000000001,-9.832388,-8.356361999999999,-1.0133458,5.270835,5.3402667,3.0029275,-0.3800795,-3.0011318,-4.143166000000001,-0.030526072,-0.54168814,-1.751957,2.0524294,7.1125746,8.698733,1.8561048999999998,-3.6888663999999998,-2.8083985,-5.329493,-5.563526,-2.4199393,2.2056582000000002,1
-7.705139599999999,6.2883705999999995,8.115746000000001,-9.832388,-8.356361999999999,-1.0133458,5.270835,5.3402667,3.0029275,-0.3800795,-3.0011318,-4.143166000000001,-0.030526072,-0.54168814,-1.751957,2.0524294,7.1125746,8.698733,1.8561048999999998,-3.6888663999999998,-2.8083985,-5.329493,-5.563526,-2.4199393,2.2056582000000002,3.8241386,3.3399115,5.1319714,2.8604724,0.79966336,0.8900445,-0.33758244,-7.0395517000000005,-15.160684,-9.837775,4.3299136,1.9632453999999997,-0.30585927,3.9504328,5.533599,1.8327613999999999,-1.9644424999999999,-5.1259856,-3.942053,-4.3406877999999995,0.038307227,2.8353333,0.04129998,-1.7004818,3.441665,1
3.8241386,3.3399115,5.1319714,2.8604724,0.79966336,0.8900445,-0.33758244,-7.0395517000000005,-15.160684,-9.837775,4.3299136,1.9632453999999997,-0.30585927,3.9504328,5.533599,1.8327613999999999,-1.9644424999999999,-5.1259856,-3.942053,-4.3406877999999995,0.038307227,2.8353333,0.04129998,-1.7004818,3.441665,5.751471,5.740697,0.46447513,-2.107496,-0.30705637,-2.8455088,-6.035782299999999,-5.7137623,-1.9823990000000002,2.40318,3.7463272000000005,5.2846017,4.244321,2.0590134,0.82719666,1.0582372,-1.5783775,-4.785411,-17.608156,-1.6585832999999999,8.159439,0.51116204,-0.4441244000000001,3.5302502999999996,2.9466639,1
5.751471,5.740697,0.46447513,-2.107496,-0.30705637,-2.8455088,-6.035782299999999,-5.7137623,-1.9823990000000002,2.40318,3.7463272000000005,5.2846017,4.244321,2.0590134,0.82719666,1.0582372,-1.5783775,-4.785411,-17.608156,-1.6585832999999999,8.159439,0.51116204,-0.4441244000000001,3.5302502999999996,2.9466639,-0.415394,-2.2361843999999995,-3.1046810000000002,-2.4133554,-1.1899183,0.52852005,1.1073183000000002,-0.108936176,2.3942018,8.0127945,3.3680432000000002,-0.21607670000000004,-1.3850456,-5.6341553,-7.153875,-5.5778913,-2.878429,2.7030537,5.4863133,3.265691,3.8762126000000006,1.9147629000000002,0.7290344,0.05327099,-1.0480618,1
-0.415394,-2.2361843999999995,-3.1046810000000002,-2.4133554,-1.1899183,0.52852005,1.1073183000000002,-0.108936176,2.3942018,8.0127945,3.3680432000000002,-0.21607670000000004,-1.3850456,-5.6341553,-7.153875,-5.5778913,-2.878429,2.7030537,5.4863133,3.265691,3.8762126000000006,1.9147629000000002,0.7290344,0.05327099,-1.0480618,-5.191228,-11.840525,-1.9800048,7.9846625,-3.8654387000000003,-4.705803400000001,-1.2755108999999998,2.1529857999999997,3.2974143,0.6925228,-2.055422,-2.5450362999999996,-2.2828712,-1.1139023000000001,1.2090718999999999,-1.1007341999999998,-3.9474400999999997,-0.7870938000000001,13.0280485,8.668207,-3.4578260000000003,-1.555034,-0.9504981,-5.815516000000001,-10.108319,1
-5.191228,-11.840525,-1.9800048,7.9846625,-3.8654387000000003,-4.705803400000001,-1.2755108999999998,2.1529857999999997,3.2974143,0.6925228,-2.055422,-2.5450362999999996,-2.2828712,-1.1139023000000001,1.2090718999999999,-1.1007341999999998,-3.9474400999999997,-0.7870938000000001,13.0280485,8.668207,-3.4578260000000003,-1.555034,-0.9504981,-5.815516000000001,-10.108319,-3.9689879999999995,2.4289176,4.3388919999999995,4.9542017,5.9041014,3.1184477999999998,-0.48722005,-1.7507599999999999,-2.055422,-3.1316159,-2.759916,-0.32501290000000005,-7.2167225,-5.4342394,-4.373009,3.578733,7.37055,1.9728221999999997,-1.8549078,-4.140772,-2.5450362999999996,-1.8327613999999999,0.6332663000000001,1.1390414,-1.5807717,1
-3.9689879999999995,2.4289176,4.3388919999999995,4.9542017,5.9041014,3.1184477999999998,-0.48722005,-1.7507599999999999,-2.055422,-3.1316159,-2.759916,-0.32501290000000005,-7.2167225,-5.4342394,-4.373009,3.578733,7.37055,1.9728221999999997,-1.8549078,-4.140772,-2.5450362999999996,-1.8327613999999999,0.6332663000000001,1.1390414,-1.5807717,-3.5266589999999995,3.071761,8.874707,6.077681,1.857302,-1.3850456,-6.826467500000001,-6.1243677000000005,-3.4793737,-0.24660277,2.4612392999999995,2.2457612,2.8281507,2.3642743,0.4950012,-0.41838676,0.22625206,-1.4041992,-4.6686935,-5.8161144,-4.9135003,-0.24420857,-4.7979803,-1.8716671000000003,4.326921,1
-3.5266589999999995,3.071761,8.874707,6.077681,1.857302,-1.3850456,-6.826467500000001,-6.1243677000000005,-3.4793737,-0.24660277,2.4612392999999995,2.2457612,2.8281507,2.3642743,0.4950012,-0.41838676,0.22625206,-1.4041992,-4.6686935,-5.8161144,-4.9135003,-0.24420857,-4.7979803,-1.8716671000000003,4.326921,3.3961751000000002,0.52253455,-2.8748376,-4.197036,-5.0122614,-3.2267854,0.39444473,3.2495303,1.9710265,-1.5837643999999997,-0.7092823,4.6591167,12.859856,8.533533,-7.198765799999999,-10.237606,-4.373608,-4.9278655,-5.167286,-1.0833763,2.3343467999999996,1.5658079,2.8215668,4.320337,3.6367924,1
3.3961751000000002,0.52253455,-2.8748376,-4.197036,-5.0122614,-3.2267854,0.39444473,3.2495303,1.9710265,-1.5837643999999997,-0.7092823,4.6591167,12.859856,8.533533,-7.198765799999999,-10.237606,-4.373608,-4.9278655,-5.167286,-1.0833763,2.3343467999999996,1.5658079,2.8215668,4.320337,3.6367924,1.0103531,-0.64703304,-2.0715830000000004,-7.2975270000000005,-8.537125,-0.9187749,2.1051017999999995,-3.6924577000000003,-4.2556934,2.6491842,7.682993400000001,7.630919500000001,2.2529437999999997,-2.0320787,-4.0755300000000005,-5.9956794,-5.4240639999999996,-2.8850130000000003,-1.091756,-0.9235633,3.8504747999999998,13.714585999999999,7.6572556,-2.8909986,-4.869208,1
1.0103531,-0.64703304,-2.0715830000000004,-7.2975270000000005,-8.537125,-0.9187749,2.1051017999999995,-3.6924577000000003,-4.2556934,2.6491842,7.682993400000001,7.630919500000001,2.2529437999999997,-2.0320787,-4.0755300000000005,-5.9956794,-5.4240639999999996,-2.8850130000000003,-1.091756,-0.9235633,3.8504747999999998,13.714585999999999,7.6572556,-2.8909986,-4.869208,-3.6194344,-1.9267338999999999,-2.3762453,-0.85413146,3.0059202000000003,4.4059295999999994,0.3657143,1.3802572,2.2182279,0.6697779,-0.81522566,-2.1062990000000004,-2.813187,-4.0054994,-2.4019828,-5.807136,-5.42167,-3.0897174,4.321534,5.303157,3.2513257999999996,0.6919243,-0.9864110999999999,-1.7567455,-1.8938134999999998,1
-3.6194344,-1.9267338999999999,-2.3762453,-0.85413146,3.0059202000000003,4.4059295999999994,0.3657143,1.3802572,2.2182279,0.6697779,-0.81522566,-2.1062990000000004,-2.813187,-4.0054994,-2.4019828,-5.807136,-5.42167,-3.0897174,4.321534,5.303157,3.2513257999999996,0.6919243,-0.9864110999999999,-1.7567455,-1.8938134999999998,-2.6270377999999996,-1.8501193999999999,-2.966416,-4.596867,-2.0715830000000004,11.128848,17.258602,4.964976,-3.2231941,-3.9097313999999996,-5.3444567,-3.8163576,-4.7267528,-1.3952209999999998,3.6984432000000003,2.0775685,0.026934769,2.895787,3.0986955000000003,2.7682957999999998,1.0486604,-1.9704279999999998,-6.6445084,-8.935161,0.062249242999999996,1
-2.6270377999999996,-1.8501193999999999,-2.966416,-4.596867,-2.0715830000000004,11.128848,17.258602,4.964976,-3.2231941,-3.9097313999999996,-5.3444567,-3.8163576,-4.7267528,-1.3952209999999998,3.6984432000000003,2.0775685,0.026934769,2.895787,3.0986955000000003,2.7682957999999998,1.0486604,-1.9704279999999998,-6.6445084,-8.935161,0.062249242999999996,-1.4634558000000002,-3.2369606,-0.3345897,4.0839095,5.313332,0.7565677,-2.8413188,-4.8524485,-4.493318,-4.0162735000000005,-0.5351041,1.6849195,1.3455413999999999,-1.0875661,-0.14784196,5.4168816,11.872247999999999,7.261015400000001,-6.9904703999999995,-5.2157683,-1.8632874,-1.4490906000000001,-3.5829230000000005,-3.615843,0.7661445,1
-1.4634558000000002,-3.2369606,-0.3345897,4.0839095,5.313332,0.7565677,-2.8413188,-4.8524485,-4.493318,-4.0162735000000005,-0.5351041,1.6849195,1.3455413999999999,-1.0875661,-0.14784196,5.4168816,11.872247999999999,7.261015400000001,-6.9904703999999995,-5.2157683,-1.8632874,-1.4490906000000001,-3.5829230000000005,-3.615843,0.7661445,3.2956185,1.5640123,3.0472202,3.2812532999999995,1.6077063999999999,-0.5907693,-1.5777789,-2.89459,-5.4312468,-1.6448165000000001,-5.106832,-5.213972599999999,-2.4636335,3.3818099999999998,5.5826797,3.9354692000000004,0.9947908000000001,-0.8846575000000001,-2.8113914,-1.9123686999999998,-3.566762,-3.4476504,-1.4622587,-0.90859956,1.4628572,1
3.2956185,1.5640123,3.0472202,3.2812532999999995,1.6077063999999999,-0.5907693,-1.5777789,-2.89459,-5.4312468,-1.6448165000000001,-5.106832,-5.213972599999999,-2.4636335,3.3818099999999998,5.5826797,3.9354692000000004,0.9947908000000001,-0.8846575000000001,-2.8113914,-1.9123686999999998,-3.566762,-3.4476504,-1.4622587,-0.90859956,1.4628572,5.960365299999999,8.277353999999999,2.7042507999999996,3.8391025,2.086547,-2.2637177000000004,-5.3863554,-6.0405707,-4.679467,-1.4221559,1.9141643,1.5197195,1.6609775000000002,3.714604,2.855684,1.8201918999999998,0.55964464,-0.7577648,-1.8980032999999998,-4.295198,-0.9211690999999999,-0.76075757,-5.158906,-3.982156,-1.0839748,1
5.960365299999999,8.277353999999999,2.7042507999999996,3.8391025,2.086547,-2.2637177000000004,-5.3863554,-6.0405707,-4.679467,-1.4221559,1.9141643,1.5197195,1.6609775000000002,3.714604,2.855684,1.8201918999999998,0.55964464,-0.7577648,-1.8980032999999998,-4.295198,-0.9211690999999999,-0.76075757,-5.158906,-3.982156,-1.0839748,2.3995886000000004,4.578911,4.607641,1.0989386,-1.8118121999999999,-3.3608606,-2.9257145,-2.7922377999999997,-2.1883004,-2.0368671000000003,-1.7663223000000001,0.39324763,4.144362999999999,6.361394000000001,4.3179426,5.807735,2.5408466,-1.9416976000000001,-5.5898623,-8.022371000000001,-7.219714999999999,-2.3756466,2.4109612,2.4007857000000006,3.3967736000000004,1
2.3995886000000004,4.578911,4.607641,1.0989386,-1.8118121999999999,-3.3608606,-2.9257145,-2.7922377999999997,-2.1883004,-2.0368671000000003,-1.7663223000000001,0.39324763,4.144362999999999,6.361394000000001,4.3179426,5.807735,2.5408466,-1.9416976000000001,-5.5898623,-8.022371000000001,-7.219714999999999,-2.3756466,2.4109612,2.4007857000000006,3.3967736000000004,4.7207669999999995,3.9402574999999995,1.6388310000000001,-0.07182605,-1.3587095,-2.5115175,-5.5030727,-2.617461,-3.9528269999999996,-3.9133226999999997,-0.6787562,2.6084828,4.375403400000001,2.3696610000000002,0.5919664000000001,-1.1821371,-2.4432828,-3.1004913,-3.8492777,-2.380435,-1.1575965,-0.34895490000000007,0.9115923,4.832696,10.831967,1
4.7207669999999995,3.9402574999999995,1.6388310000000001,-0.07182605,-1.3587095,-2.5115175,-5.5030727,-2.617461,-3.9528269999999996,-3.9133226999999997,-0.6787562,2.6084828,4.375403400000001,2.3696610000000002,0.5919664000000001,-1.1821371,-2.4432828,-3.1004913,-3.8492777,-2.380435,-1.1575965,-0.34895490000000007,0.9115923,4.832696,10.831967,5.217564,5.180454,-0.9331401,-5.7125654,-5.6802435,-4.7309427,-2.6850972,0.84455466,2.5923218999999995,1.4305356000000002,2.7922377999999997,2.7832594,1.834557,-0.08259996,-1.6310499,-4.0773253,-5.369596,-2.0171148999999997,-2.7611132,-4.9984946,-2.2403743,2.1787236,5.007473,5.5515550000000005,1.3724761,1
5.217564,5.180454,-0.9331401,-5.7125654,-5.6802435,-4.7309427,-2.6850972,0.84455466,2.5923218999999995,1.4305356000000002,2.7922377999999997,2.7832594,1.834557,-0.08259996,-1.6310499,-4.0773253,-5.369596,-2.0171148999999997,-2.7611132,-4.9984946,-2.2403743,2.1787236,5.007473,5.5515550000000005,1.3724761,-1.5652093999999999,-3.1244332999999997,-2.2284033,-2.747945,-2.566584,-2.0386627,-2.2786815,-0.78410107,6.135142,5.9226565,-0.033518825,1.5257049999999999,-0.6027403,-1.8088194,-2.4588451,-4.4819455,-1.8195933000000002,2.3930047,4.100669,3.2519245,4.948216400000001,3.5847184999999997,1.8249803,0.22206220000000004,-1.4341268999999999,1
-1.0198916,-1.0100849,-0.9610517,-0.9512450000000001,-0.97085834,-0.9904716,-1.0100849,-1.0395049,-1.0100849,-1.0395049,-1.0198916,-1.0395049,-1.0198916,-1.0198916,-0.9904716,-0.9512450000000001,-0.97085834,-1.0100849,-1.0100849,-0.9610517,-1.0002782,-1.0395049,-0.9904716,-0.98066497,-0.9904716,-1.0296983,-1.0198916,-0.9904716,-1.0100849,-1.0198916,-1.0002782,-1.0100849,-1.0002782,-0.9610517,-0.9610517,-1.0002782,-1.0296983,-0.98066497,-0.97085834,-1.0296983,-0.9904716,-0.9610517,-0.98066497,-1.0296983,-1.0100849,-0.97085834,-0.9610517,-0.93163174,-0.9904716,-0.9610517,2
-1.0296983,-1.0198916,-0.9904716,-1.0100849,-1.0198916,-1.0002782,-1.0100849,-1.0002782,-0.9610517,-0.9610517,-1.0002782,-1.0296983,-0.98066497,-0.97085834,-1.0296983,-0.9904716,-0.9610517,-0.98066497,-1.0296983,-1.0100849,-0.97085834,-0.9610517,-0.93163174,-0.9904716,-0.9610517,-1.0002782,-0.9904716,-0.9610517,-0.97085834,-1.0002782,-0.9610517,-1.0100849,-1.0002782,-0.9904716,-0.9904716,-0.98066497,-1.0002782,-1.0198916,-0.9904716,-0.97085834,-0.9610517,-0.9610517,-1.0296983,-1.0002782,-0.9904716,-1.0198916,-0.97085834,-0.9512450000000001,-0.9610517,-0.97085834,2
-1.0002782,-0.9904716,-0.9610517,-0.97085834,-1.0002782,-0.9610517,-1.0100849,-1.0002782,-0.9904716,-0.9904716,-0.98066497,-1.0002782,-1.0198916,-0.9904716,-0.97085834,-0.9610517,-0.9610517,-1.0296983,-1.0002782,-0.9904716,-1.0198916,-0.97085834,-0.9512450000000001,-0.9610517,-0.97085834,-0.9512450000000001,-0.9904716,-1.0002782,-1.0395049,-1.0100849,-0.93163174,-0.9610517,-0.9904716,-0.9904716,-0.9610517,-0.9512450000000001,-1.0198916,-1.0002782,-1.0100849,-1.0100849,-1.0100849,-0.9904716,-0.9904716,-1.0002782,-0.9610517,-0.9904716,-1.0100849,-0.9610517,-1.0002782,-1.0002782,2
-0.9512450000000001,-0.9904716,-1.0002782,-1.0395049,-1.0100849,-0.93163174,-0.9610517,-0.9904716,-0.9904716,-0.9610517,-0.9512450000000001,-1.0198916,-1.0002782,-1.0100849,-1.0100849,-1.0100849,-0.9904716,-0.9904716,-1.0002782,-0.9610517,-0.9904716,-1.0100849,-0.9610517,-1.0002782,-1.0002782,-1.0198916,-0.9904716,-0.9414384,-0.9904716,-1.0002782,-0.97085834,-1.0002782,-1.0198916,-0.97085834,-1.0100849,-0.98066497,-1.0198916,-0.98066497,-0.9904716,-0.9610517,-1.0591182,-0.9904716,-0.98066497,-1.0395049,-1.0395049,-0.98066497,-0.98066497,-1.0198916,-0.98066497,-1.0100849,2
-1.0198916,-0.9904716,-0.9414384,-0.9904716,-1.0002782,-0.97085834,-1.0002782,-1.0198916,-0.97085834,-1.0100849,-0.98066497,-1.0198916,-0.98066497,-0.9904716,-0.9610517,-1.0591182,-0.9904716,-0.98066497,-1.0395049,-1.0395049,-0.98066497,-0.98066497,-1.0198916,-0.98066497,-1.0100849,-0.97085834,-1.0002782,-1.0296983,-0.9414384,-1.0100849,-0.97085834,-1.0198916,-0.9904716,-0.98066497,-0.9610517,-1.0002782,-0.9512450000000001,-0.97085834,-0.98066497,-1.0395049,-1.0296983,-1.0198916,-1.0100849,-0.9414384,-0.97085834,-0.9512450000000001,-0.93163174,-0.9904716,-0.9904716,-1.0198916,2
-0.97085834,-1.0002782,-1.0296983,-0.9414384,-1.0100849,-0.97085834,-1.0198916,-0.9904716,-0.98066497,-0.9610517,-1.0002782,-0.9512450000000001,-0.97085834,-0.98066497,-1.0395049,-1.0296983,-1.0198916,-1.0100849,-0.9414384,-0.97085834,-0.9512450000000001,-0.93163174,-0.9904716,-0.9904716,-1.0198916,-1.0002782,-1.0100849,-0.9904716,-1.0002782,-1.0198916,-1.0002782,-1.0100849,-0.97085834,-0.9904716,-0.97085834,-0.9610517,-0.93163174,-0.9610517,-0.9904716,-0.97085834,-0.9512450000000001,-0.9610517,-0.9610517,-0.97085834,-0.9512450000000001,-0.98066497,-0.9512450000000001,-0.97085834,-0.98066497,-1.0198916,2
-1.0002782,-1.0100849,-0.9904716,-1.0002782,-1.0198916,-1.0002782,-1.0100849,-0.97085834,-0.9904716,-0.97085834,-0.9610517,-0.93163174,-0.9610517,-0.9904716,-0.97085834,-0.9512450000000001,-0.9610517,-0.9610517,-0.97085834,-0.9512450000000001,-0.98066497,-0.9512450000000001,-0.97085834,-0.98066497,-1.0198916,-1.0002782,-0.97085834,-1.0198916,-0.97085834,-0.9904716,-0.9904716,-0.98066497,-0.98066497,-0.98066497,-0.97085834,-1.0002782,-1.0296983,-1.0296983,-1.0198916,-1.0395049,-0.9904716,-0.98066497,-0.9904716,-1.0395049,-0.98066497,-1.0100849,-1.0395049,-1.0198916,-0.9904716,-0.93163174,2
-1.0002782,-0.97085834,-1.0198916,-0.97085834,-0.9904716,-0.9904716,-0.98066497,-0.98066497,-0.98066497,-0.97085834,-1.0002782,-1.0296983,-1.0296983,-1.0198916,-1.0395049,-0.9904716,-0.98066497,-0.9904716,-1.0395049,-0.98066497,-1.0100849,-1.0395049,-1.0198916,-0.9904716,-0.93163174,-0.9414384,-0.89240515,-0.9512450000000001,-0.9512450000000001,-0.9610517,-0.9414384,-1.0002782,-1.0002782,-1.0100849,-0.97085834,-0.9610517,-0.98066497,-1.0002782,-0.9414384,-0.98066497,-0.9414384,-0.9414384,-0.9610517,-0.97085834,-1.0198916,-1.0100849,-0.98066497,-1.0395049,-1.0198916,-1.0100849,2
-0.9414384,-0.89240515,-0.9512450000000001,-0.9512450000000001,-0.9610517,-0.9414384,-1.0002782,-1.0002782,-1.0100849,-0.97085834,-0.9610517,-0.98066497,-1.0002782,-0.9414384,-0.98066497,-0.9414384,-0.9414384,-0.9610517,-0.97085834,-1.0198916,-1.0100849,-0.98066497,-1.0395049,-1.0198916,-1.0100849,-0.9904716,-1.0198916,-1.0100849,-0.98066497,-0.9610517,-0.9610517,-0.9610517,-0.9512450000000001,-0.9512450000000001,-1.0002782,-1.0296983,-1.0002782,-0.97085834,-0.9904716,-0.97085834,-0.97085834,-0.9904716,-0.9904716,-0.9904716,-0.97085834,-1.0002782,-0.97085834,-1.0002782,-0.98066497,-0.97085834,2
-0.9904716,-1.0198916,-1.0100849,-0.98066497,-0.9610517,-0.9610517,-0.9610517,-0.9512450000000001,-0.9512450000000001,-1.0002782,-1.0296983,-1.0002782,-0.97085834,-0.9904716,-0.97085834,-0.97085834,-0.9904716,-0.9904716,-0.9904716,-0.97085834,-1.0002782,-0.97085834,-1.0002782,-0.98066497,-0.97085834,-1.0002782,-0.97085834,-0.98066497,-0.97085834,-1.0002782,-0.98066497,-0.98066497,-1.0198916,-0.9904716,-1.0002782,-1.0198916,-1.0198916,-1.0395049,-1.0100849,-1.0395049,-1.0395049,-1.0100849,-1.0100849,-0.9610517,-0.9414384,-0.9904716,-0.9512450000000001,-0.93163174,-0.9610517,-0.97085834,2
-1.0002782,-0.97085834,-0.98066497,-0.97085834,-1.0002782,-0.98066497,-0.98066497,-1.0198916,-0.9904716,-1.0002782,-1.0198916,-1.0198916,-1.0395049,-1.0100849,-1.0395049,-1.0395049,-1.0100849,-1.0100849,-0.9610517,-0.9414384,-0.9904716,-0.9512450000000001,-0.93163174,-0.9610517,-0.97085834,-0.9904716,-0.98066497,-0.9610517,-0.9610517,-0.9414384,-0.9120184000000001,-0.9120184000000001,-0.9904716,-0.93163174,-0.89240515,-0.9414384,-0.97085834,-0.97085834,-1.0002782,-0.9610517,-0.9904716,-0.97085834,-0.93163174,-0.93163174,-0.9120184000000001,-0.97085834,-0.9610517,-0.98066497,-0.97085834,-0.9414384,2
-0.9904716,-0.98066497,-0.9610517,-0.9610517,-0.9414384,-0.9120184000000001,-0.9120184000000001,-0.9904716,-0.93163174,-0.89240515,-0.9414384,-0.97085834,-0.97085834,-1.0002782,-0.9610517,-0.9904716,-0.97085834,-0.93163174,-0.93163174,-0.9120184000000001,-0.97085834,-0.9610517,-0.98066497,-0.97085834,-0.9414384,-0.9610517,-0.9610517,-1.0002782,-0.98066497,-0.98066497,-0.98066497,-0.98066497,-1.0198916,-0.9904716,-0.9414384,-0.98066497,-0.9512450000000001,-0.9904716,-1.0296983,-0.98066497,-1.0002782,-1.0100849,-0.9904716,-0.93163174,-1.0002782,-0.9610517,-0.9120184000000001,-0.97085834,-0.97085834,-1.0100849,2
-0.9610517,-0.9610517,-1.0002782,-0.98066497,-0.98066497,-0.98066497,-0.98066497,-1.0198916,-0.9904716,-0.9414384,-0.98066497,-0.9512450000000001,-0.9904716,-1.0296983,-0.98066497,-1.0002782,-1.0100849,-0.9904716,-0.93163174,-1.0002782,-0.9610517,-0.9120184000000001,-0.97085834,-0.97085834,-1.0100849,-0.9904716,-0.98066497,-0.93163174,-0.9414384,-0.9512450000000001,-0.98066497,-1.0100849,-0.98066497,-1.0198916,-1.0002782,-0.9904716,-0.98066497,-0.9512450000000001,-0.9512450000000001,-0.9610517,-0.92182505,-0.92182505,-0.9904716,-0.9120184000000001,-0.9904716,-0.98066497,-0.97085834,-1.0002782,-1.0100849,-1.0198916,2
-0.9904716,-0.98066497,-0.93163174,-0.9414384,-0.9512450000000001,-0.98066497,-1.0100849,-0.98066497,-1.0198916,-1.0002782,-0.9904716,-0.98066497,-0.9512450000000001,-0.9512450000000001,-0.9610517,-0.92182505,-0.92182505,-0.9904716,-0.9120184000000001,-0.9904716,-0.98066497,-0.97085834,-1.0002782,-1.0100849,-1.0198916,-0.9904716,-0.98066497,-0.9610517,-0.93163174,-0.98066497,-0.97085834,-0.9610517,-0.9610517,-0.93163174,-0.9904716,-0.97085834,-0.98066497,-0.98066497,-0.9610517,-0.97085834,-0.93163174,-0.92182505,-0.9414384,-0.9610517,-0.9512450000000001,-0.97085834,-0.9512450000000001,-0.98066497,-1.0002782,-0.97085834,2
-0.9904716,-0.98066497,-0.9610517,-0.93163174,-0.98066497,-0.97085834,-0.9610517,-0.9610517,-0.93163174,-0.9904716,-0.97085834,-0.98066497,-0.98066497,-0.9610517,-0.97085834,-0.93163174,-0.92182505,-0.9414384,-0.9610517,-0.9512450000000001,-0.97085834,-0.9512450000000001,-0.98066497,-1.0002782,-0.97085834,-0.9610517,-0.97085834,-0.9610517,-0.98066497,-0.9904716,-0.9414384,-1.0100849,-1.0100849,-0.98066497,-0.98066497,-0.9512450000000001,-0.9904716,-1.0198916,-1.0002782,-1.0100849,-0.98066497,-0.98066497,-0.9414384,-0.98066497,-0.9610517,-1.0296983,-0.9904716,-0.98066497,-1.0296983,-1.0395049,2
-0.9610517,-0.97085834,-0.9610517,-0.98066497,-0.9904716,-0.9414384,-1.0100849,-1.0100849,-0.98066497,-0.98066497,-0.9512450000000001,-0.9904716,-1.0198916,-1.0002782,-1.0100849,-0.98066497,-0.98066497,-0.9414384,-0.98066497,-0.9610517,-1.0296983,-0.9904716,-0.98066497,-1.0296983,-1.0395049,-1.0395049,-0.98066497,-1.0198916,-0.9610517,-0.9610517,-1.0002782,-0.9610517,-0.9610517,-0.9414384,-0.9610517,-0.9904716,-0.98066497,-0.98066497,-1.0100849,-0.93163174,-0.9512450000000001,-0.9610517,-0.97085834,-0.98066497,-0.9414384,-0.92182505,-0.9904716,-0.9610517,-0.9904716,-0.9512450000000001,2
-1.0395049,-0.98066497,-1.0198916,-0.9610517,-0.9610517,-1.0002782,-0.9610517,-0.9610517,-0.9414384,-0.9610517,-0.9904716,-0.98066497,-0.98066497,-1.0100849,-0.93163174,-0.9512450000000001,-0.9610517,-0.97085834,-0.98066497,-0.9414384,-0.92182505,-0.9904716,-0.9610517,-0.9904716,-0.9512450000000001,-0.93163174,-0.9904716,-0.9414384,-0.9512450000000001,-0.9512450000000001,-0.9512450000000001,-0.9610517,-1.0296983,-1.0002782,-1.0198916,-1.0002782,-0.98066497,-1.0002782,-1.0002782,-0.98066497,-0.9904716,-0.97085834,-0.9512450000000001,-1.0198916,-0.93163174,-1.0100849,-0.9904716,-0.9512450000000001,-0.9414384,-0.9512450000000001,2
-0.93163174,-0.9904716,-0.9414384,-0.9512450000000001,-0.9512450000000001,-0.9512450000000001,-0.9610517,-1.0296983,-1.0002782,-1.0198916,-1.0002782,-0.98066497,-1.0002782,-1.0002782,-0.98066497,-0.9904716,-0.97085834,-0.9512450000000001,-1.0198916,-0.93163174,-1.0100849,-0.9904716,-0.9512450000000001,-0.9414384,-0.9512450000000001,-0.9904716,-0.98066497,-1.0198916,-0.9904716,-0.97085834,-1.0395049,-0.9904716,-0.9414384,-0.97085834,-0.9610517,-0.98066497,-0.9904716,-0.93163174,-0.9610517,-0.9610517,-0.9904716,-0.9904716,-1.0002782,-0.9904716,-0.9904716,-0.98066497,-0.9414384,-1.0002782,-0.92182505,-1.0002782,2
-0.9904716,-0.98066497,-1.0198916,-0.9904716,-0.97085834,-1.0395049,-0.9904716,-0.9414384,-0.97085834,-0.9610517,-0.98066497,-0.9904716,-0.93163174,-0.9610517,-0.9610517,-0.9904716,-0.9904716,-1.0002782,-0.9904716,-0.9904716,-0.98066497,-0.9414384,-1.0002782,-0.92182505,-1.0002782,-0.9904716,-1.0002782,-0.9610517,-0.9904716,-0.97085834,-0.9512450000000001,-0.9512450000000001,-0.92182505,-0.97085834,-0.93163174,-0.98066497,-0.97085834,-0.9610517,-0.98066497,-0.98066497,-0.9414384,-0.9610517,-0.9512450000000001,-0.9414384,-0.97085834,-1.0002782,-1.0100849,-0.98066497,-0.9904716,-0.9512450000000001,2
-0.9904716,-1.0002782,-0.9610517,-0.9904716,-0.97085834,-0.9512450000000001,-0.9512450000000001,-0.92182505,-0.97085834,-0.93163174,-0.98066497,-0.97085834,-0.9610517,-0.98066497,-0.98066497,-0.9414384,-0.9610517,-0.9512450000000001,-0.9414384,-0.97085834,-1.0002782,-1.0100849,-0.98066497,-0.9904716,-0.9512450000000001,-0.97085834,-0.9120184000000001,-0.9414384,-0.9610517,-0.93163174,-0.93163174,-0.9414384,-0.9904716,-0.9512450000000001,-0.9512450000000001,-0.98066497,-0.97085834,-0.9512450000000001,-0.9512450000000001,-0.9610517,-0.97085834,-0.97085834,-0.9512450000000001,-0.9512450000000001,-0.9610517,-0.98066497,-0.9904716,-0.9610517,-0.93163174,-0.9904716,2
-0.97085834,-0.9120184000000001,-0.9414384,-0.9610517,-0.93163174,-0.93163174,-0.9414384,-0.9904716,-0.9512450000000001,-0.9512450000000001,-0.98066497,-0.97085834,-0.9512450000000001,-0.9512450000000001,-0.9610517,-0.97085834,-0.97085834,-0.9512450000000001,-0.9512450000000001,-0.9610517,-0.98066497,-0.9904716,-0.9610517,-0.93163174,-0.9904716,-0.97085834,-0.97085834,-1.0002782,-1.0100849,-0.9904716,-0.98066497,-1.0198916,-0.98066497,-0.9610517,-1.0002782,-1.0296983,-1.0198916,-0.9512450000000001,-0.9610517,-0.9610517,-0.9512450000000001,-0.9904716,-1.0002782,-1.0100849,-1.0002782,-1.0100849,-0.98066497,-0.97085834,-0.97085834,-0.97085834,2
-0.97085834,-0.97085834,-1.0002782,-1.0100849,-0.9904716,-0.98066497,-1.0198916,-0.98066497,-0.9610517,-1.0002782,-1.0296983,-1.0198916,-0.9512450000000001,-0.9610517,-0.9610517,-0.9512450000000001,-0.9904716,-1.0002782,-1.0100849,-1.0002782,-1.0100849,-0.98066497,-0.97085834,-0.97085834,-0.97085834,-0.9610517,-0.98066497,-0.9120184000000001,-0.9610517,-0.92182505,-0.9610517,-0.93163174,-0.92182505,-0.9610517,-0.9512450000000001,-0.9414384,-0.9512450000000001,-1.0100849,-0.9904716,-0.98066497,-0.9610517,-0.97085834,-0.97085834,-0.98066497,-0.9512450000000001,-0.98066497,-1.0198916,-0.97085834,-0.98066497,-0.9904716,2
-0.9610517,-0.98066497,-0.9120184000000001,-0.9610517,-0.92182505,-0.9610517,-0.93163174,-0.92182505,-0.9610517,-0.9512450000000001,-0.9414384,-0.9512450000000001,-1.0100849,-0.9904716,-0.98066497,-0.9610517,-0.97085834,-0.97085834,-0.98066497,-0.9512450000000001,-0.98066497,-1.0198916,-0.97085834,-0.98066497,-0.9904716,-0.9610517,-0.97085834,-0.98066497,-0.98066497,-0.9904716,-1.0002782,-0.9610517,-0.9610517,-0.97085834,-0.9610517,-0.9512450000000001,-0.9610517,-0.9610517,-0.9610517,-1.0002782,-0.97085834,-0.9414384,-0.93163174,-0.98066497,-0.9512450000000001,-0.9904716,-0.97085834,-1.0100849,-1.0100849,-0.9904716,2
-0.9610517,-0.97085834,-0.98066497,-0.98066497,-0.9904716,-1.0002782,-0.9610517,-0.9610517,-0.97085834,-0.9610517,-0.9512450000000001,-0.9610517,-0.9610517,-0.9610517,-1.0002782,-0.97085834,-0.9414384,-0.93163174,-0.98066497,-0.9512450000000001,-0.9904716,-0.97085834,-1.0100849,-1.0100849,-0.9904716,-0.9904716,-1.0296983,-0.98066497,-0.9904716,-0.9512450000000001,-0.9414384,-0.9512450000000001,-0.9610517,-0.97085834,-1.0100849,-1.0002782,-0.97085834,-1.0100849,-0.9904716,-0.97085834,-1.0002782,-0.9610517,-0.97085834,-0.9904716,-0.97085834,-0.93163174,-0.9414384,-0.93163174,-0.9120184000000001,-0.9610517,2
-0.9904716,-1.0296983,-0.98066497,-0.9904716,-0.9512450000000001,-0.9414384,-0.9512450000000001,-0.9610517,-0.97085834,-1.0100849,-1.0002782,-0.97085834,-1.0100849,-0.9904716,-0.97085834,-1.0002782,-0.9610517,-0.97085834,-0.9904716,-0.97085834,-0.93163174,-0.9414384,-0.93163174,-0.9120184000000001,-0.9610517,-0.97085834,-0.9414384,-0.9610517,-0.97085834,-0.9512450000000001,-0.9512450000000001,-0.97085834,-0.9512450000000001,-0.9512450000000001,-0.9904716,-0.9610517,-0.9512450000000001,-0.9414384,-0.97085834,-0.97085834,-0.97085834,-0.9120184000000001,-0.9512450000000001,-0.9904716,-0.93163174,-0.9414384,-0.93163174,-1.0002782,-0.9904716,-0.9610517,2
-0.97085834,-0.9414384,-0.9610517,-0.97085834,-0.9512450000000001,-0.9512450000000001,-0.97085834,-0.9512450000000001,-0.9512450000000001,-0.9904716,-0.9610517,-0.9512450000000001,-0.9414384,-0.97085834,-0.97085834,-0.97085834,-0.9120184000000001,-0.9512450000000001,-0.9904716,-0.93163174,-0.9414384,-0.93163174,-1.0002782,-0.9904716,-0.9610517,-0.98066497,-0.9414384,-0.9512450000000001,-0.98066497,-0.98066497,-0.97085834,-0.9610517,-0.9414384,-0.9414384,-0.9904716,-1.0198916,-0.9610517,-0.98066497,-0.9610517,-1.0002782,-0.9512450000000001,-0.9414384,-1.0002782,-0.9512450000000001,-0.93163174,-0.9610517,-0.9414384,-0.92182505,-0.92182505,-0.9414384,2
-0.98066497,-0.9414384,-0.9512450000000001,-0.98066497,-0.98066497,-0.97085834,-0.9610517,-0.9414384,-0.9414384,-0.9904716,-1.0198916,-0.9610517,-0.98066497,-0.9610517,-1.0002782,-0.9512450000000001,-0.9414384,-1.0002782,-0.9512450000000001,-0.93163174,-0.9610517,-0.9414384,-0.92182505,-0.92182505,-0.9414384,-0.9414384,-0.9512450000000001,-0.9414384,-0.97085834,-0.98066497,-0.98066497,-0.9414384,-0.9120184000000001,-0.89240515,-0.9414384,-0.93163174,-0.9414384,-0.93163174,-0.9904716,-1.0395049,-1.0198916,-0.9610517,-0.9414384,-0.93163174,-0.92182505,-0.93163174,-0.9022118,-0.9414384,-0.9512450000000001,-0.9610517,2
-0.9414384,-0.9512450000000001,-0.9414384,-0.97085834,-0.98066497,-0.98066497,-0.9414384,-0.9120184000000001,-0.89240515,-0.9414384,-0.93163174,-0.9414384,-0.93163174,-0.9904716,-1.0395049,-1.0198916,-0.9610517,-0.9414384,-0.93163174,-0.92182505,-0.93163174,-0.9022118,-0.9414384,-0.9512450000000001,-0.9610517,-0.9512450000000001,-0.9610517,-0.92182505,-0.9120184000000001,-0.93163174,-0.9512450000000001,-0.93163174,-0.92182505,-0.92182505,-0.93163174,-0.93163174,-0.9022118,-0.9512450000000001,-0.92182505,-0.8727918,-0.9414384,-0.8727918,-0.89240515,-0.88259846,-0.9022118,-0.9120184000000001,-0.92182505,-0.93163174,-0.9022118,-0.8237585999999999,2
-0.9512450000000001,-0.9610517,-0.92182505,-0.9120184000000001,-0.93163174,-0.9512450000000001,-0.93163174,-0.92182505,-0.92182505,-0.93163174,-0.93163174,-0.9022118,-0.9512450000000001,-0.92182505,-0.8727918,-0.9414384,-0.8727918,-0.89240515,-0.88259846,-0.9022118,-0.9120184000000001,-0.92182505,-0.93163174,-0.9022118,-0.8237585999999999,-0.83356524,-0.83356524,-0.84337187,-0.92182505,-0.9414384,-0.88259846,-0.98066497,-0.97085834,-0.93163174,-0.93163174,-0.9022118,-0.93163174,-0.88259846,-0.88259846,-0.8629851999999999,-0.88259846,-0.92182505,-0.9610517,-0.9414384,-0.92182505,-0.88259846,-0.9022118,-0.9022118,-0.9022118,-0.9022118,2
-0.83356524,-0.83356524,-0.84337187,-0.92182505,-0.9414384,-0.88259846,-0.98066497,-0.97085834,-0.93163174,-0.93163174,-0.9022118,-0.93163174,-0.88259846,-0.88259846,-0.8629851999999999,-0.88259846,-0.92182505,-0.9610517,-0.9414384,-0.92182505,-0.88259846,-0.9022118,-0.9022118,-0.9022118,-0.9022118,-0.93163174,-0.92182505,-1.0002782,-0.9512450000000001,-0.93163174,-0.9610517,-0.97085834,-0.9904716,-0.9512450000000001,-0.9414384,-0.9120184000000001,-0.9414384,-0.93163174,-0.9512450000000001,-1.0002782,-0.92182505,-1.0100849,-0.92182505,-0.9904716,-0.9414384,-0.93163174,-0.93163174,-0.9512450000000001,-0.97085834,-1.0002782,2
-0.93163174,-0.92182505,-1.0002782,-0.9512450000000001,-0.93163174,-0.9610517,-0.97085834,-0.9904716,-0.9512450000000001,-0.9414384,-0.9120184000000001,-0.9414384,-0.93163174,-0.9512450000000001,-1.0002782,-0.92182505,-1.0100849,-0.92182505,-0.9904716,-0.9414384,-0.93163174,-0.93163174,-0.9512450000000001,-0.97085834,-1.0002782,-0.9610517,-0.9610517,-0.98066497,-1.0002782,-0.98066497,-0.9904716,-0.9512450000000001,-0.93163174,-0.93163174,-0.88259846,-0.9120184000000001,-0.9120184000000001,-0.93163174,-0.9414384,-0.92182505,-0.9120184000000001,-0.9120184000000001,-0.9120184000000001,-0.9022118,-0.8727918,-0.9022118,-0.9610517,-0.8727918,-0.88259846,-0.9120184000000001,2
-0.9610517,-0.9610517,-0.98066497,-1.0002782,-0.98066497,-0.9904716,-0.9512450000000001,-0.93163174,-0.93163174,-0.88259846,-0.9120184000000001,-0.9120184000000001,-0.93163174,-0.9414384,-0.92182505,-0.9120184000000001,-0.9120184000000001,-0.9120184000000001,-0.9022118,-0.8727918,-0.9022118,-0.9610517,-0.8727918,-0.88259846,-0.9120184000000001,-0.8629851999999999,-0.89240515,-0.9022118,-0.9022118,-0.9022118,-0.89240515,-0.89240515,-0.8727918,-0.8629851999999999,-0.9414384,-0.88259846,-0.9120184000000001,-0.9120184000000001,-0.8531785,-0.8629851999999999,-0.8629851999999999,-0.8629851999999999,-0.8629851999999999,-0.92182505,-0.97085834,-0.98066497,-0.9414384,-0.97085834,-0.9610517,-0.92182505,2
-0.8629851999999999,-0.89240515,-0.9022118,-0.9022118,-0.9022118,-0.89240515,-0.89240515,-0.8727918,-0.8629851999999999,-0.9414384,-0.88259846,-0.9120184000000001,-0.9120184000000001,-0.8531785,-0.8629851999999999,-0.8629851999999999,-0.8629851999999999,-0.8629851999999999,-0.92182505,-0.97085834,-0.98066497,-0.9414384,-0.97085834,-0.9610517,-0.92182505,-0.9022118,-0.9120184000000001,-0.9022118,-0.9022118,-0.9120184000000001,-0.92182505,-0.9022118,-0.9512450000000001,-0.9414384,-0.98066497,-0.8727918,-0.93163174,-0.9414384,-0.88259846,-0.8531785,-0.8629851999999999,-0.8727918,-0.8531785,-0.88259846,-0.8629851999999999,-0.8727918,-0.89240515,-0.88259846,-0.8629851999999999,-0.89240515,2
-0.9022118,-0.9120184000000001,-0.9022118,-0.9022118,-0.9120184000000001,-0.92182505,-0.9022118,-0.9512450000000001,-0.9414384,-0.98066497,-0.8727918,-0.93163174,-0.9414384,-0.88259846,-0.8531785,-0.8629851999999999,-0.8727918,-0.8531785,-0.88259846,-0.8629851999999999,-0.8727918,-0.89240515,-0.88259846,-0.8629851999999999,-0.89240515,-0.9120184000000001,-0.9512450000000001,-0.9904716,-0.92182505,-0.8727918,-0.8531785,-0.8531785,-0.8727918,-0.9512450000000001,-0.93163174,-0.97085834,-0.9610517,-0.9904716,-0.97085834,-0.97085834,-0.9414384,-0.9904716,-0.9512450000000001,-0.9120184000000001,-0.9610517,-0.9512450000000001,-0.9512450000000001,-0.8727918,-0.9512450000000001,-0.93163174,2
-0.9120184000000001,-0.9512450000000001,-0.9904716,-0.92182505,-0.8727918,-0.8531785,-0.8531785,-0.8727918,-0.9512450000000001,-0.93163174,-0.97085834,-0.9610517,-0.9904716,-0.97085834,-0.97085834,-0.9414384,-0.9904716,-0.9512450000000001,-0.9120184000000001,-0.9610517,-0.9512450000000001,-0.9512450000000001,-0.8727918,-0.9512450000000001,-0.93163174,-0.92182505,-0.9022118,-0.93163174,-0.9512450000000001,-0.97085834,-0.9022118,-0.92182505,-0.9120184000000001,-0.9120184000000001,-0.9610517,-0.9414384,-0.9512450000000001,-0.9022118,-0.9120184000000001,-0.9022118,-0.93163174,-0.9414384,-0.89240515,-0.9120184000000001,-0.9022118,-0.88259846,-0.9022118,-0.9120184000000001,-0.9022118,-0.9022118,2
-0.92182505,-0.9022118,-0.93163174,-0.9512450000000001,-0.97085834,-0.9022118,-0.92182505,-0.9120184000000001,-0.9120184000000001,-0.9610517,-0.9414384,-0.9512450000000001,-0.9022118,-0.9120184000000001,-0.9022118,-0.93163174,-0.9414384,-0.89240515,-0.9120184000000001,-0.9022118,-0.88259846,-0.9022118,-0.9120184000000001,-0.9022118,-0.9022118,-0.9414384,-0.89240515,-0.9022118,-0.8629851999999999,-0.88259846,-0.9022118,-0.9120184000000001,-0.9022118,-0.9414384,-0.97085834,-0.9610517,-0.8727918,-0.89240515,-0.9022118,-0.89240515,-0.93163174,-0.9120184000000001,-0.9414384,-0.9120184000000001,-0.9610517,-0.9512450000000001,-0.97085834,-0.98066497,-0.93163174,-0.9904716,2
-0.9414384,-0.89240515,-0.9022118,-0.8629851999999999,-0.88259846,-0.9022118,-0.9120184000000001,-0.9022118,-0.9414384,-0.97085834,-0.9610517,-0.8727918,-0.89240515,-0.9022118,-0.89240515,-0.93163174,-0.9120184000000001,-0.9414384,-0.9120184000000001,-0.9610517,-0.9512450000000001,-0.97085834,-0.98066497,-0.93163174,-0.9904716,-0.97085834,-0.93163174,-0.9022118,-0.89240515,-0.93163174,-0.92182505,-0.9414384,-0.9512450000000001,-0.9414384,-0.9414384,-0.9414384,-0.9414384,-0.9610517,-0.9414384,-0.93163174,-0.9414384,-0.9414384,-0.9120184000000001,-0.92182505,-0.9022118,-0.92182505,-0.8727918,-0.89240515,-0.92182505,-0.9120184000000001,2
-0.97085834,-0.93163174,-0.9022118,-0.89240515,-0.93163174,-0.92182505,-0.9414384,-0.9512450000000001,-0.9414384,-0.9414384,-0.9414384,-0.9414384,-0.9610517,-0.9414384,-0.93163174,-0.9414384,-0.9414384,-0.9120184000000001,-0.92182505,-0.9022118,-0.92182505,-0.8727918,-0.89240515,-0.92182505,-0.9120184000000001,-0.92182505,-0.89240515,-0.9414384,-0.8727918,-0.89240515,-0.89240515,-0.89240515,-0.8531785,-0.89240515,-0.9022118,-0.9610517,-0.88259846,-0.89240515,-0.8727918,-0.92182505,-0.8629851999999999,-0.9022118,-0.9120184000000001,-0.9120184000000001,-0.92182505,-0.9512450000000001,-0.9414384,-0.9414384,-0.9120184000000001,-0.9120184000000001,2
-0.92182505,-0.89240515,-0.9414384,-0.8727918,-0.89240515,-0.89240515,-0.89240515,-0.8531785,-0.89240515,-0.9022118,-0.9610517,-0.88259846,-0.89240515,-0.8727918,-0.92182505,-0.8629851999999999,-0.9022118,-0.9120184000000001,-0.9120184000000001,-0.92182505,-0.9512450000000001,-0.9414384,-0.9414384,-0.9120184000000001,-0.9120184000000001,-0.92182505,-0.9022118,-0.9022118,-0.9022118,-0.9414384,-0.89240515,-0.92182505,-0.9022118,-0.9512450000000001,-0.9610517,-0.9512450000000001,-0.9512450000000001,-0.9610517,-0.9512450000000001,-0.9414384,-0.92182505,-0.92182505,-0.8629851999999999,-0.8629851999999999,-0.9120184000000001,-0.9512450000000001,-0.92182505,-0.93163174,-0.9414384,-0.93163174,2
-0.92182505,-0.9022118,-0.9022118,-0.9022118,-0.9414384,-0.89240515,-0.92182505,-0.9022118,-0.9512450000000001,-0.9610517,-0.9512450000000001,-0.9512450000000001,-0.9610517,-0.9512450000000001,-0.9414384,-0.92182505,-0.92182505,-0.8629851999999999,-0.8629851999999999,-0.9120184000000001,-0.9512450000000001,-0.92182505,-0.93163174,-0.9414384,-0.93163174,-0.93163174,-0.93163174,-0.9610517,-0.97085834,-0.9414384,-0.9414384,-0.9414384,-0.9610517,-0.97085834,-0.9512450000000001,-0.9414384,-0.92182505,-0.93163174,-0.93163174,-0.9512450000000001,-0.92182505,-0.93163174,-0.97085834,-0.9414384,-0.93163174,-0.97085834,-0.93163174,-0.9120184000000001,-0.9120184000000001,-0.92182505,2
-0.93163174,-0.93163174,-0.9610517,-0.97085834,-0.9414384,-0.9414384,-0.9414384,-0.9610517,-0.97085834,-0.9512450000000001,-0.9414384,-0.92182505,-0.93163174,-0.93163174,-0.9512450000000001,-0.92182505,-0.93163174,-0.97085834,-0.9414384,-0.93163174,-0.97085834,-0.93163174,-0.9120184000000001,-0.9120184000000001,-0.92182505,-0.9414384,-0.93163174,-0.9414384,-0.9120184000000001,-0.9414384,-0.92182505,-0.9512450000000001,-0.9120184000000001,-0.89240515,-0.92182505,-0.9512450000000001,-0.9414384,-0.9610517,-1.0002782,-0.93163174,-0.9414384,-0.9512450000000001,-0.93163174,-0.9512450000000001,-0.97085834,-0.9610517,-1.0100849,-0.97085834,-0.9512450000000001,-0.9512450000000001,2
-0.9414384,-0.93163174,-0.9414384,-0.9120184000000001,-0.9414384,-0.92182505,-0.9512450000000001,-0.9120184000000001,-0.89240515,-0.92182505,-0.9512450000000001,-0.9414384,-0.9610517,-1.0002782,-0.93163174,-0.9414384,-0.9512450000000001,-0.93163174,-0.9512450000000001,-0.97085834,-0.9610517,-1.0100849,-0.97085834,-0.9512450000000001,-0.9512450000000001,-0.93163174,-0.97085834,-0.92182505,-0.98066497,-0.9414384,-0.93163174,-0.92182505,-0.92182505,-0.92182505,-0.92182505,-0.9022118,-0.92182505,-0.9120184000000001,-0.93163174,-0.89240515,-0.8629851999999999,-0.9022118,-0.9022118,-0.8531785,-0.9512450000000001,-0.9414384,-0.9512450000000001,-0.97085834,-0.9610517,-0.92182505,2
-0.93163174,-0.97085834,-0.92182505,-0.98066497,-0.9414384,-0.93163174,-0.92182505,-0.92182505,-0.92182505,-0.92182505,-0.9022118,-0.92182505,-0.9120184000000001,-0.93163174,-0.89240515,-0.8629851999999999,-0.9022118,-0.9022118,-0.8531785,-0.9512450000000001,-0.9414384,-0.9512450000000001,-0.97085834,-0.9610517,-0.92182505,-0.89240515,-0.92182505,-0.9120184000000001,-0.97085834,-0.9904716,-0.93163174,-0.92182505,-0.9022118,-0.9022118,-0.97085834,-0.9120184000000001,-0.84337187,-0.8727918,-0.84337187,-0.8727918,-0.89240515,-0.88259846,-0.8727918,-0.9120184000000001,-0.92182505,-0.93163174,-0.9610517,-0.93163174,-0.92182505,-0.8531785,2
-0.89240515,-0.92182505,-0.9120184000000001,-0.97085834,-0.9904716,-0.93163174,-0.92182505,-0.9022118,-0.9022118,-0.97085834,-0.9120184000000001,-0.84337187,-0.8727918,-0.84337187,-0.8727918,-0.89240515,-0.88259846,-0.8727918,-0.9120184000000001,-0.92182505,-0.93163174,-0.9610517,-0.93163174,-0.92182505,-0.8531785,-0.8629851999999999,-0.8629851999999999,-0.9022118,-0.9022118,-0.98066497,-0.9512450000000001,-0.9610517,-0.9414384,-0.9120184000000001,-0.93163174,-0.97085834,-0.98066497,-0.98066497,-0.93163174,-0.9414384,-0.89240515,-0.8629851999999999,-0.8531785,-0.83356524,-0.8139519000000001,-0.84337187,-0.8727918,-0.92182505,-0.92182505,-0.89240515,2
-0.8629851999999999,-0.8629851999999999,-0.9022118,-0.9022118,-0.98066497,-0.9512450000000001,-0.9610517,-0.9414384,-0.9120184000000001,-0.93163174,-0.97085834,-0.98066497,-0.98066497,-0.93163174,-0.9414384,-0.89240515,-0.8629851999999999,-0.8531785,-0.83356524,-0.8139519000000001,-0.84337187,-0.8727918,-0.92182505,-0.92182505,-0.89240515,-0.8139519000000001,-0.83356524,-0.8531785,-0.84337187,-0.9120184000000001,-0.9022118,-0.93163174,-0.92182505,-0.89240515,-0.8629851999999999,-0.9512450000000001,-0.89240515,-0.8531785,-0.84337187,-0.8531785,-0.84337187,-0.8727918,-0.88259846,-0.8727918,-0.8629851999999999,-0.89240515,-0.88259846,-0.8531785,-0.8237585999999999,-0.8531785,2
-0.8139519000000001,-0.83356524,-0.8531785,-0.84337187,-0.9120184000000001,-0.9022118,-0.93163174,-0.92182505,-0.89240515,-0.8629851999999999,-0.9512450000000001,-0.89240515,-0.8531785,-0.84337187,-0.8531785,-0.84337187,-0.8727918,-0.88259846,-0.8727918,-0.8629851999999999,-0.89240515,-0.88259846,-0.8531785,-0.8237585999999999,-0.8531785,-0.8041453000000001,-0.8237585999999999,-0.8139519000000001,-0.8629851999999999,-0.8629851999999999,-0.8727918,-0.8629851999999999,-0.92182505,-0.88259846,-0.9120184000000001,-0.84337187,-0.8237585999999999,-0.8237585999999999,-0.8531785,-0.8237585999999999,-0.8727918,-0.8629851999999999,-0.9120184000000001,-0.8727918,-0.92182505,-0.89240515,-0.8727918,-0.83356524,-0.88259846,-0.8237585999999999,2
-0.8041453000000001,-0.8237585999999999,-0.8139519000000001,-0.8629851999999999,-0.8629851999999999,-0.8727918,-0.8629851999999999,-0.92182505,-0.88259846,-0.9120184000000001,-0.84337187,-0.8237585999999999,-0.8237585999999999,-0.8531785,-0.8237585999999999,-0.8727918,-0.8629851999999999,-0.9120184000000001,-0.8727918,-0.92182505,-0.89240515,-0.8727918,-0.83356524,-0.88259846,-0.8237585999999999,-0.8139519000000001,-0.8139519000000001,-0.8041453000000001,-0.8629851999999999,-0.83356524,-0.97085834,-0.9610517,-1.0296983,-0.97085834,-0.8727918,-0.8629851999999999,-0.89240515,-0.8041453000000001,-0.7747253000000001,-0.71588546,-0.69627213,-0.74530536,-0.71588546,-0.74530536,-0.78453195,-0.75511205,-0.7747253000000001,-0.7747253000000001,-0.79433864,-0.8139519000000001,2
-0.8139519000000001,-0.8139519000000001,-0.8041453000000001,-0.8629851999999999,-0.83356524,-0.97085834,-0.9610517,-1.0296983,-0.97085834,-0.8727918,-0.8629851999999999,-0.89240515,-0.8041453000000001,-0.7747253000000001,-0.71588546,-0.69627213,-0.74530536,-0.71588546,-0.74530536,-0.78453195,-0.75511205,-0.7747253000000001,-0.7747253000000001,-0.79433864,-0.8139519000000001,-0.79433864,-0.8041453000000001,-0.79433864,-0.8531785,-0.8041453000000001,-0.8139519000000001,-0.8041453000000001,-0.83356524,-0.8237585999999999,-0.8727918,-0.89240515,-0.8629851999999999,-0.8727918,-0.88259846,-0.8727918,-0.8531785,-0.84337187,-0.88259846,-0.8629851999999999,-0.84337187,-0.9022118,-0.89240515,-0.89240515,-0.93163174,-0.9414384,2
-0.79433864,-0.8041453000000001,-0.79433864,-0.8531785,-0.8041453000000001,-0.8139519000000001,-0.8041453000000001,-0.83356524,-0.8237585999999999,-0.8727918,-0.89240515,-0.8629851999999999,-0.8727918,-0.88259846,-0.8727918,-0.8531785,-0.84337187,-0.88259846,-0.8629851999999999,-0.84337187,-0.9022118,-0.89240515,-0.89240515,-0.93163174,-0.9414384,-0.93163174,-0.92182505,-0.93163174,-0.8727918,-0.8531785,-0.8727918,-0.89240515,-0.9022118,-0.8727918,-0.89240515,-0.89240515,-0.8629851999999999,-0.8629851999999999,-0.8629851999999999,-0.83356524,-0.8139519000000001,-0.88259846,-0.8237585999999999,-0.84337187,-0.84337187,-0.89240515,-0.8727918,-0.8727918,-0.8531785,-0.8629851999999999,2
-0.93163174,-0.92182505,-0.93163174,-0.8727918,-0.8531785,-0.8727918,-0.89240515,-0.9022118,-0.8727918,-0.89240515,-0.89240515,-0.8629851999999999,-0.8629851999999999,-0.8629851999999999,-0.83356524,-0.8139519000000001,-0.88259846,-0.8237585999999999,-0.84337187,-0.84337187,-0.89240515,-0.8727918,-0.8727918,-0.8531785,-0.8629851999999999,-0.89240515,-0.84337187,-0.83356524,-0.84337187,-0.8531785,-0.89240515,-0.9022118,-0.83356524,-0.92182505,-0.93163174,-0.8727918,-0.9120184000000001,-0.8531785,-0.9022118,-0.89240515,-0.8629851999999999,-0.88259846,-0.88259846,-0.89240515,-0.93163174,-0.88259846,-0.8629851999999999,-0.8629851999999999,-0.92182505,-0.9022118,2
-0.89240515,-0.84337187,-0.83356524,-0.84337187,-0.8531785,-0.89240515,-0.9022118,-0.83356524,-0.92182505,-0.93163174,-0.8727918,-0.9120184000000001,-0.8531785,-0.9022118,-0.89240515,-0.8629851999999999,-0.88259846,-0.88259846,-0.89240515,-0.93163174,-0.88259846,-0.8629851999999999,-0.8629851999999999,-0.92182505,-0.9022118,-0.88259846,-0.8727918,-0.84337187,-0.79433864,-0.83356524,-0.8727918,-0.8629851999999999,-0.89240515,-0.92182505,-0.9120184000000001,-0.9512450000000001,-0.9022118,-0.93163174,-0.92182505,-0.89240515,-0.8727918,-0.8629851999999999,-0.89240515,-0.8629851999999999,-0.92182505,-0.9120184000000001,-0.9120184000000001,-0.8531785,-0.92182505,-0.9022118,2
-0.88259846,-0.8727918,-0.84337187,-0.79433864,-0.83356524,-0.8727918,-0.8629851999999999,-0.89240515,-0.92182505,-0.9120184000000001,-0.9512450000000001,-0.9022118,-0.93163174,-0.92182505,-0.89240515,-0.8727918,-0.8629851999999999,-0.89240515,-0.8629851999999999,-0.92182505,-0.9120184000000001,-0.9120184000000001,-0.8531785,-0.92182505,-0.9022118,-0.9414384,-0.9512450000000001,-0.92182505,-0.93163174,-0.9022118,-0.9022118,-0.9120184000000001,-0.88259846,-0.8727918,-0.84337187,-0.8727918,-0.89240515,-0.93163174,-0.88259846,-0.9120184000000001,-0.9022118,-0.92182505,-0.88259846,-0.9120184000000001,-0.9120184000000001,-0.9022118,-0.92182505,-0.8727918,-0.93163174,-0.8531785,2
-0.9414384,-0.9512450000000001,-0.92182505,-0.93163174,-0.9022118,-0.9022118,-0.9120184000000001,-0.88259846,-0.8727918,-0.84337187,-0.8727918,-0.89240515,-0.93163174,-0.88259846,-0.9120184000000001,-0.9022118,-0.92182505,-0.88259846,-0.9120184000000001,-0.9120184000000001,-0.9022118,-0.92182505,-0.8727918,-0.93163174,-0.8531785,-0.89240515,-0.8727918,-0.8727918,-0.83356524,-0.83356524,-0.8629851999999999,-0.88259846,-0.8727918,-0.9610517,-0.97085834,-0.9512450000000001,-0.9512450000000001,-0.9610517,-0.93163174,-0.9022118,-0.8629851999999999,-0.9022118,-0.84337187,-0.8727918,-0.89240515,-0.9512450000000001,-0.92182505,-0.9120184000000001,-0.88259846,-0.9414384,2
-0.89240515,-0.8727918,-0.8727918,-0.83356524,-0.83356524,-0.8629851999999999,-0.88259846,-0.8727918,-0.9610517,-0.97085834,-0.9512450000000001,-0.9512450000000001,-0.9610517,-0.93163174,-0.9022118,-0.8629851999999999,-0.9022118,-0.84337187,-0.8727918,-0.89240515,-0.9512450000000001,-0.92182505,-0.9120184000000001,-0.88259846,-0.9414384,-0.9610517,-0.9022118,-0.9512450000000001,-0.93163174,-0.8727918,-0.9022118,-0.8629851999999999,-0.9022118,-0.89240515,-0.9022118,-0.8531785,-0.88259846,-0.89240515,-0.9120184000000001,-0.9120184000000001,-0.89240515,-0.9120184000000001,-0.9120184000000001,-0.92182505,-0.92182505,-0.9120184000000001,-0.8727918,-0.88259846,-0.89240515,-0.93163174,2
-0.9610517,-0.9022118,-0.9512450000000001,-0.93163174,-0.8727918,-0.9022118,-0.8629851999999999,-0.9022118,-0.89240515,-0.9022118,-0.8531785,-0.88259846,-0.89240515,-0.9120184000000001,-0.9120184000000001,-0.89240515,-0.9120184000000001,-0.9120184000000001,-0.92182505,-0.92182505,-0.9120184000000001,-0.8727918,-0.88259846,-0.89240515,-0.93163174,-0.9022118,-0.8727918,-0.89240515,-0.88259846,-0.9022118,-0.88259846,-0.8727918,-0.8139519000000001,-0.9022118,-0.84337187,-0.8727918,-0.89240515,-0.88259846,-0.9120184000000001,-0.8531785,-0.8629851999999999,-0.89240515,-0.84337187,-0.8531785,-0.84337187,-0.8237585999999999,-0.9120184000000001,-0.8727918,-0.88259846,-0.9414384,2
-0.9022118,-0.8727918,-0.89240515,-0.88259846,-0.9022118,-0.88259846,-0.8727918,-0.8139519000000001,-0.9022118,-0.84337187,-0.8727918,-0.89240515,-0.88259846,-0.9120184000000001,-0.8531785,-0.8629851999999999,-0.89240515,-0.84337187,-0.8531785,-0.84337187,-0.8237585999999999,-0.9120184000000001,-0.8727918,-0.88259846,-0.9414384,-0.9022118,-0.8727918,-0.89240515,-0.88259846,-0.8531785,-0.8727918,-0.8531785,-0.89240515,-0.84337187,-0.88259846,-0.89240515,-0.88259846,-0.88259846,-0.92182505,-0.8531785,-0.89240515,-0.89240515,-0.84337187,-0.84337187,-0.9022118,-0.84337187,-0.8727918,-0.8629851999999999,-0.9022118,-0.8629851999999999,2
-0.9022118,-0.8727918,-0.89240515,-0.88259846,-0.8531785,-0.8727918,-0.8531785,-0.89240515,-0.84337187,-0.88259846,-0.89240515,-0.88259846,-0.88259846,-0.92182505,-0.8531785,-0.89240515,-0.89240515,-0.84337187,-0.84337187,-0.9022118,-0.84337187,-0.8727918,-0.8629851999999999,-0.9022118,-0.8629851999999999,-0.84337187,-0.8237585999999999,-0.8041453000000001,-0.8237585999999999,-0.8629851999999999,-0.8629851999999999,-0.8727918,-0.92182505,-0.89240515,-0.8531785,-0.8531785,-0.8629851999999999,-0.9120184000000001,-0.8727918,-0.8531785,-0.89240515,-0.8531785,-0.8629851999999999,-0.9120184000000001,-0.89240515,-0.84337187,-0.84337187,-0.88259846,-0.8727918,-0.8727918,2
-0.84337187,-0.8237585999999999,-0.8041453000000001,-0.8237585999999999,-0.8629851999999999,-0.8629851999999999,-0.8727918,-0.92182505,-0.89240515,-0.8531785,-0.8531785,-0.8629851999999999,-0.9120184000000001,-0.8727918,-0.8531785,-0.89240515,-0.8531785,-0.8629851999999999,-0.9120184000000001,-0.89240515,-0.84337187,-0.84337187,-0.88259846,-0.8727918,-0.8727918,-0.8629851999999999,-0.89240515,-0.8531785,-0.8629851999999999,-0.8629851999999999,-0.83356524,-0.83356524,-0.8629851999999999,-0.9022118,-0.9120184000000001,-0.93163174,-0.84337187,-0.8629851999999999,-0.89240515,-0.89240515,-0.93163174,-0.92182505,-0.9512450000000001,-0.9120184000000001,-0.93163174,-0.9120184000000001,-0.89240515,-0.9022118,-0.92182505,-0.8727918,2
-0.8629851999999999,-0.89240515,-0.8531785,-0.8629851999999999,-0.8629851999999999,-0.83356524,-0.83356524,-0.8629851999999999,-0.9022118,-0.9120184000000001,-0.93163174,-0.84337187,-0.8629851999999999,-0.89240515,-0.89240515,-0.93163174,-0.92182505,-0.9512450000000001,-0.9120184000000001,-0.93163174,-0.9120184000000001,-0.89240515,-0.9022118,-0.92182505,-0.8727918,-0.9022118,-0.9120184000000001,-0.8629851999999999,-0.89240515,-0.9022118,-0.9022118,-0.9414384,-0.92182505,-0.89240515,-0.93163174,-0.9022118,-0.93163174,-0.9120184000000001,-0.9120184000000001,-0.8727918,-0.84337187,-0.9120184000000001,-0.93163174,-0.89240515,-0.89240515,-0.92182505,-0.89240515,-0.88259846,-0.9022118,-0.9414384,2
-0.9022118,-0.9120184000000001,-0.8629851999999999,-0.89240515,-0.9022118,-0.9022118,-0.9414384,-0.92182505,-0.89240515,-0.93163174,-0.9022118,-0.93163174,-0.9120184000000001,-0.9120184000000001,-0.8727918,-0.84337187,-0.9120184000000001,-0.93163174,-0.89240515,-0.89240515,-0.92182505,-0.89240515,-0.88259846,-0.9022118,-0.9414384,-0.9120184000000001,-0.88259846,-0.9120184000000001,-0.9022118,-0.97085834,-0.9022118,-0.92182505,-0.9414384,-0.9610517,-0.9414384,-0.93163174,-0.9414384,-0.97085834,-0.9512450000000001,-0.9610517,-0.9414384,-0.9610517,-0.93163174,-0.9120184000000001,-0.92182505,-0.9120184000000001,-0.9414384,-0.93163174,-0.9610517,-1.0100849,2
-0.9120184000000001,-0.88259846,-0.9120184000000001,-0.9022118,-0.97085834,-0.9022118,-0.92182505,-0.9414384,-0.9610517,-0.9414384,-0.93163174,-0.9414384,-0.97085834,-0.9512450000000001,-0.9610517,-0.9414384,-0.9610517,-0.93163174,-0.9120184000000001,-0.92182505,-0.9120184000000001,-0.9414384,-0.93163174,-0.9610517,-1.0100849,-0.9904716,-0.97085834,-0.9120184000000001,-0.9120184000000001,-0.9120184000000001,-0.9022118,-0.89240515,-0.88259846,-0.9512450000000001,-0.92182505,-0.9414384,-0.9512450000000001,-0.9414384,-0.93163174,-0.9512450000000001,-0.92182505,-0.9120184000000001,-0.9512450000000001,-0.9414384,-0.92182505,-0.9512450000000001,-0.9414384,-0.9512450000000001,-0.93163174,-0.97085834,2
-0.9904716,-0.97085834,-0.9120184000000001,-0.9120184000000001,-0.9120184000000001,-0.9022118,-0.89240515,-0.88259846,-0.9512450000000001,-0.92182505,-0.9414384,-0.9512450000000001,-0.9414384,-0.93163174,-0.9512450000000001,-0.92182505,-0.9120184000000001,-0.9512450000000001,-0.9414384,-0.92182505,-0.9512450000000001,-0.9414384,-0.9512450000000001,-0.93163174,-0.97085834,-1.0100849,-0.97085834,-0.9512450000000001,-0.9414384,-0.93163174,-0.89240515,-0.9120184000000001,-0.9512450000000001,-0.93163174,-0.9512450000000001,-0.9610517,-1.0002782,-0.9904716,-0.98066497,-1.0100849,-0.9904716,-0.98066497,-1.0198916,-0.92182505,-0.93163174,-0.93163174,-0.9414384,-0.9022118,-0.9610517,-0.92182505,2
-1.0100849,-0.97085834,-0.9512450000000001,-0.9414384,-0.93163174,-0.89240515,-0.9120184000000001,-0.9512450000000001,-0.93163174,-0.9512450000000001,-0.9610517,-1.0002782,-0.9904716,-0.98066497,-1.0100849,-0.9904716,-0.98066497,-1.0198916,-0.92182505,-0.93163174,-0.93163174,-0.9414384,-0.9022118,-0.9610517,-0.92182505,-0.9512450000000001,-0.9120184000000001,-0.92182505,-0.92182505,-0.9414384,-0.9022118,-0.93163174,-0.9512450000000001,-0.92182505,-0.9120184000000001,-0.92182505,-0.89240515,-0.9022118,-0.9120184000000001,-0.93163174,-0.9414384,-0.98066497,-0.92182505,-0.92182505,-0.92182505,-0.9414384,-0.88259846,-0.88259846,-0.89240515,-0.93163174,2
-0.9512450000000001,-0.9120184000000001,-0.92182505,-0.92182505,-0.9414384,-0.9022118,-0.93163174,-0.9512450000000001,-0.92182505,-0.9120184000000001,-0.92182505,-0.89240515,-0.9022118,-0.9120184000000001,-0.93163174,-0.9414384,-0.98066497,-0.92182505,-0.92182505,-0.92182505,-0.9414384,-0.88259846,-0.88259846,-0.89240515,-0.93163174,-0.9414384,-0.9120184000000001,-1.0100849,-0.92182505,-0.98066497,-0.9610517,-0.9904716,-0.97085834,-0.9120184000000001,-0.9512450000000001,-0.92182505,-0.92182505,-0.9414384,-0.92182505,-0.9610517,-0.92182505,-0.9512450000000001,-0.93163174,-0.9022118,-0.93163174,-0.9610517,-0.9610517,-0.9610517,-0.9610517,-0.9610517,2
-0.9414384,-0.9120184000000001,-1.0100849,-0.92182505,-0.98066497,-0.9610517,-0.9904716,-0.97085834,-0.9120184000000001,-0.9512450000000001,-0.92182505,-0.92182505,-0.9414384,-0.92182505,-0.9610517,-0.92182505,-0.9512450000000001,-0.93163174,-0.9022118,-0.93163174,-0.9610517,-0.9610517,-0.9610517,-0.9610517,-0.9610517,-0.9120184000000001,-0.92182505,-0.93163174,-0.9414384,-0.9512450000000001,-0.9414384,-0.93163174,-0.98066497,-0.9120184000000001,-0.93163174,-0.9512450000000001,-0.9414384,-0.93163174,-0.97085834,-0.92182505,-0.92182505,-0.9414384,-0.97085834,-0.9414384,-0.9610517,-0.9414384,-0.93163174,-0.9512450000000001,-0.92182505,-0.9414384,2
-0.9120184000000001,-0.92182505,-0.93163174,-0.9414384,-0.9512450000000001,-0.9414384,-0.93163174,-0.98066497,-0.9120184000000001,-0.93163174,-0.9512450000000001,-0.9414384,-0.93163174,-0.97085834,-0.92182505,-0.92182505,-0.9414384,-0.97085834,-0.9414384,-0.9610517,-0.9414384,-0.93163174,-0.9512450000000001,-0.92182505,-0.9414384,-0.9022118,-0.9610517,-0.9610517,-0.9610517,-1.0002782,-0.9610517,-0.97085834,-0.93163174,-0.9610517,-0.9610517,-0.9512450000000001,-0.92182505,-0.93163174,-0.92182505,-0.92182505,-0.97085834,-0.9610517,-0.97085834,-0.93163174,-0.92182505,-0.93163174,-0.92182505,-0.97085834,-0.97085834,-0.97085834,2
-0.9022118,-0.9610517,-0.9610517,-0.9610517,-1.0002782,-0.9610517,-0.97085834,-0.93163174,-0.9610517,-0.9610517,-0.9512450000000001,-0.92182505,-0.93163174,-0.92182505,-0.92182505,-0.97085834,-0.9610517,-0.97085834,-0.93163174,-0.92182505,-0.93163174,-0.92182505,-0.97085834,-0.97085834,-0.97085834,-0.92182505,-0.93163174,-0.9120184000000001,-0.97085834,-0.93163174,-0.9414384,-0.93163174,-0.9414384,-0.9414384,-0.93163174,-0.92182505,-0.92182505,-0.98066497,-0.92182505,-0.9610517,-0.9610517,-0.9610517,-0.9414384,-0.92182505,-0.9512450000000001,-0.9120184000000001,-0.9120184000000001,-0.92182505,-0.93163174,-0.92182505,2
-0.92182505,-0.93163174,-0.9120184000000001,-0.97085834,-0.93163174,-0.9414384,-0.93163174,-0.9414384,-0.9414384,-0.93163174,-0.92182505,-0.92182505,-0.98066497,-0.92182505,-0.9610517,-0.9610517,-0.9610517,-0.9414384,-0.92182505,-0.9512450000000001,-0.9120184000000001,-0.9120184000000001,-0.92182505,-0.93163174,-0.92182505,-0.9414384,-0.9512450000000001,-0.9120184000000001,-0.9414384,-0.9414384,-0.92182505,-1.0002782,-0.9414384,-0.9022118,-0.9120184000000001,-0.9610517,-0.97085834,-0.97085834,-0.9120184000000001,-0.9512450000000001,-0.92182505,-0.92182505,-0.97085834,-0.92182505,-0.9610517,-0.97085834,-0.97085834,-0.9610517,-0.9512450000000001,-0.9120184000000001,2
-0.9414384,-0.9512450000000001,-0.9120184000000001,-0.9414384,-0.9414384,-0.92182505,-1.0002782,-0.9414384,-0.9022118,-0.9120184000000001,-0.9610517,-0.97085834,-0.97085834,-0.9120184000000001,-0.9512450000000001,-0.92182505,-0.92182505,-0.97085834,-0.92182505,-0.9610517,-0.97085834,-0.97085834,-0.9610517,-0.9512450000000001,-0.9120184000000001,-0.9022118,-0.89240515,-0.93163174,-0.92182505,-0.9120184000000001,-0.93163174,-0.92182505,-0.93163174,-0.9414384,-0.97085834,-0.93163174,-0.9120184000000001,-0.9414384,-0.97085834,-0.9904716,-0.9120184000000001,-0.93163174,-0.9022118,-0.9120184000000001,-0.92182505,-0.92182505,-0.93163174,-0.9022118,-0.93163174,-0.92182505,2
-0.9022118,-0.89240515,-0.93163174,-0.92182505,-0.9120184000000001,-0.93163174,-0.92182505,-0.93163174,-0.9414384,-0.97085834,-0.93163174,-0.9120184000000001,-0.9414384,-0.97085834,-0.9904716,-0.9120184000000001,-0.93163174,-0.9022118,-0.9120184000000001,-0.92182505,-0.92182505,-0.93163174,-0.9022118,-0.93163174,-0.92182505,-0.93163174,-0.89240515,-0.9022118,-0.93163174,-0.9512450000000001,-0.92182505,-0.93163174,-0.92182505,-0.92182505,-0.9414384,-0.9610517,-0.9414384,-0.98066497,-0.9120184000000001,-0.92182505,-0.9512450000000001,-0.97085834,-0.97085834,-0.9120184000000001,-0.93163174,-0.97085834,-0.9512450000000001,-0.9120184000000001,-0.9610517,-0.9904716,2
-0.93163174,-0.89240515,-0.9022118,-0.93163174,-0.9512450000000001,-0.92182505,-0.93163174,-0.92182505,-0.92182505,-0.9414384,-0.9610517,-0.9414384,-0.98066497,-0.9120184000000001,-0.92182505,-0.9512450000000001,-0.97085834,-0.97085834,-0.9120184000000001,-0.93163174,-0.97085834,-0.9512450000000001,-0.9120184000000001,-0.9610517,-0.9904716,-0.98066497,-0.9610517,-0.9512450000000001,-0.93163174,-0.93163174,-0.9120184000000001,-0.92182505,-0.9512450000000001,-0.97085834,-0.98066497,-0.97085834,-0.9610517,-0.89240515,-0.9414384,-0.93163174,-0.92182505,-0.93163174,-0.88259846,-0.9512450000000001,-0.9414384,-0.9512450000000001,-0.98066497,-0.9610517,-0.9414384,-0.98066497,2
-0.98066497,-0.9610517,-0.9512450000000001,-0.93163174,-0.93163174,-0.9120184000000001,-0.92182505,-0.9512450000000001,-0.97085834,-0.98066497,-0.97085834,-0.9610517,-0.89240515,-0.9414384,-0.93163174,-0.92182505,-0.93163174,-0.88259846,-0.9512450000000001,-0.9414384,-0.9512450000000001,-0.98066497,-0.9610517,-0.9414384,-0.98066497,-0.97085834,-0.97085834,-0.98066497,-0.92182505,-0.9414384,-0.9120184000000001,-0.92182505,-0.93163174,-0.93163174,-0.9610517,-0.9610517,-0.9904716,-0.97085834,-1.0100849,-0.9512450000000001,-0.9512450000000001,-0.93163174,-0.9512450000000001,-0.9610517,-1.0395049,-0.98066497,-0.9904716,-0.9610517,-0.9904716,-0.92182505,2
-0.97085834,-0.97085834,-0.98066497,-0.92182505,-0.9414384,-0.9120184000000001,-0.92182505,-0.93163174,-0.93163174,-0.9610517,-0.9610517,-0.9904716,-0.97085834,-1.0100849,-0.9512450000000001,-0.9512450000000001,-0.93163174,-0.9512450000000001,-0.9610517,-1.0395049,-0.98066497,-0.9904716,-0.9610517,-0.9904716,-0.92182505,-0.98066497,-0.92182505,-0.9512450000000001,-0.9610517,-0.93163174,-0.98066497,-0.97085834,-0.9610517,-0.97085834,-0.97085834,-0.9904716,-0.9414384,-0.97085834,-1.0002782,-0.97085834,-1.0198916,-0.97085834,-0.9512450000000001,-0.9610517,-0.93163174,-0.9414384,-0.92182505,-0.9610517,-0.9512450000000001,-0.98066497,2
-0.98066497,-0.92182505,-0.9512450000000001,-0.9610517,-0.93163174,-0.98066497,-0.97085834,-0.9610517,-0.97085834,-0.97085834,-0.9904716,-0.9414384,-0.97085834,-1.0002782,-0.97085834,-1.0198916,-0.97085834,-0.9512450000000001,-0.9610517,-0.93163174,-0.9414384,-0.92182505,-0.9610517,-0.9512450000000001,-0.98066497,-0.9610517,-0.9512450000000001,-0.97085834,-0.9610517,-0.93163174,-0.92182505,-0.9512450000000001,-0.9414384,-0.9120184000000001,-0.9904716,-1.0002782,-1.0100849,-0.9610517,-0.9904716,-0.98066497,-0.9904716,-0.97085834,-0.98066497,-0.9022118,-0.98066497,-0.97085834,-1.0002782,-0.98066497,-0.98066497,-0.97085834,2
-0.9610517,-0.9512450000000001,-0.97085834,-0.9610517,-0.93163174,-0.92182505,-0.9512450000000001,-0.9414384,-0.9120184000000001,-0.9904716,-1.0002782,-1.0100849,-0.9610517,-0.9904716,-0.98066497,-0.9904716,-0.97085834,-0.98066497,-0.9022118,-0.98066497,-0.97085834,-1.0002782,-0.98066497,-0.98066497,-0.97085834,-0.92182505,-0.92182505,-0.93163174,-0.9610517,-0.9512450000000001,-0.9414384,-0.9610517,-0.97085834,-1.0100849,-0.9414384,-0.92182505,-0.98066497,-0.9610517,-0.9610517,-0.9512450000000001,-0.9512450000000001,-0.9512450000000001,-0.9904716,-0.98066497,-0.9610517,-0.93163174,-0.9414384,-0.9414384,-0.9610517,-0.9610517,2
-0.92182505,-0.92182505,-0.93163174,-0.9610517,-0.9512450000000001,-0.9414384,-0.9610517,-0.97085834,-1.0100849,-0.9414384,-0.92182505,-0.98066497,-0.9610517,-0.9610517,-0.9512450000000001,-0.9512450000000001,-0.9512450000000001,-0.9904716,-0.98066497,-0.9610517,-0.93163174,-0.9414384,-0.9414384,-0.9610517,-0.9610517,-0.98066497,-0.97085834,-0.97085834,-0.9414384,-0.92182505,-0.9904716,-0.93163174,-0.9610517,-0.93163174,-0.9610517,-0.9512450000000001,-0.9610517,-0.98066497,-0.93163174,-0.97085834,-0.9414384,-0.9512450000000001,-0.9414384,-0.9414384,-0.89240515,-0.9414384,-0.98066497,-0.97085834,-0.98066497,-0.9904716,2
-0.98066497,-0.97085834,-0.97085834,-0.9414384,-0.92182505,-0.9904716,-0.93163174,-0.9610517,-0.93163174,-0.9610517,-0.9512450000000001,-0.9610517,-0.98066497,-0.93163174,-0.97085834,-0.9414384,-0.9512450000000001,-0.9414384,-0.9414384,-0.89240515,-0.9414384,-0.98066497,-0.97085834,-0.98066497,-0.9904716,-1.0100849,-1.0198916,-0.9904716,-1.0100849,-0.97085834,-0.9610517,-0.98066497,-1.0198916,-0.97085834,-0.97085834,-0.98066497,-0.9610517,-0.9512450000000001,-0.9610517,-0.98066497,-0.9512450000000001,-0.9512450000000001,-0.97085834,-0.93163174,-0.93163174,-0.92182505,-0.9512450000000001,-0.93163174,-0.93163174,-0.97085834,2
-1.0100849,-1.0198916,-0.9904716,-1.0100849,-0.97085834,-0.9610517,-0.98066497,-1.0198916,-0.97085834,-0.97085834,-0.98066497,-0.9610517,-0.9512450000000001,-0.9610517,-0.98066497,-0.9512450000000001,-0.9512450000000001,-0.97085834,-0.93163174,-0.93163174,-0.92182505,-0.9512450000000001,-0.93163174,-0.93163174,-0.97085834,-0.9904716,-0.9414384,-0.98066497,-0.97085834,-0.93163174,-0.9414384,-0.9512450000000001,-0.9610517,-0.92182505,-0.9512450000000001,-0.9610517,-0.9512450000000001,-0.97085834,-0.97085834,-0.92182505,-0.9414384,-0.97085834,-0.97085834,-1.0198916,-0.98066497,-0.9904716,-0.9610517,-0.97085834,-1.0002782,-0.92182505,2
-0.9904716,-0.9414384,-0.98066497,-0.97085834,-0.93163174,-0.9414384,-0.9512450000000001,-0.9610517,-0.92182505,-0.9512450000000001,-0.9610517,-0.9512450000000001,-0.97085834,-0.97085834,-0.92182505,-0.9414384,-0.97085834,-0.97085834,-1.0198916,-0.98066497,-0.9904716,-0.9610517,-0.97085834,-1.0002782,-0.92182505,-0.9414384,-0.98066497,-0.97085834,-0.9610517,-1.0002782,-0.9414384,-0.98066497,-0.9610517,-0.9512450000000001,-0.93163174,-0.93163174,-0.92182505,-0.9022118,-0.9512450000000001,-0.9120184000000001,-0.9610517,-0.9904716,-0.9414384,-0.9414384,-0.97085834,-0.93163174,-0.93163174,-0.9512450000000001,-0.9120184000000001,-0.9120184000000001,2
-0.9414384,-0.98066497,-0.97085834,-0.9610517,-1.0002782,-0.9414384,-0.98066497,-0.9610517,-0.9512450000000001,-0.93163174,-0.93163174,-0.92182505,-0.9022118,-0.9512450000000001,-0.9120184000000001,-0.9610517,-0.9904716,-0.9414384,-0.9414384,-0.97085834,-0.93163174,-0.93163174,-0.9512450000000001,-0.9120184000000001,-0.9120184000000001,-0.92182505,-0.9120184000000001,-0.93163174,-0.97085834,-0.9120184000000001,-0.9414384,-0.9414384,-0.9512450000000001,-0.9610517,-0.9414384,-0.9414384,-0.92182505,-0.9610517,-0.98066497,-0.97085834,-0.9512450000000001,-0.9022118,-0.9610517,-0.9610517,-0.9610517,-0.92182505,-0.92182505,-0.9414384,-0.93163174,-0.9610517,2
-0.92182505,-0.9120184000000001,-0.93163174,-0.97085834,-0.9120184000000001,-0.9414384,-0.9414384,-0.9512450000000001,-0.9610517,-0.9414384,-0.9414384,-0.92182505,-0.9610517,-0.98066497,-0.97085834,-0.9512450000000001,-0.9022118,-0.9610517,-0.9610517,-0.9610517,-0.92182505,-0.92182505,-0.9414384,-0.93163174,-0.9610517,-1.0002782,-0.92182505,-0.93163174,-0.93163174,-0.97085834,-0.9512450000000001,-0.93163174,-0.9414384,-0.92182505,-0.9414384,-0.9414384,-0.93163174,-0.9904716,-1.0100849,-0.9512450000000001,-0.9414384,-0.9512450000000001,-0.9610517,-0.92182505,-0.9512450000000001,-0.97085834,-1.0296983,-0.97085834,-0.9512450000000001,-0.98066497,2
-1.0002782,-0.92182505,-0.93163174,-0.93163174,-0.97085834,-0.9512450000000001,-0.93163174,-0.9414384,-0.92182505,-0.9414384,-0.9414384,-0.93163174,-0.9904716,-1.0100849,-0.9512450000000001,-0.9414384,-0.9512450000000001,-0.9610517,-0.92182505,-0.9512450000000001,-0.97085834,-1.0296983,-0.97085834,-0.9512450000000001,-0.98066497,-0.9414384,-0.9610517,-0.93163174,-0.9022118,-0.9512450000000001,-0.93163174,-0.97085834,-0.9904716,-0.9610517,-1.0100849,-0.9904716,-0.9610517,-0.9414384,-0.93163174,-0.92182505,-0.9414384,-0.9610517,-0.97085834,-0.9610517,-0.97085834,-0.9610517,-0.97085834,-0.9414384,-0.93163174,-0.9022118,2
-0.9414384,-0.9610517,-0.93163174,-0.9022118,-0.9512450000000001,-0.93163174,-0.97085834,-0.9904716,-0.9610517,-1.0100849,-0.9904716,-0.9610517,-0.9414384,-0.93163174,-0.92182505,-0.9414384,-0.9610517,-0.97085834,-0.9610517,-0.97085834,-0.9610517,-0.97085834,-0.9414384,-0.93163174,-0.9022118,-0.9610517,-0.93163174,-0.9512450000000001,-0.9610517,-0.9512450000000001,-0.9414384,-0.92182505,-0.9120184000000001,-0.9120184000000001,-0.9512450000000001,-0.9512450000000001,-0.9512450000000001,-0.9414384,-0.97085834,-0.93163174,-0.9414384,-0.9512450000000001,-0.97085834,-0.93163174,-0.93163174,-0.9610517,-0.9120184000000001,-0.92182505,-0.9512450000000001,-0.9610517,2
-0.9610517,-0.93163174,-0.9512450000000001,-0.9610517,-0.9512450000000001,-0.9414384,-0.92182505,-0.9120184000000001,-0.9120184000000001,-0.9512450000000001,-0.9512450000000001,-0.9512450000000001,-0.9414384,-0.97085834,-0.93163174,-0.9414384,-0.9512450000000001,-0.97085834,-0.93163174,-0.93163174,-0.9610517,-0.9120184000000001,-0.92182505,-0.9512450000000001,-0.9610517,-0.97085834,-0.9512450000000001,-0.9610517,-0.9414384,-0.9414384,-0.9414384,-0.92182505,-0.9610517,-0.9512450000000001,-0.9414384,-0.9512450000000001,-1.0002782,-0.97085834,-0.9512450000000001,-0.97085834,-0.97085834,-0.9120184000000001,-0.93163174,-0.9610517,-0.93163174,-0.9512450000000001,-0.9022118,-0.9022118,-0.9512450000000001,-0.9610517,2
-0.97085834,-0.9512450000000001,-0.9610517,-0.9414384,-0.9414384,-0.9414384,-0.92182505,-0.9610517,-0.9512450000000001,-0.9414384,-0.9512450000000001,-1.0002782,-0.97085834,-0.9512450000000001,-0.97085834,-0.97085834,-0.9120184000000001,-0.93163174,-0.9610517,-0.93163174,-0.9512450000000001,-0.9022118,-0.9022118,-0.9512450000000001,-0.9610517,-0.9414384,-1.0002782,-0.9512450000000001,-0.9512450000000001,-0.92182505,-0.9610517,-0.93163174,-0.9610517,-0.93163174,-0.9414384,-0.9414384,-0.9512450000000001,-0.9512450000000001,-0.9120184000000001,-0.9512450000000001,-0.88259846,-0.9414384,-0.9022118,-0.98066497,-0.92182505,-0.9610517,-0.97085834,-0.98066497,-0.9414384,-0.92182505,2
-0.9414384,-1.0002782,-0.9512450000000001,-0.9512450000000001,-0.92182505,-0.9610517,-0.93163174,-0.9610517,-0.93163174,-0.9414384,-0.9414384,-0.9512450000000001,-0.9512450000000001,-0.9120184000000001,-0.9512450000000001,-0.88259846,-0.9414384,-0.9022118,-0.98066497,-0.92182505,-0.9610517,-0.97085834,-0.98066497,-0.9414384,-0.92182505,-0.92182505,-0.9414384,-0.9512450000000001,-0.9120184000000001,-0.9512450000000001,-0.9512450000000001,-0.9512450000000001,-0.97085834,-0.9512450000000001,-0.9610517,-0.9904716,-0.9610517,-0.9610517,-0.9512450000000001,-0.92182505,-0.93163174,-0.9512450000000001,-0.92182505,-0.9414384,-0.93163174,-0.9414384,-0.9512450000000001,-0.98066497,-0.9414384,-0.9904716,2
-0.92182505,-0.9414384,-0.9512450000000001,-0.9120184000000001,-0.9512450000000001,-0.9512450000000001,-0.9512450000000001,-0.97085834,-0.9512450000000001,-0.9610517,-0.9904716,-0.9610517,-0.9610517,-0.9512450000000001,-0.92182505,-0.93163174,-0.9512450000000001,-0.92182505,-0.9414384,-0.93163174,-0.9414384,-0.9512450000000001,-0.98066497,-0.9414384,-0.9904716,-0.97085834,-0.9512450000000001,-0.92182505,-0.92182505,-0.9022118,-0.8727918,-0.92182505,-0.97085834,-0.93163174,-0.97085834,-0.92182505,-0.98066497,-0.9610517,-0.97085834,-0.92182505,-0.93163174,-0.93163174,-0.9120184000000001,-0.92182505,-0.9414384,-0.9610517,-0.9610517,-0.97085834,-0.92182505,-0.89240515,2
-0.97085834,-0.9512450000000001,-0.92182505,-0.92182505,-0.9022118,-0.8727918,-0.92182505,-0.97085834,-0.93163174,-0.97085834,-0.92182505,-0.98066497,-0.9610517,-0.97085834,-0.92182505,-0.93163174,-0.93163174,-0.9120184000000001,-0.92182505,-0.9414384,-0.9610517,-0.9610517,-0.97085834,-0.92182505,-0.89240515,-0.93163174,-0.92182505,-0.9512450000000001,-0.9120184000000001,-0.93163174,-0.9904716,-0.9512450000000001,-0.97085834,-0.98066497,-0.9610517,-0.89240515,-0.93163174,-1.0002782,-0.92182505,-0.9512450000000001,-0.92182505,-0.9610517,-0.9610517,-0.98066497,-0.9120184000000001,-0.9512450000000001,-0.9904716,-0.92182505,-0.9610517,-0.92182505,2
-0.93163174,-0.92182505,-0.9512450000000001,-0.9120184000000001,-0.93163174,-0.9904716,-0.9512450000000001,-0.97085834,-0.98066497,-0.9610517,-0.89240515,-0.93163174,-1.0002782,-0.92182505,-0.9512450000000001,-0.92182505,-0.9610517,-0.9610517,-0.98066497,-0.9120184000000001,-0.9512450000000001,-0.9904716,-0.92182505,-0.9610517,-0.92182505,-0.9414384,-0.92182505,-0.9414384,-0.9414384,-0.9414384,-0.9610517,-0.97085834,-0.98066497,-0.92182505,-0.9904716,-0.9414384,-0.9512450000000001,-0.9022118,-0.92182505,-0.98066497,-0.92182505,-0.98066497,-1.0002782,-1.0198916,-0.98066497,-0.9022118,-0.9610517,-0.9610517,-0.97085834,-0.97085834,2
-0.9414384,-0.92182505,-0.9414384,-0.9414384,-0.9414384,-0.9610517,-0.97085834,-0.98066497,-0.92182505,-0.9904716,-0.9414384,-0.9512450000000001,-0.9022118,-0.92182505,-0.98066497,-0.92182505,-0.98066497,-1.0002782,-1.0198916,-0.98066497,-0.9022118,-0.9610517,-0.9610517,-0.97085834,-0.97085834,-0.92182505,-0.92182505,-0.92182505,-0.9512450000000001,-0.9610517,-0.9120184000000001,-0.9120184000000001,-0.9120184000000001,-0.93163174,-0.92182505,-0.93163174,-0.9610517,-0.97085834,-0.9610517,-0.9610517,-0.97085834,-0.9022118,-0.97085834,-0.9022118,-0.9610517,-0.9610517,-0.93163174,-0.9414384,-0.9022118,-0.9120184000000001,2
-0.92182505,-0.92182505,-0.92182505,-0.9512450000000001,-0.9610517,-0.9120184000000001,-0.9120184000000001,-0.9120184000000001,-0.93163174,-0.92182505,-0.93163174,-0.9610517,-0.97085834,-0.9610517,-0.9610517,-0.97085834,-0.9022118,-0.97085834,-0.9022118,-0.9610517,-0.9610517,-0.93163174,-0.9414384,-0.9022118,-0.9120184000000001,-0.92182505,-0.9414384,-0.98066497,-0.9904716,-0.9414384,-0.97085834,-0.9610517,-0.9022118,-0.9414384,-0.9120184000000001,-0.9904716,-0.93163174,-0.98066497,-1.0296983,-0.9904716,-0.92182505,-0.92182505,-0.9120184000000001,-0.93163174,-0.97085834,-0.93163174,-0.9512450000000001,-0.9610517,-0.9120184000000001,-0.9904716,2
-0.92182505,-0.9414384,-0.98066497,-0.9904716,-0.9414384,-0.97085834,-0.9610517,-0.9022118,-0.9414384,-0.9120184000000001,-0.9904716,-0.93163174,-0.98066497,-1.0296983,-0.9904716,-0.92182505,-0.92182505,-0.9120184000000001,-0.93163174,-0.97085834,-0.93163174,-0.9512450000000001,-0.9610517,-0.9120184000000001,-0.9904716,-0.9610517,-0.9512450000000001,-0.9414384,-0.9610517,-0.9512450000000001,-0.9512450000000001,-0.92182505,-0.89240515,-0.92182505,-0.93163174,-0.92182505,-0.9512450000000001,-0.9512450000000001,-0.9512450000000001,-0.93163174,-0.9414384,-0.92182505,-0.9610517,-0.93163174,-0.97085834,-0.97085834,-0.9610517,-0.93163174,-0.9512450000000001,-0.9120184000000001,2
-0.9610517,-0.9512450000000001,-0.9414384,-0.9610517,-0.9512450000000001,-0.9512450000000001,-0.92182505,-0.89240515,-0.92182505,-0.93163174,-0.92182505,-0.9512450000000001,-0.9512450000000001,-0.9512450000000001,-0.93163174,-0.9414384,-0.92182505,-0.9610517,-0.93163174,-0.97085834,-0.97085834,-0.9610517,-0.93163174,-0.9512450000000001,-0.9120184000000001,-0.9512450000000001,-0.9512450000000001,-0.89240515,-0.9512450000000001,-0.97085834,-0.9610517,-0.97085834,-0.9904716,-0.9610517,-0.9512450000000001,-0.9414384,-0.9022118,-0.9610517,-0.97085834,-0.9120184000000001,-0.9414384,-0.98066497,-0.9414384,-0.9610517,-0.9512450000000001,-0.93163174,-0.9120184000000001,-0.89240515,-0.93163174,-0.93163174,2
-0.9512450000000001,-0.9512450000000001,-0.89240515,-0.9512450000000001,-0.97085834,-0.9610517,-0.97085834,-0.9904716,-0.9610517,-0.9512450000000001,-0.9414384,-0.9022118,-0.9610517,-0.97085834,-0.9120184000000001,-0.9414384,-0.98066497,-0.9414384,-0.9610517,-0.9512450000000001,-0.93163174,-0.9120184000000001,-0.89240515,-0.93163174,-0.93163174,-0.9414384,-0.9512450000000001,-0.9022118,-0.9414384,-0.93163174,-0.9512450000000001,-0.9610517,-0.9904716,-0.9414384,-0.9512450000000001,-0.9414384,-0.93163174,-0.9120184000000001,-0.92182505,-0.98066497,-0.97085834,-0.9512450000000001,-0.98066497,-0.9610517,-0.9512450000000001,-0.89240515,-0.92182505,-0.93163174,-0.88259846,-0.92182505,2
-0.9414384,-0.9512450000000001,-0.9022118,-0.9414384,-0.93163174,-0.9512450000000001,-0.9610517,-0.9904716,-0.9414384,-0.9512450000000001,-0.9414384,-0.93163174,-0.9120184000000001,-0.92182505,-0.98066497,-0.97085834,-0.9512450000000001,-0.98066497,-0.9610517,-0.9512450000000001,-0.89240515,-0.92182505,-0.93163174,-0.88259846,-0.92182505,-0.9414384,-0.9414384,-0.92182505,-0.9120184000000001,-0.9610517,-0.9610517,-0.9512450000000001,-0.98066497,-0.93163174,-0.93163174,-0.93163174,-0.9610517,-0.9120184000000001,-0.93163174,-0.93163174,-0.92182505,-0.9610517,-0.9904716,-0.9610517,-0.97085834,-0.9414384,-0.92182505,-0.9512450000000001,-0.93163174,-0.9414384,2
-0.9414384,-0.9414384,-0.92182505,-0.9120184000000001,-0.9610517,-0.9610517,-0.9512450000000001,-0.98066497,-0.93163174,-0.93163174,-0.93163174,-0.9610517,-0.9120184000000001,-0.93163174,-0.93163174,-0.92182505,-0.9610517,-0.9904716,-0.9610517,-0.97085834,-0.9414384,-0.92182505,-0.9512450000000001,-0.93163174,-0.9414384,-0.9610517,-0.97085834,-0.92182505,-0.9414384,-0.9414384,-0.97085834,-0.9414384,-0.9120184000000001,-0.9414384,-0.9414384,-0.9414384,-0.9022118,-0.9512450000000001,-1.0002782,-1.0100849,-1.0002782,-0.9512450000000001,-0.9904716,-0.9512450000000001,-0.97085834,-0.98066497,-0.9610517,-0.9610517,-0.9414384,-0.9120184000000001,2
-0.9610517,-0.97085834,-0.92182505,-0.9414384,-0.9414384,-0.97085834,-0.9414384,-0.9120184000000001,-0.9414384,-0.9414384,-0.9414384,-0.9022118,-0.9512450000000001,-1.0002782,-1.0100849,-1.0002782,-0.9512450000000001,-0.9904716,-0.9512450000000001,-0.97085834,-0.98066497,-0.9610517,-0.9610517,-0.9414384,-0.9120184000000001,-0.9414384,-0.9610517,-0.9512450000000001,-0.9904716,-1.0100849,-0.9512450000000001,-0.9512450000000001,-0.93163174,-0.9512450000000001,-0.93163174,-0.93163174,-0.9610517,-0.9414384,-0.9610517,-0.97085834,-0.98066497,-0.9610517,-0.9610517,-1.0002782,-0.92182505,-0.9512450000000001,-0.93163174,-0.92182505,-0.9512450000000001,-0.9512450000000001,2
-0.9414384,-0.9610517,-0.9512450000000001,-0.9904716,-1.0100849,-0.9512450000000001,-0.9512450000000001,-0.93163174,-0.9512450000000001,-0.93163174,-0.93163174,-0.9610517,-0.9414384,-0.9610517,-0.97085834,-0.98066497,-0.9610517,-0.9610517,-1.0002782,-0.92182505,-0.9512450000000001,-0.93163174,-0.92182505,-0.9512450000000001,-0.9512450000000001,-0.9610517,-0.9022118,-0.93163174,-0.9904716,-0.97085834,-0.97085834,-0.97085834,-0.9414384,-0.9610517,-0.9610517,-0.9414384,-0.9904716,-0.97085834,-0.98066497,-0.92182505,-0.9512450000000001,-0.97085834,-0.9414384,-0.9414384,-0.98066497,-0.9414384,-0.9512450000000001,-1.0100849,-0.9120184000000001,-0.9414384,2
-0.9610517,-0.9022118,-0.93163174,-0.9904716,-0.97085834,-0.97085834,-0.97085834,-0.9414384,-0.9610517,-0.9610517,-0.9414384,-0.9904716,-0.97085834,-0.98066497,-0.92182505,-0.9512450000000001,-0.97085834,-0.9414384,-0.9414384,-0.98066497,-0.9414384,-0.9512450000000001,-1.0100849,-0.9120184000000001,-0.9414384,-0.93163174,-0.9414384,-0.97085834,-0.9512450000000001,-0.98066497,-0.98066497,-0.9512450000000001,-0.9610517,-0.9414384,-0.9512450000000001,-0.9022118,-0.9022118,-0.9414384,-0.9610517,-0.97085834,-0.97085834,-0.98066497,-0.9610517,-0.93163174,-0.9414384,-0.9512450000000001,-0.9414384,-0.98066497,-0.9512450000000001,-0.9512450000000001,2
-0.93163174,-0.9414384,-0.97085834,-0.9512450000000001,-0.98066497,-0.98066497,-0.9512450000000001,-0.9610517,-0.9414384,-0.9512450000000001,-0.9022118,-0.9022118,-0.9414384,-0.9610517,-0.97085834,-0.97085834,-0.98066497,-0.9610517,-0.93163174,-0.9414384,-0.9512450000000001,-0.9414384,-0.98066497,-0.9512450000000001,-0.9512450000000001,-0.9120184000000001,-0.93163174,-0.9610517,-1.0002782,-0.9414384,-0.9610517,-0.9610517,-0.9414384,-0.9512450000000001,-0.93163174,-0.9904716,-0.9904716,-0.9904716,-0.9414384,-0.93163174,-0.9414384,-0.93163174,-0.93163174,-0.98066497,-0.93163174,-1.0002782,-0.9414384,-0.9512450000000001,-0.9512450000000001,-1.0100849,2
-0.9120184000000001,-0.93163174,-0.9610517,-1.0002782,-0.9414384,-0.9610517,-0.9610517,-0.9414384,-0.9512450000000001,-0.93163174,-0.9904716,-0.9904716,-0.9904716,-0.9414384,-0.93163174,-0.9414384,-0.93163174,-0.93163174,-0.98066497,-0.93163174,-1.0002782,-0.9414384,-0.9512450000000001,-0.9512450000000001,-1.0100849,-0.9512450000000001,-0.9610517,-0.9414384,-0.9512450000000001,-0.9414384,-0.9414384,-0.93163174,-0.9610517,-0.97085834,-0.9610517,-1.0100849,-0.9610517,-0.9904716,-0.9512450000000001,-0.9904716,-0.93163174,-0.9414384,-0.93163174,-0.9512450000000001,-0.9904716,-0.93163174,-0.9512450000000001,-1.0100849,-0.9414384,-0.97085834,2
-0.9512450000000001,-0.9610517,-0.9414384,-0.9512450000000001,-0.9414384,-0.9414384,-0.93163174,-0.9610517,-0.97085834,-0.9610517,-1.0100849,-0.9610517,-0.9904716,-0.9512450000000001,-0.9904716,-0.93163174,-0.9414384,-0.93163174,-0.9512450000000001,-0.9904716,-0.93163174,-0.9512450000000001,-1.0100849,-0.9414384,-0.97085834,-0.9414384,-0.92182505,-0.93163174,-0.9512450000000001,-0.9512450000000001,-0.9414384,-0.9512450000000001,-0.9904716,-0.9610517,-0.93163174,-0.9414384,-0.98066497,-0.9512450000000001,-0.93163174,-0.9904716,-0.92182505,-0.9512450000000001,-0.9610517,-0.9414384,-0.93163174,-0.9512450000000001,-0.98066497,-0.98066497,-0.9610517,-0.9610517,2
-0.9414384,-0.92182505,-0.93163174,-0.9512450000000001,-0.9512450000000001,-0.9414384,-0.9512450000000001,-0.9904716,-0.9610517,-0.93163174,-0.9414384,-0.98066497,-0.9512450000000001,-0.93163174,-0.9904716,-0.92182505,-0.9512450000000001,-0.9610517,-0.9414384,-0.93163174,-0.9512450000000001,-0.98066497,-0.98066497,-0.9610517,-0.9610517,-0.9512450000000001,-0.9610517,-0.93163174,-0.9120184000000001,-0.9610517,-0.9120184000000001,-0.9414384,-0.9414384,-0.9414384,-0.9610517,-0.9512450000000001,-0.9610517,-0.93163174,-0.93163174,-0.9512450000000001,-0.98066497,-0.9610517,-0.9610517,-0.97085834,-0.98066497,-0.97085834,-0.9512450000000001,-0.92182505,-0.98066497,-0.9610517,2
-0.9512450000000001,-0.9610517,-0.93163174,-0.9120184000000001,-0.9610517,-0.9120184000000001,-0.9414384,-0.9414384,-0.9414384,-0.9610517,-0.9512450000000001,-0.9610517,-0.93163174,-0.93163174,-0.9512450000000001,-0.98066497,-0.9610517,-0.9610517,-0.97085834,-0.98066497,-0.97085834,-0.9512450000000001,-0.92182505,-0.98066497,-0.9610517,-0.9414384,-0.9610517,-0.88259846,-0.9414384,-0.93163174,-0.9512450000000001,-0.97085834,-0.9610517,-0.97085834,-0.9610517,-0.98066497,-0.9610517,-0.92182505,-0.97085834,-0.98066497,-0.9904716,-0.98066497,-0.9610517,-0.9512450000000001,-0.9414384,-0.9512450000000001,-0.98066497,-1.0002782,-0.97085834,-0.9512450000000001,2
-0.9414384,-0.9610517,-0.88259846,-0.9414384,-0.93163174,-0.9512450000000001,-0.97085834,-0.9610517,-0.97085834,-0.9610517,-0.98066497,-0.9610517,-0.92182505,-0.97085834,-0.98066497,-0.9904716,-0.98066497,-0.9610517,-0.9512450000000001,-0.9414384,-0.9512450000000001,-0.98066497,-1.0002782,-0.97085834,-0.9512450000000001,-0.9610517,-0.97085834,-0.98066497,-0.98066497,-0.93163174,-0.9610517,-0.98066497,-0.9610517,-0.9610517,-0.97085834,-1.0002782,-0.9414384,-0.97085834,-0.9610517,-0.9610517,-0.9610517,-0.9512450000000001,-0.9120184000000001,-0.9610517,-0.9610517,-0.9414384,-0.9512450000000001,-0.9512450000000001,-0.9414384,-1.0100849,2
-0.9610517,-0.97085834,-0.98066497,-0.98066497,-0.93163174,-0.9610517,-0.98066497,-0.9610517,-0.9610517,-0.97085834,-1.0002782,-0.9414384,-0.97085834,-0.9610517,-0.9610517,-0.9610517,-0.9512450000000001,-0.9120184000000001,-0.9610517,-0.9610517,-0.9414384,-0.9512450000000001,-0.9512450000000001,-0.9414384,-1.0100849,-0.98066497,-0.9610517,-0.98066497,-0.93163174,-0.9512450000000001,-0.9512450000000001,-0.98066497,-0.97085834,-0.9610517,-0.9512450000000001,-0.9512450000000001,-0.93163174,-0.9610517,-0.98066497,-0.97085834,-0.9414384,-0.9610517,-0.97085834,-0.97085834,-0.97085834,-0.9610517,-0.9904716,-0.92182505,-0.9414384,-0.9414384,2
-0.98066497,-0.9610517,-0.98066497,-0.93163174,-0.9512450000000001,-0.9512450000000001,-0.98066497,-0.97085834,-0.9610517,-0.9512450000000001,-0.9512450000000001,-0.93163174,-0.9610517,-0.98066497,-0.97085834,-0.9414384,-0.9610517,-0.97085834,-0.97085834,-0.97085834,-0.9610517,-0.9904716,-0.92182505,-0.9414384,-0.9414384,-0.9414384,-0.97085834,-0.9414384,-0.9414384,-0.9512450000000001,-0.98066497,-0.9610517,-0.97085834,-0.9512450000000001,-0.9414384,-0.92182505,-0.9414384,-0.92182505,-0.92182505,-0.9414384,-0.9610517,-0.9512450000000001,-0.9904716,-0.9904716,-0.97085834,-0.9610517,-0.93163174,-0.9512450000000001,-0.9512450000000001,-1.0002782,2
-0.9414384,-0.97085834,-0.9414384,-0.9414384,-0.9512450000000001,-0.98066497,-0.9610517,-0.97085834,-0.9512450000000001,-0.9414384,-0.92182505,-0.9414384,-0.92182505,-0.92182505,-0.9414384,-0.9610517,-0.9512450000000001,-0.9904716,-0.9904716,-0.97085834,-0.9610517,-0.93163174,-0.9512450000000001,-0.9512450000000001,-1.0002782,-0.93163174,-0.9414384,-0.9610517,-0.9414384,-0.9414384,-0.9904716,-0.9610517,-0.9610517,-0.9414384,-0.9022118,-0.97085834,-0.93163174,-0.9414384,-0.9610517,-0.97085834,-0.97085834,-0.9120184000000001,-0.9120184000000001,-0.93163174,-0.9414384,-0.9512450000000001,-0.9512450000000001,-0.9022118,-0.97085834,-0.93163174,2
-0.93163174,-0.9414384,-0.9610517,-0.9414384,-0.9414384,-0.9904716,-0.9610517,-0.9610517,-0.9414384,-0.9022118,-0.97085834,-0.93163174,-0.9414384,-0.9610517,-0.97085834,-0.97085834,-0.9120184000000001,-0.9120184000000001,-0.93163174,-0.9414384,-0.9512450000000001,-0.9512450000000001,-0.9022118,-0.97085834,-0.93163174,-0.9512450000000001,-0.97085834,-0.97085834,-0.9512450000000001,-0.9904716,-0.9512450000000001,-0.9904716,-0.9512450000000001,-0.93163174,-0.9120184000000001,-0.97085834,-0.9610517,-0.9512450000000001,-0.97085834,-0.9414384,-0.9610517,-0.97085834,-0.9610517,-0.9512450000000001,-0.84337187,-0.9120184000000001,-0.93163174,-0.9512450000000001,-0.9414384,-0.9022118,2
-0.9512450000000001,-0.97085834,-0.97085834,-0.9512450000000001,-0.9904716,-0.9512450000000001,-0.9904716,-0.9512450000000001,-0.93163174,-0.9120184000000001,-0.97085834,-0.9610517,-0.9512450000000001,-0.97085834,-0.9414384,-0.9610517,-0.97085834,-0.9610517,-0.9512450000000001,-0.84337187,-0.9120184000000001,-0.93163174,-0.9512450000000001,-0.9414384,-0.9022118,-0.97085834,-0.93163174,-0.9414384,-0.98066497,-1.0296983,-0.9414384,-0.9120184000000001,-0.92182505,-0.9022118,-0.92182505,-0.92182505,-0.9610517,-0.9414384,-0.9512450000000001,-0.9120184000000001,-0.9512450000000001,-0.9414384,-0.97085834,-0.9414384,-0.93163174,-0.97085834,-0.9414384,-0.9120184000000001,-0.9610517,-0.9120184000000001,2
-0.97085834,-0.93163174,-0.9414384,-0.98066497,-1.0296983,-0.9414384,-0.9120184000000001,-0.92182505,-0.9022118,-0.92182505,-0.92182505,-0.9610517,-0.9414384,-0.9512450000000001,-0.9120184000000001,-0.9512450000000001,-0.9414384,-0.97085834,-0.9414384,-0.93163174,-0.97085834,-0.9414384,-0.9120184000000001,-0.9610517,-0.9120184000000001,-0.9022118,-0.93163174,-0.97085834,-0.9120184000000001,-0.9414384,-0.98066497,-0.9512450000000001,-0.93163174,-0.9610517,-0.9610517,-0.9610517,-0.93163174,-0.9610517,-0.93163174,-0.9512450000000001,-0.98066497,-0.9414384,-0.92182505,-0.92182505,-0.9610517,-0.9414384,-0.9610517,-0.9904716,-0.97085834,-0.9512450000000001,2
-0.9022118,-0.93163174,-0.97085834,-0.9120184000000001,-0.9414384,-0.98066497,-0.9512450000000001,-0.93163174,-0.9610517,-0.9610517,-0.9610517,-0.93163174,-0.9610517,-0.93163174,-0.9512450000000001,-0.98066497,-0.9414384,-0.92182505,-0.92182505,-0.9610517,-0.9414384,-0.9610517,-0.9904716,-0.97085834,-0.9512450000000001,-0.9022118,-0.9120184000000001,-0.9414384,-0.92182505,-0.9120184000000001,-0.9414384,-0.9512450000000001,-0.9512450000000001,-0.97085834,-0.93163174,-0.92182505,-0.93163174,-0.9610517,-0.9022118,-0.9414384,-0.97085834,-0.9610517,-0.9414384,-0.9610517,-0.92182505,-0.97085834,-0.97085834,-0.9414384,-0.92182505,-0.97085834,2
-0.9022118,-0.9120184000000001,-0.9414384,-0.92182505,-0.9120184000000001,-0.9414384,-0.9512450000000001,-0.9512450000000001,-0.97085834,-0.93163174,-0.92182505,-0.93163174,-0.9610517,-0.9022118,-0.9414384,-0.97085834,-0.9610517,-0.9414384,-0.9610517,-0.92182505,-0.97085834,-0.97085834,-0.9414384,-0.92182505,-0.97085834,-0.9414384,-0.9610517,-0.9414384,-0.9610517,-0.9120184000000001,-0.9120184000000001,-0.92182505,-0.9414384,-1.0002782,-0.9512450000000001,-0.9512450000000001,-0.9414384,-0.9022118,-0.9414384,-0.9610517,-0.9414384,-0.97085834,-0.9610517,-0.9904716,-0.9414384,-0.9610517,-0.9512450000000001,-0.92182505,-0.92182505,-0.98066497,2
-0.9414384,-0.9610517,-0.9414384,-0.9610517,-0.9120184000000001,-0.9120184000000001,-0.92182505,-0.9414384,-1.0002782,-0.9512450000000001,-0.9512450000000001,-0.9414384,-0.9022118,-0.9414384,-0.9610517,-0.9414384,-0.97085834,-0.9610517,-0.9904716,-0.9414384,-0.9610517,-0.9512450000000001,-0.92182505,-0.92182505,-0.98066497,-0.9120184000000001,-0.93163174,-0.9512450000000001,-0.92182505,-0.9610517,-0.93163174,-0.9414384,-0.93163174,-0.9414384,-0.97085834,-0.9512450000000001,-0.9120184000000001,-0.9610517,-0.9414384,-0.97085834,-0.9414384,-0.9610517,-0.93163174,-0.93163174,-0.93163174,-0.9022118,-0.9512450000000001,-0.9610517,-0.9904716,-0.93163174,2
-0.9120184000000001,-0.93163174,-0.9512450000000001,-0.92182505,-0.9610517,-0.93163174,-0.9414384,-0.93163174,-0.9414384,-0.97085834,-0.9512450000000001,-0.9120184000000001,-0.9610517,-0.9414384,-0.97085834,-0.9414384,-0.9610517,-0.93163174,-0.93163174,-0.93163174,-0.9022118,-0.9512450000000001,-0.9610517,-0.9904716,-0.93163174,-0.9904716,-0.9414384,-0.98066497,-0.9610517,-0.9512450000000001,-0.9610517,-0.93163174,-0.9512450000000001,-0.93163174,-0.93163174,-0.93163174,-0.98066497,-0.9512450000000001,-0.92182505,-0.97085834,-0.97085834,-1.0002782,-0.9512450000000001,-0.97085834,-0.98066497,-0.9512450000000001,-0.9120184000000001,-0.9610517,-0.92182505,-0.98066497,2
-0.9904716,-0.9414384,-0.98066497,-0.9610517,-0.9512450000000001,-0.9610517,-0.93163174,-0.9512450000000001,-0.93163174,-0.93163174,-0.93163174,-0.98066497,-0.9512450000000001,-0.92182505,-0.97085834,-0.97085834,-1.0002782,-0.9512450000000001,-0.97085834,-0.98066497,-0.9512450000000001,-0.9120184000000001,-0.9610517,-0.92182505,-0.98066497,-0.9414384,-0.93163174,-0.9414384,-1.0002782,-0.9120184000000001,-0.92182505,-0.9610517,-0.9904716,-0.97085834,-0.9414384,-0.9512450000000001,-0.9512450000000001,-0.97085834,-0.93163174,-0.9610517,-0.9512450000000001,-0.9414384,-0.9414384,-0.9512450000000001,-0.9610517,-0.97085834,-0.98066497,-0.98066497,-0.97085834,-0.93163174,2
-0.9414384,-0.93163174,-0.9414384,-1.0002782,-0.9120184000000001,-0.92182505,-0.9610517,-0.9904716,-0.97085834,-0.9414384,-0.9512450000000001,-0.9512450000000001,-0.97085834,-0.93163174,-0.9610517,-0.9512450000000001,-0.9414384,-0.9414384,-0.9512450000000001,-0.9610517,-0.97085834,-0.98066497,-0.98066497,-0.97085834,-0.93163174,-0.98066497,-0.9610517,-0.9512450000000001,-0.9120184000000001,-0.97085834,-0.9512450000000001,-0.9414384,-0.9120184000000001,-0.9610517,-0.9414384,-0.9512450000000001,-0.97085834,-0.9512450000000001,-0.9414384,-0.97085834,-0.9610517,-0.9512450000000001,-0.97085834,-0.9904716,-0.92182505,-1.0100849,-0.93163174,-0.9414384,-0.9512450000000001,-0.9610517,2
-0.98066497,-0.9610517,-0.9512450000000001,-0.9120184000000001,-0.97085834,-0.9512450000000001,-0.9414384,-0.9120184000000001,-0.9610517,-0.9414384,-0.9512450000000001,-0.97085834,-0.9512450000000001,-0.9414384,-0.97085834,-0.9610517,-0.9512450000000001,-0.97085834,-0.9904716,-0.92182505,-1.0100849,-0.93163174,-0.9414384,-0.9512450000000001,-0.9610517,-0.9512450000000001,-0.9610517,-0.9610517,-0.98066497,-0.9414384,-0.9512450000000001,-0.9512450000000001,-0.97085834,-1.0002782,-0.9512450000000001,-0.9512450000000001,-0.97085834,-0.9414384,-0.93163174,-0.98066497,-0.9512450000000001,-0.9610517,-0.93163174,-0.92182505,-0.98066497,-0.97085834,-0.9414384,-0.97085834,-0.98066497,-0.9610517,2
-0.9512450000000001,-0.9610517,-0.9610517,-0.98066497,-0.9414384,-0.9512450000000001,-0.9512450000000001,-0.97085834,-1.0002782,-0.9512450000000001,-0.9512450000000001,-0.97085834,-0.9414384,-0.93163174,-0.98066497,-0.9512450000000001,-0.9610517,-0.93163174,-0.92182505,-0.98066497,-0.97085834,-0.9414384,-0.97085834,-0.98066497,-0.9610517,-0.98066497,-0.9610517,-0.9414384,-0.9610517,-0.9610517,-0.98066497,-0.9610517,-0.98066497,-0.93163174,-0.97085834,-0.93163174,-0.9512450000000001,-0.92182505,-0.9610517,-0.9414384,-0.9610517,-0.98066497,-0.93163174,-0.9512450000000001,-0.9904716,-0.92182505,-1.0296983,-0.9610517,-0.9414384,-0.97085834,2
-0.98066497,-0.9610517,-0.9414384,-0.9610517,-0.9610517,-0.98066497,-0.9610517,-0.98066497,-0.93163174,-0.97085834,-0.93163174,-0.9512450000000001,-0.92182505,-0.9610517,-0.9414384,-0.9610517,-0.98066497,-0.93163174,-0.9512450000000001,-0.9904716,-0.92182505,-1.0296983,-0.9610517,-0.9414384,-0.97085834,-0.97085834,-0.9512450000000001,-0.9610517,-0.9414384,-0.9610517,-1.0002782,-0.97085834,-0.9512450000000001,-0.9512450000000001,-0.9414384,-0.93163174,-0.93163174,-0.9120184000000001,-0.9414384,-0.97085834,-0.9610517,-0.97085834,-0.97085834,-0.97085834,-0.98066497,-0.9414384,-0.9904716,-0.92182505,-0.97085834,-0.97085834,2
-0.97085834,-0.9512450000000001,-0.9610517,-0.9414384,-0.9610517,-1.0002782,-0.97085834,-0.9512450000000001,-0.9512450000000001,-0.9414384,-0.93163174,-0.93163174,-0.9120184000000001,-0.9414384,-0.97085834,-0.9610517,-0.97085834,-0.97085834,-0.97085834,-0.98066497,-0.9414384,-0.9904716,-0.92182505,-0.97085834,-0.97085834,-0.9512450000000001,-0.98066497,-0.98066497,-0.9904716,-0.9414384,-0.9512450000000001,-0.92182505,-0.92182505,-0.92182505,-0.9512450000000001,-0.9512450000000001,-0.93163174,-1.0002782,-0.9414384,-0.98066497,-0.97085834,-0.9414384,-0.9512450000000001,-0.9512450000000001,-0.9610517,-0.9512450000000001,-0.9512450000000001,-0.9610517,-0.92182505,-0.9610517,2
-0.9512450000000001,-0.98066497,-0.98066497,-0.9904716,-0.9414384,-0.9512450000000001,-0.92182505,-0.92182505,-0.92182505,-0.9512450000000001,-0.9512450000000001,-0.93163174,-1.0002782,-0.9414384,-0.98066497,-0.97085834,-0.9414384,-0.9512450000000001,-0.9512450000000001,-0.9610517,-0.9512450000000001,-0.9512450000000001,-0.9610517,-0.92182505,-0.9610517,-0.97085834,-0.9904716,-0.9512450000000001,-0.97085834,-0.97085834,-0.9610517,-0.9414384,-0.97085834,-0.9610517,-0.9610517,-0.9610517,-0.92182505,-0.92182505,-0.9120184000000001,-0.9610517,-0.9120184000000001,-0.9610517,-0.98066497,-0.97085834,-0.9904716,-0.97085834,-0.97085834,-0.9512450000000001,-0.9904716,-0.93163174,2
-0.97085834,-0.9904716,-0.9512450000000001,-0.97085834,-0.97085834,-0.9610517,-0.9414384,-0.97085834,-0.9610517,-0.9610517,-0.9610517,-0.92182505,-0.92182505,-0.9120184000000001,-0.9610517,-0.9120184000000001,-0.9610517,-0.98066497,-0.97085834,-0.9904716,-0.97085834,-0.97085834,-0.9512450000000001,-0.9904716,-0.93163174,-0.9120184000000001,-0.9120184000000001,-0.9120184000000001,-0.93163174,-0.9904716,-0.9512450000000001,-0.9610517,-0.97085834,-0.9610517,-0.98066497,-0.9904716,-0.9414384,-0.93163174,-0.92182505,-0.9022118,-0.98066497,-0.9414384,-0.9414384,-0.9610517,-0.9904716,-0.9904716,-0.98066497,-0.9022118,-0.92182505,-0.9512450000000001,2
-0.9120184000000001,-0.9120184000000001,-0.9120184000000001,-0.93163174,-0.9904716,-0.9512450000000001,-0.9610517,-0.97085834,-0.9610517,-0.98066497,-0.9904716,-0.9414384,-0.93163174,-0.92182505,-0.9022118,-0.98066497,-0.9414384,-0.9414384,-0.9610517,-0.9904716,-0.9904716,-0.98066497,-0.9022118,-0.92182505,-0.9512450000000001,-0.9512450000000001,-0.9610517,-0.97085834,-0.9610517,-0.9610517,-0.97085834,-0.9414384,-0.98066497,-0.9512450000000001,-0.9610517,-0.93163174,-0.92182505,-0.9512450000000001,-0.98066497,-0.9120184000000001,-0.9610517,-0.97085834,-0.9512450000000001,-0.9610517,-0.9512450000000001,-0.9904716,-0.97085834,-0.98066497,-0.9610517,-0.9904716,2
-0.9512450000000001,-0.9610517,-0.97085834,-0.9610517,-0.9610517,-0.97085834,-0.9414384,-0.98066497,-0.9512450000000001,-0.9610517,-0.93163174,-0.92182505,-0.9512450000000001,-0.98066497,-0.9120184000000001,-0.9610517,-0.97085834,-0.9512450000000001,-0.9610517,-0.9512450000000001,-0.9904716,-0.97085834,-0.98066497,-0.9610517,-0.9904716,-0.9610517,-0.93163174,-0.9512450000000001,-0.98066497,-0.93163174,-0.98066497,-0.97085834,-0.97085834,-0.9904716,-0.9120184000000001,-0.98066497,-0.97085834,-0.97085834,-0.9904716,-0.97085834,-0.9512450000000001,-0.9512450000000001,-0.92182505,-0.93163174,-0.9512450000000001,-0.97085834,-0.9512450000000001,-0.9610517,-0.9414384,-0.9512450000000001,2
-0.9610517,-0.93163174,-0.9512450000000001,-0.98066497,-0.93163174,-0.98066497,-0.97085834,-0.97085834,-0.9904716,-0.9120184000000001,-0.98066497,-0.97085834,-0.97085834,-0.9904716,-0.97085834,-0.9512450000000001,-0.9512450000000001,-0.92182505,-0.93163174,-0.9512450000000001,-0.97085834,-0.9512450000000001,-0.9610517,-0.9414384,-0.9512450000000001,-0.9610517,-0.9512450000000001,-0.9512450000000001,-0.98066497,-0.9512450000000001,-0.93163174,-0.9512450000000001,-0.9022118,-0.9414384,-0.9904716,-0.97085834,-0.92182505,-0.9904716,-0.9120184000000001,-0.9414384,-0.9610517,-0.9610517,-0.97085834,-0.97085834,-1.0296983,-0.9414384,-0.93163174,-0.9512450000000001,-0.92182505,-1.0002782,2
-0.9610517,-0.9512450000000001,-0.9512450000000001,-0.98066497,-0.9512450000000001,-0.93163174,-0.9512450000000001,-0.9022118,-0.9414384,-0.9904716,-0.97085834,-0.92182505,-0.9904716,-0.9120184000000001,-0.9414384,-0.9610517,-0.9610517,-0.97085834,-0.97085834,-1.0296983,-0.9414384,-0.93163174,-0.9512450000000001,-0.92182505,-1.0002782,-0.9512450000000001,-0.98066497,-0.92182505,-0.93163174,-0.97085834,-0.9414384,-0.9512450000000001,-0.9414384,-0.9512450000000001,-0.9610517,-0.9610517,-0.9414384,-0.9512450000000001,-0.9414384,-0.97085834,-0.93163174,-0.92182505,-0.9022118,-0.93163174,-0.9120184000000001,-0.92182505,-0.9610517,-1.0198916,-0.97085834,-0.9512450000000001,2
-0.9512450000000001,-0.98066497,-0.92182505,-0.93163174,-0.97085834,-0.9414384,-0.9512450000000001,-0.9414384,-0.9512450000000001,-0.9610517,-0.9610517,-0.9414384,-0.9512450000000001,-0.9414384,-0.97085834,-0.93163174,-0.92182505,-0.9022118,-0.93163174,-0.9120184000000001,-0.92182505,-0.9610517,-1.0198916,-0.97085834,-0.9512450000000001,-0.9414384,-0.9512450000000001,-0.9120184000000001,-0.93163174,-0.9414384,-0.9610517,-0.9512450000000001,-0.9904716,-0.98066497,-0.9610517,-0.9414384,-0.9610517,-0.92182505,-0.97085834,-0.9414384,-0.93163174,-0.93163174,-0.9414384,-0.9022118,-0.9512450000000001,-0.98066497,-0.92182505,-0.9414384,-0.92182505,-0.88259846,2
-0.9414384,-0.9512450000000001,-0.9120184000000001,-0.93163174,-0.9414384,-0.9610517,-0.9512450000000001,-0.9904716,-0.98066497,-0.9610517,-0.9414384,-0.9610517,-0.92182505,-0.97085834,-0.9414384,-0.93163174,-0.93163174,-0.9414384,-0.9022118,-0.9512450000000001,-0.98066497,-0.92182505,-0.9414384,-0.92182505,-0.88259846,-0.92182505,-0.92182505,-0.98066497,-0.92182505,-0.93163174,-0.97085834,-0.9414384,-0.92182505,-0.9414384,-0.93163174,-0.9414384,-0.92182505,-0.93163174,-0.9120184000000001,-0.93163174,-0.9610517,-0.9414384,-0.9610517,-0.9512450000000001,-0.9414384,-0.9904716,-0.9610517,-0.9414384,-0.97085834,-0.9512450000000001,2
-0.92182505,-0.92182505,-0.98066497,-0.92182505,-0.93163174,-0.97085834,-0.9414384,-0.92182505,-0.9414384,-0.93163174,-0.9414384,-0.92182505,-0.93163174,-0.9120184000000001,-0.93163174,-0.9610517,-0.9414384,-0.9610517,-0.9512450000000001,-0.9414384,-0.9904716,-0.9610517,-0.9414384,-0.97085834,-0.9512450000000001,-1.0100849,-0.98066497,-1.0002782,-0.97085834,-0.97085834,-0.9120184000000001,-0.9512450000000001,-0.8727918,-0.93163174,-0.92182505,-0.97085834,-0.97085834,-0.9512450000000001,-0.98066497,-0.9610517,-0.92182505,-0.92182505,-0.88259846,-0.88259846,-0.9022118,-0.9120184000000001,-0.93163174,-0.92182505,-0.9512450000000001,-0.9512450000000001,2
-1.0100849,-0.98066497,-1.0002782,-0.97085834,-0.97085834,-0.9120184000000001,-0.9512450000000001,-0.8727918,-0.93163174,-0.92182505,-0.97085834,-0.97085834,-0.9512450000000001,-0.98066497,-0.9610517,-0.92182505,-0.92182505,-0.88259846,-0.88259846,-0.9022118,-0.9120184000000001,-0.93163174,-0.92182505,-0.9512450000000001,-0.9512450000000001,-0.9904716,-0.9610517,-0.9414384,-0.9414384,-0.9610517,-0.92182505,-0.93163174,-0.9414384,-0.9610517,-0.97085834,-0.97085834,-0.93163174,-0.92182505,-0.92182505,-0.9120184000000001,-0.9414384,-0.9120184000000001,-0.93163174,-0.93163174,-0.9610517,-0.9414384,-0.9414384,-0.92182505,-0.9120184000000001,-0.8727918,2
-0.9904716,-0.9610517,-0.9414384,-0.9414384,-0.9610517,-0.92182505,-0.93163174,-0.9414384,-0.9610517,-0.97085834,-0.97085834,-0.93163174,-0.92182505,-0.92182505,-0.9120184000000001,-0.9414384,-0.9120184000000001,-0.93163174,-0.93163174,-0.9610517,-0.9414384,-0.9414384,-0.92182505,-0.9120184000000001,-0.8727918,-0.9120184000000001,-0.9512450000000001,-0.9120184000000001,-0.9120184000000001,-0.89240515,-0.9022118,-0.92182505,-0.9610517,-0.9120184000000001,-0.89240515,-0.9022118,-0.92182505,-0.97085834,-0.92182505,-0.9512450000000001,-0.9022118,-0.9610517,-0.9414384,-0.88259846,-0.9120184000000001,-0.8531785,-0.92182505,-0.9120184000000001,-0.92182505,-0.9610517,2
-0.9120184000000001,-0.9512450000000001,-0.9120184000000001,-0.9120184000000001,-0.89240515,-0.9022118,-0.92182505,-0.9610517,-0.9120184000000001,-0.89240515,-0.9022118,-0.92182505,-0.97085834,-0.92182505,-0.9512450000000001,-0.9022118,-0.9610517,-0.9414384,-0.88259846,-0.9120184000000001,-0.8531785,-0.92182505,-0.9120184000000001,-0.92182505,-0.9610517,-0.9414384,-0.9512450000000001,-0.9022118,-0.9610517,-0.93163174,-0.9414384,-0.89240515,-0.9120184000000001,-0.88259846,-0.8531785,-0.9022118,-0.9120184000000001,-0.93163174,-0.9414384,-0.9414384,-0.9120184000000001,-0.92182505,-0.9120184000000001,-0.8727918,-0.9120184000000001,-0.92182505,-0.9120184000000001,-0.89240515,-0.88259846,-0.89240515,2
-0.9414384,-0.9512450000000001,-0.9022118,-0.9610517,-0.93163174,-0.9414384,-0.89240515,-0.9120184000000001,-0.88259846,-0.8531785,-0.9022118,-0.9120184000000001,-0.93163174,-0.9414384,-0.9414384,-0.9120184000000001,-0.92182505,-0.9120184000000001,-0.8727918,-0.9120184000000001,-0.92182505,-0.9120184000000001,-0.89240515,-0.88259846,-0.89240515,-0.92182505,-0.9120184000000001,-0.9120184000000001,-0.92182505,-0.9512450000000001,-0.9610517,-0.9414384,-0.89240515,-0.9414384,-0.9120184000000001,-0.9414384,-0.9414384,-0.9022118,-0.9414384,-0.93163174,-0.9120184000000001,-0.8727918,-0.9414384,-0.9120184000000001,-0.92182505,-0.8629851999999999,-0.89240515,-0.88259846,-0.89240515,-0.89240515,2
-0.92182505,-0.9120184000000001,-0.9120184000000001,-0.92182505,-0.9512450000000001,-0.9610517,-0.9414384,-0.89240515,-0.9414384,-0.9120184000000001,-0.9414384,-0.9414384,-0.9022118,-0.9414384,-0.93163174,-0.9120184000000001,-0.8727918,-0.9414384,-0.9120184000000001,-0.92182505,-0.8629851999999999,-0.89240515,-0.88259846,-0.89240515,-0.89240515,-0.89240515,-0.93163174,-0.92182505,-0.9022118,-0.9022118,-0.8727918,-0.9022118,-0.8727918,-0.9120184000000001,-0.93163174,-0.84337187,-0.9414384,-0.92182505,-0.89240515,-0.9120184000000001,-0.89240515,-0.89240515,-0.9022118,-0.9022118,-0.9022118,-0.9120184000000001,-0.93163174,-0.9022118,-0.92182505,-0.93163174,2
-0.89240515,-0.93163174,-0.92182505,-0.9022118,-0.9022118,-0.8727918,-0.9022118,-0.8727918,-0.9120184000000001,-0.93163174,-0.84337187,-0.9414384,-0.92182505,-0.89240515,-0.9120184000000001,-0.89240515,-0.89240515,-0.9022118,-0.9022118,-0.9022118,-0.9120184000000001,-0.93163174,-0.9022118,-0.92182505,-0.93163174,-0.88259846,-0.8727918,-0.8727918,-0.89240515,-0.9022118,-0.9120184000000001,-0.88259846,-0.89240515,-0.92182505,-0.9120184000000001,-0.9022118,-0.9120184000000001,-0.9022118,-0.8727918,-0.9022118,-0.9022118,-0.93163174,-0.88259846,-0.93163174,-0.9120184000000001,-0.93163174,-0.9512450000000001,-0.9512450000000001,-0.9022118,-0.8727918,2
-0.88259846,-0.8727918,-0.8727918,-0.89240515,-0.9022118,-0.9120184000000001,-0.88259846,-0.89240515,-0.92182505,-0.9120184000000001,-0.9022118,-0.9120184000000001,-0.9022118,-0.8727918,-0.9022118,-0.9022118,-0.93163174,-0.88259846,-0.93163174,-0.9120184000000001,-0.93163174,-0.9512450000000001,-0.9512450000000001,-0.9022118,-0.8727918,-0.8531785,-0.9022118,-0.89240515,-0.9022118,-0.9022118,-0.92182505,-0.8727918,-0.88259846,-0.9120184000000001,-0.89240515,-0.93163174,-0.8629851999999999,-0.9022118,-0.8531785,-0.89240515,-0.9022118,-0.8727918,-0.93163174,-0.9120184000000001,-0.92182505,-0.9120184000000001,-0.8727918,-0.89240515,-0.9512450000000001,-0.9120184000000001,2
-0.8531785,-0.9022118,-0.89240515,-0.9022118,-0.9022118,-0.92182505,-0.8727918,-0.88259846,-0.9120184000000001,-0.89240515,-0.93163174,-0.8629851999999999,-0.9022118,-0.8531785,-0.89240515,-0.9022118,-0.8727918,-0.93163174,-0.9120184000000001,-0.92182505,-0.9120184000000001,-0.8727918,-0.89240515,-0.9512450000000001,-0.9120184000000001,-0.93163174,-0.89240515,-0.9120184000000001,-0.9120184000000001,-0.9414384,-0.93163174,-0.9512450000000001,-0.92182505,-0.92182505,-0.9512450000000001,-0.98066497,-0.9610517,-0.93163174,-0.9120184000000001,-0.9512450000000001,-0.9414384,-0.93163174,-0.92182505,-0.9414384,-0.9610517,-0.98066497,-0.9512450000000001,-0.9022118,-0.92182505,-0.9512450000000001,2
-0.93163174,-0.89240515,-0.9120184000000001,-0.9120184000000001,-0.9414384,-0.93163174,-0.9512450000000001,-0.92182505,-0.92182505,-0.9512450000000001,-0.98066497,-0.9610517,-0.93163174,-0.9120184000000001,-0.9512450000000001,-0.9414384,-0.93163174,-0.92182505,-0.9414384,-0.9610517,-0.98066497,-0.9512450000000001,-0.9022118,-0.92182505,-0.9512450000000001,-0.9022118,-0.92182505,-0.9512450000000001,-0.9610517,-0.9512450000000001,-0.93163174,-0.9022118,-0.9120184000000001,-0.9414384,-0.93163174,-0.9414384,-0.9414384,-0.97085834,-0.93163174,-0.9904716,-0.9512450000000001,-0.97085834,-0.9610517,-0.97085834,-0.98066497,-0.93163174,-0.93163174,-0.9610517,-0.9610517,-0.9414384,2
-0.9022118,-0.92182505,-0.9512450000000001,-0.9610517,-0.9512450000000001,-0.93163174,-0.9022118,-0.9120184000000001,-0.9414384,-0.93163174,-0.9414384,-0.9414384,-0.97085834,-0.93163174,-0.9904716,-0.9512450000000001,-0.97085834,-0.9610517,-0.97085834,-0.98066497,-0.93163174,-0.93163174,-0.9610517,-0.9610517,-0.9414384,-0.98066497,-0.9512450000000001,-0.9512450000000001,-0.9610517,-0.9610517,-0.9610517,-0.98066497,-0.9414384,-0.9512450000000001,-0.9414384,-0.9414384,-0.93163174,-0.9610517,-0.9414384,-0.9022118,-0.88259846,-0.89240515,-0.89240515,-0.9120184000000001,-0.9610517,-0.9512450000000001,-0.9512450000000001,-0.9904716,-0.97085834,-0.9610517,2
-0.98066497,-0.9512450000000001,-0.9512450000000001,-0.9610517,-0.9610517,-0.9610517,-0.98066497,-0.9414384,-0.9512450000000001,-0.9414384,-0.9414384,-0.93163174,-0.9610517,-0.9414384,-0.9022118,-0.88259846,-0.89240515,-0.89240515,-0.9120184000000001,-0.9610517,-0.9512450000000001,-0.9512450000000001,-0.9904716,-0.97085834,-0.9610517,-0.9512450000000001,-0.89240515,-0.9610517,-0.97085834,-0.92182505,-1.0100849,-0.97085834,-1.0002782,-0.98066497,-0.97085834,-0.9512450000000001,-0.9610517,-0.9414384,-0.93163174,-1.0002782,-0.89240515,-0.9414384,-0.9610517,-0.98066497,-0.98066497,-1.0100849,-0.98066497,-0.98066497,-0.9512450000000001,-0.9610517,2
-0.9512450000000001,-0.89240515,-0.9610517,-0.97085834,-0.92182505,-1.0100849,-0.97085834,-1.0002782,-0.98066497,-0.97085834,-0.9512450000000001,-0.9610517,-0.9414384,-0.93163174,-1.0002782,-0.89240515,-0.9414384,-0.9610517,-0.98066497,-0.98066497,-1.0100849,-0.98066497,-0.98066497,-0.9512450000000001,-0.9610517,-0.9414384,-0.9414384,-0.9414384,-0.93163174,-0.9610517,-0.9512450000000001,-0.9414384,-0.9512450000000001,-0.98066497,-0.9512450000000001,-0.9512450000000001,-0.9904716,-0.92182505,-0.9610517,-0.93163174,-0.93163174,-0.9512450000000001,-0.9904716,-0.9610517,-0.9610517,-1.0002782,-0.92182505,-0.97085834,-0.9414384,-0.98066497,2
-0.9414384,-0.9414384,-0.9414384,-0.93163174,-0.9610517,-0.9512450000000001,-0.9414384,-0.9512450000000001,-0.98066497,-0.9512450000000001,-0.9512450000000001,-0.9904716,-0.92182505,-0.9610517,-0.93163174,-0.93163174,-0.9512450000000001,-0.9904716,-0.9610517,-0.9610517,-1.0002782,-0.92182505,-0.97085834,-0.9414384,-0.98066497,-0.97085834,-0.97085834,-0.9904716,-0.97085834,-0.9414384,-0.9414384,-0.93163174,-0.92182505,-0.9512450000000001,-0.9512450000000001,-1.0002782,-0.98066497,-0.97085834,-0.97085834,-1.0002782,-0.97085834,-0.9904716,-0.97085834,-0.9512450000000001,-0.97085834,-0.9610517,-0.93163174,-0.97085834,-0.9610517,-0.98066497,2
-0.97085834,-0.97085834,-0.9904716,-0.97085834,-0.9414384,-0.9414384,-0.93163174,-0.92182505,-0.9512450000000001,-0.9512450000000001,-1.0002782,-0.98066497,-0.97085834,-0.97085834,-1.0002782,-0.97085834,-0.9904716,-0.97085834,-0.9512450000000001,-0.97085834,-0.9610517,-0.93163174,-0.97085834,-0.9610517,-0.98066497,-0.9512450000000001,-0.97085834,-1.0002782,-0.9904716,-0.9610517,-0.9610517,-0.97085834,-0.97085834,-0.9610517,-0.9610517,-0.9414384,-0.98066497,-0.9610517,-1.0100849,-0.9610517,-0.9610517,-0.9610517,-0.98066497,-0.9904716,-0.9512450000000001,-1.0100849,-0.97085834,-0.97085834,-1.0002782,-0.9512450000000001,2
-0.9512450000000001,-0.97085834,-1.0002782,-0.9904716,-0.9610517,-0.9610517,-0.97085834,-0.97085834,-0.9610517,-0.9610517,-0.9414384,-0.98066497,-0.9610517,-1.0100849,-0.9610517,-0.9610517,-0.9610517,-0.98066497,-0.9904716,-0.9512450000000001,-1.0100849,-0.97085834,-0.97085834,-1.0002782,-0.9512450000000001,-0.93163174,-0.9610517,-0.97085834,-0.93163174,-1.0002782,-0.97085834,-0.98066497,-0.9610517,-1.0002782,-0.98066497,-1.0100849,-0.98066497,-0.9610517,-0.93163174,-0.97085834,-0.97085834,-0.9610517,-0.9610517,-1.0100849,-0.98066497,-0.9610517,-0.97085834,-1.0002782,-0.9414384,-0.97085834,2
-0.93163174,-0.9610517,-0.97085834,-0.93163174,-1.0002782,-0.97085834,-0.98066497,-0.9610517,-1.0002782,-0.98066497,-1.0100849,-0.98066497,-0.9610517,-0.93163174,-0.97085834,-0.97085834,-0.9610517,-0.9610517,-1.0100849,-0.98066497,-0.9610517,-0.97085834,-1.0002782,-0.9414384,-0.97085834,-0.98066497,-0.9610517,-0.9904716,-0.9610517,-0.9414384,-0.98066497,-0.9414384,-1.0100849,-0.98066497,-1.0100849,-1.0198916,-1.0296983,-1.0395049,-1.0002782,-0.97085834,-0.9610517,-0.9512450000000001,-1.0002782,-0.97085834,-0.97085834,-0.92182505,-0.9610517,-0.9904716,-0.9904716,-1.0395049,2
-0.98066497,-0.9610517,-0.9904716,-0.9610517,-0.9414384,-0.98066497,-0.9414384,-1.0100849,-0.98066497,-1.0100849,-1.0198916,-1.0296983,-1.0395049,-1.0002782,-0.97085834,-0.9610517,-0.9512450000000001,-1.0002782,-0.97085834,-0.97085834,-0.92182505,-0.9610517,-0.9904716,-0.9904716,-1.0395049,-0.97085834,-0.9904716,-1.0002782,-1.0100849,-1.0002782,-1.0296983,-1.0100849,-0.9512450000000001,-0.92182505,-0.98066497,-0.98066497,-0.97085834,-0.98066497,-0.98066497,-0.9022118,-0.92182505,-0.92182505,-0.9022118,-0.93163174,-0.9512450000000001,-0.97085834,-0.98066497,-0.98066497,-1.0100849,-0.97085834,2
-0.97085834,-0.9904716,-1.0002782,-1.0100849,-1.0002782,-1.0296983,-1.0100849,-0.9512450000000001,-0.92182505,-0.98066497,-0.98066497,-0.97085834,-0.98066497,-0.98066497,-0.9022118,-0.92182505,-0.92182505,-0.9022118,-0.93163174,-0.9512450000000001,-0.97085834,-0.98066497,-0.98066497,-1.0100849,-0.97085834,-0.9904716,-1.0198916,-1.0296983,-1.0198916,-0.98066497,-1.0296983,-0.97085834,-1.0002782,-0.9512450000000001,-0.9904716,-1.0002782,-0.97085834,-0.9610517,-0.9904716,-1.0100849,-0.9610517,-0.9610517,-0.9512450000000001,-0.93163174,-0.9414384,-0.9414384,-0.98066497,-0.97085834,-0.9120184000000001,-0.9512450000000001,2
-0.9904716,-1.0198916,-1.0296983,-1.0198916,-0.98066497,-1.0296983,-0.97085834,-1.0002782,-0.9512450000000001,-0.9904716,-1.0002782,-0.97085834,-0.9610517,-0.9904716,-1.0100849,-0.9610517,-0.9610517,-0.9512450000000001,-0.93163174,-0.9414384,-0.9414384,-0.98066497,-0.97085834,-0.9120184000000001,-0.9512450000000001,-0.9120184000000001,-0.93163174,-0.9414384,-0.93163174,-0.92182505,-0.97085834,-0.9512450000000001,-0.9120184000000001,-0.9120184000000001,-0.88259846,-0.8727918,-0.92182505,-0.9022118,-0.92182505,-0.9414384,-0.97085834,-1.0002782,-0.9414384,-0.9512450000000001,-0.97085834,-0.9610517,-0.92182505,-0.98066497,-0.9022118,-0.9414384,2
-0.9120184000000001,-0.93163174,-0.9414384,-0.93163174,-0.92182505,-0.97085834,-0.9512450000000001,-0.9120184000000001,-0.9120184000000001,-0.88259846,-0.8727918,-0.92182505,-0.9022118,-0.92182505,-0.9414384,-0.97085834,-1.0002782,-0.9414384,-0.9512450000000001,-0.97085834,-0.9610517,-0.92182505,-0.98066497,-0.9022118,-0.9414384,-0.92182505,-0.89240515,-0.97085834,-0.98066497,-0.93163174,-0.9512450000000001,-0.92182505,-0.92182505,-0.93163174,-0.9610517,-0.8727918,-0.93163174,-0.9512450000000001,-0.9610517,-0.9512450000000001,-1.0002782,-1.0198916,-0.97085834,-0.9610517,-1.0002782,-0.97085834,-0.9512450000000001,-0.9512450000000001,-1.0002782,-0.97085834,2
-0.92182505,-0.89240515,-0.97085834,-0.98066497,-0.93163174,-0.9512450000000001,-0.92182505,-0.92182505,-0.93163174,-0.9610517,-0.8727918,-0.93163174,-0.9512450000000001,-0.9610517,-0.9512450000000001,-1.0002782,-1.0198916,-0.97085834,-0.9610517,-1.0002782,-0.97085834,-0.9512450000000001,-0.9512450000000001,-1.0002782,-0.97085834,-0.9610517,-0.97085834,-0.97085834,-0.9512450000000001,-0.98066497,-0.9904716,-0.97085834,-0.9512450000000001,-0.98066497,-0.9904716,-0.92182505,-0.9414384,-0.98066497,-0.9120184000000001,-0.9414384,-0.9414384,-0.92182505,-0.97085834,-0.92182505,-0.9610517,-0.9512450000000001,-0.9610517,-0.98066497,-0.9904716,-0.9512450000000001,2
-0.9610517,-0.97085834,-0.97085834,-0.9512450000000001,-0.98066497,-0.9904716,-0.97085834,-0.9512450000000001,-0.98066497,-0.9904716,-0.92182505,-0.9414384,-0.98066497,-0.9120184000000001,-0.9414384,-0.9414384,-0.92182505,-0.97085834,-0.92182505,-0.9610517,-0.9512450000000001,-0.9610517,-0.98066497,-0.9904716,-0.9512450000000001,-0.93163174,-0.92182505,-0.9414384,-0.9414384,-0.9904716,-0.9512450000000001,-0.92182505,-0.97085834,-0.93163174,-0.9414384,-0.98066497,-0.9610517,-0.9512450000000001,-0.92182505,-0.9512450000000001,-0.93163174,-0.92182505,-0.89240515,-0.97085834,-0.9414384,-0.9610517,-0.9512450000000001,-0.97085834,-0.98066497,-0.9512450000000001,2
-0.93163174,-0.92182505,-0.9414384,-0.9414384,-0.9904716,-0.9512450000000001,-0.92182505,-0.97085834,-0.93163174,-0.9414384,-0.98066497,-0.9610517,-0.9512450000000001,-0.92182505,-0.9512450000000001,-0.93163174,-0.92182505,-0.89240515,-0.97085834,-0.9414384,-0.9610517,-0.9512450000000001,-0.97085834,-0.98066497,-0.9512450000000001,-0.9414384,-0.97085834,-0.9512450000000001,-0.92182505,-0.9904716,-0.93163174,-0.9512450000000001,-0.97085834,-0.9512450000000001,-0.9904716,-0.9512450000000001,-0.97085834,-0.9414384,-0.9414384,-0.97085834,-0.9610517,-0.9610517,-0.9610517,-0.93163174,-0.9610517,-0.9512450000000001,-0.9610517,-0.9512450000000001,-0.93163174,-1.0002782,2
-0.9414384,-0.97085834,-0.9512450000000001,-0.92182505,-0.9904716,-0.93163174,-0.9512450000000001,-0.97085834,-0.9512450000000001,-0.9904716,-0.9512450000000001,-0.97085834,-0.9414384,-0.9414384,-0.97085834,-0.9610517,-0.9610517,-0.9610517,-0.93163174,-0.9610517,-0.9512450000000001,-0.9610517,-0.9512450000000001,-0.93163174,-1.0002782,-0.9610517,-0.9414384,-0.9120184000000001,-0.92182505,-0.92182505,-0.92182505,-0.97085834,-0.97085834,-0.9414384,-0.97085834,-0.9610517,-0.92182505,-0.9414384,-0.93163174,-0.97085834,-0.9022118,-0.9022118,-0.93163174,-0.9610517,-0.92182505,-0.93163174,-0.9512450000000001,-0.9512450000000001,-0.93163174,-0.98066497,2
-0.9610517,-0.9414384,-0.9120184000000001,-0.92182505,-0.92182505,-0.92182505,-0.97085834,-0.97085834,-0.9414384,-0.97085834,-0.9610517,-0.92182505,-0.9414384,-0.93163174,-0.97085834,-0.9022118,-0.9022118,-0.93163174,-0.9610517,-0.92182505,-0.93163174,-0.9512450000000001,-0.9512450000000001,-0.93163174,-0.98066497,-0.97085834,-1.0002782,-0.9414384,-0.9610517,-0.9414384,-0.93163174,-0.9414384,-0.9512450000000001,-0.97085834,-0.9414384,-0.98066497,-1.0002782,-0.93163174,-0.98066497,-0.92182505,-0.9610517,-0.9414384,-0.9512450000000001,-0.9610517,-0.97085834,-0.9512450000000001,-0.92182505,-0.97085834,-1.0002782,-1.0002782,2
-0.97085834,-1.0002782,-0.9414384,-0.9610517,-0.9414384,-0.93163174,-0.9414384,-0.9512450000000001,-0.97085834,-0.9414384,-0.98066497,-1.0002782,-0.93163174,-0.98066497,-0.92182505,-0.9610517,-0.9414384,-0.9512450000000001,-0.9610517,-0.97085834,-0.9512450000000001,-0.92182505,-0.97085834,-1.0002782,-1.0002782,-0.9904716,-0.98066497,-1.0002782,-0.9414384,-0.9610517,-0.97085834,-0.9512450000000001,-1.0002782,-0.9610517,-0.93163174,-0.9512450000000001,-0.9512450000000001,-0.92182505,-0.93163174,-0.97085834,-0.9610517,-0.97085834,-0.9512450000000001,-0.9904716,-0.98066497,-0.97085834,-0.93163174,-0.9414384,-0.92182505,-0.9512450000000001,2
-0.9904716,-0.98066497,-1.0002782,-0.9414384,-0.9610517,-0.97085834,-0.9512450000000001,-1.0002782,-0.9610517,-0.93163174,-0.9512450000000001,-0.9512450000000001,-0.92182505,-0.93163174,-0.97085834,-0.9610517,-0.97085834,-0.9512450000000001,-0.9904716,-0.98066497,-0.97085834,-0.93163174,-0.9414384,-0.92182505,-0.9512450000000001,-0.92182505,-0.97085834,-0.9120184000000001,-0.9414384,-0.88259846,-0.9414384,-0.9120184000000001,-0.93163174,-0.9022118,-0.97085834,-0.9610517,-0.9904716,-0.9904716,-0.97085834,-0.98066497,-0.9904716,-0.97085834,-0.9512450000000001,-0.97085834,-1.0002782,-1.0002782,-0.97085834,-0.97085834,-0.9904716,-0.9512450000000001,2
-0.92182505,-0.97085834,-0.9120184000000001,-0.9414384,-0.88259846,-0.9414384,-0.9120184000000001,-0.93163174,-0.9022118,-0.97085834,-0.9610517,-0.9904716,-0.9904716,-0.97085834,-0.98066497,-0.9904716,-0.97085834,-0.9512450000000001,-0.97085834,-1.0002782,-1.0002782,-0.97085834,-0.97085834,-0.9904716,-0.9512450000000001,-0.97085834,-0.9904716,-0.9610517,-0.98066497,-0.97085834,-0.9610517,-0.9414384,-0.9610517,-0.97085834,-0.9610517,-0.92182505,-0.9414384,-0.9120184000000001,-0.9512450000000001,-0.97085834,-0.9022118,-0.92182505,-0.93163174,-0.9414384,-0.9610517,-0.9414384,-0.9610517,-0.92182505,-0.97085834,-0.9610517,2
-0.97085834,-0.9904716,-0.9610517,-0.98066497,-0.97085834,-0.9610517,-0.9414384,-0.9610517,-0.97085834,-0.9610517,-0.92182505,-0.9414384,-0.9120184000000001,-0.9512450000000001,-0.97085834,-0.9022118,-0.92182505,-0.93163174,-0.9414384,-0.9610517,-0.9414384,-0.9610517,-0.92182505,-0.97085834,-0.9610517,-0.97085834,-1.0002782,-1.0002782,-0.9610517,-0.9512450000000001,-0.97085834,-0.93163174,-0.9414384,-0.92182505,-0.9120184000000001,-0.92182505,-0.9610517,-0.93163174,-0.98066497,-0.9512450000000001,-0.9904716,-0.9904716,-0.97085834,-0.9904716,-0.9610517,-0.9904716,-0.9414384,-0.9414384,-0.9414384,-0.9120184000000001,2
-0.97085834,-1.0002782,-1.0002782,-0.9610517,-0.9512450000000001,-0.97085834,-0.93163174,-0.9414384,-0.92182505,-0.9120184000000001,-0.92182505,-0.9610517,-0.93163174,-0.98066497,-0.9512450000000001,-0.9904716,-0.9904716,-0.97085834,-0.9904716,-0.9610517,-0.9904716,-0.9414384,-0.9414384,-0.9414384,-0.9120184000000001,-0.92182505,-0.9414384,-0.9512450000000001,-0.9904716,-0.9904716,-0.9610517,-0.9512450000000001,-0.93163174,-0.93163174,-0.9120184000000001,-0.93163174,-0.93163174,-0.9904716,-0.9610517,-0.97085834,-0.97085834,-0.92182505,-0.92182505,-0.97085834,-0.98066497,-0.98066497,-0.9610517,-0.92182505,-0.9022118,-0.9512450000000001,2
-0.92182505,-0.9414384,-0.9512450000000001,-0.9904716,-0.9904716,-0.9610517,-0.9512450000000001,-0.93163174,-0.93163174,-0.9120184000000001,-0.93163174,-0.93163174,-0.9904716,-0.9610517,-0.97085834,-0.97085834,-0.92182505,-0.92182505,-0.97085834,-0.98066497,-0.98066497,-0.9610517,-0.92182505,-0.9022118,-0.9512450000000001,-0.9610517,-0.9512450000000001,-0.97085834,-0.98066497,-0.9512450000000001,-0.9610517,-0.98066497,-0.9414384,-0.9904716,-0.97085834,-0.9414384,-0.98066497,-0.9512450000000001,-0.93163174,-0.9512450000000001,-0.9414384,-0.93163174,-0.93163174,-0.9414384,-1.0100849,-0.98066497,-0.9610517,-0.97085834,-0.9904716,-0.9414384,2
-0.9610517,-0.9512450000000001,-0.97085834,-0.98066497,-0.9512450000000001,-0.9610517,-0.98066497,-0.9414384,-0.9904716,-0.97085834,-0.9414384,-0.98066497,-0.9512450000000001,-0.93163174,-0.9512450000000001,-0.9414384,-0.93163174,-0.93163174,-0.9414384,-1.0100849,-0.98066497,-0.9610517,-0.97085834,-0.9904716,-0.9414384,-0.9904716,-0.9022118,-0.9512450000000001,-0.9512450000000001,-0.9512450000000001,-0.97085834,-0.9414384,-0.9414384,-0.9414384,-0.97085834,-0.93163174,-0.92182505,-0.9904716,-0.97085834,-0.9120184000000001,-0.92182505,-0.9120184000000001,-0.92182505,-0.93163174,-0.89240515,-0.9120184000000001,-0.9610517,-0.92182505,-0.92182505,-0.9414384,2
-0.9904716,-0.9022118,-0.9512450000000001,-0.9512450000000001,-0.9512450000000001,-0.97085834,-0.9414384,-0.9414384,-0.9414384,-0.97085834,-0.93163174,-0.92182505,-0.9904716,-0.97085834,-0.9120184000000001,-0.92182505,-0.9120184000000001,-0.92182505,-0.93163174,-0.89240515,-0.9120184000000001,-0.9610517,-0.92182505,-0.92182505,-0.9414384,-1.0100849,-0.97085834,-0.97085834,-0.97085834,-0.9904716,-0.9414384,-0.9610517,-0.9414384,-0.98066497,-0.9512450000000001,-0.9904716,-0.93163174,-0.93163174,-0.92182505,-0.93163174,-0.93163174,-0.9512450000000001,-0.9610517,-0.93163174,-0.98066497,-0.97085834,-0.9512450000000001,-0.97085834,-0.9610517,-0.9120184000000001,2
-1.0100849,-0.97085834,-0.97085834,-0.97085834,-0.9904716,-0.9414384,-0.9610517,-0.9414384,-0.98066497,-0.9512450000000001,-0.9904716,-0.93163174,-0.93163174,-0.92182505,-0.93163174,-0.93163174,-0.9512450000000001,-0.9610517,-0.93163174,-0.98066497,-0.97085834,-0.9512450000000001,-0.97085834,-0.9610517,-0.9120184000000001,-0.98066497,-0.9610517,-0.97085834,-0.98066497,-0.93163174,-0.9414384,-0.9414384,-0.9512450000000001,-0.9512450000000001,-0.9120184000000001,-0.97085834,-0.9610517,-0.97085834,-0.9610517,-1.0100849,-1.0198916,-0.98066497,-0.9904716,-0.9512450000000001,-0.97085834,-0.92182505,-0.9414384,-0.93163174,-0.9022118,-0.93163174,2
-0.98066497,-0.9610517,-0.97085834,-0.98066497,-0.93163174,-0.9414384,-0.9414384,-0.9512450000000001,-0.9512450000000001,-0.9120184000000001,-0.97085834,-0.9610517,-0.97085834,-0.9610517,-1.0100849,-1.0198916,-0.98066497,-0.9904716,-0.9512450000000001,-0.97085834,-0.92182505,-0.9414384,-0.93163174,-0.9022118,-0.93163174,-0.9512450000000001,-1.0198916,-0.9414384,-0.9512450000000001,-1.0002782,-0.98066497,-0.97085834,-1.0002782,-0.9610517,-0.9414384,-0.97085834,-0.97085834,-0.97085834,-0.9610517,-0.9414384,-0.93163174,-0.9414384,-0.93163174,-0.93163174,-0.92182505,-0.9120184000000001,-0.93163174,-0.93163174,-0.9414384,-0.9512450000000001,2
-0.9512450000000001,-1.0198916,-0.9414384,-0.9512450000000001,-1.0002782,-0.98066497,-0.97085834,-1.0002782,-0.9610517,-0.9414384,-0.97085834,-0.97085834,-0.97085834,-0.9610517,-0.9414384,-0.93163174,-0.9414384,-0.93163174,-0.93163174,-0.92182505,-0.9120184000000001,-0.93163174,-0.93163174,-0.9414384,-0.9512450000000001,-0.93163174,-0.9120184000000001,-0.93163174,-0.93163174,-0.92182505,-0.9414384,-0.9610517,-0.9120184000000001,-0.9512450000000001,-0.93163174,-0.9512450000000001,-0.9904716,-0.9610517,-0.9610517,-0.97085834,-0.98066497,-0.9414384,-0.9904716,-0.9610517,-0.9414384,-0.98066497,-0.9904716,-0.9610517,-0.9610517,-0.9414384,2
-0.93163174,-0.9120184000000001,-0.93163174,-0.93163174,-0.92182505,-0.9414384,-0.9610517,-0.9120184000000001,-0.9512450000000001,-0.93163174,-0.9512450000000001,-0.9904716,-0.9610517,-0.9610517,-0.97085834,-0.98066497,-0.9414384,-0.9904716,-0.9610517,-0.9414384,-0.98066497,-0.9904716,-0.9610517,-0.9610517,-0.9414384,-0.9512450000000001,-0.98066497,-0.9610517,-0.9610517,-0.97085834,-0.98066497,-0.9512450000000001,-0.93163174,-0.93163174,-0.93163174,-0.9512450000000001,-0.9120184000000001,-0.93163174,-0.9120184000000001,-0.9904716,-0.93163174,-0.9610517,-0.9512450000000001,-0.9610517,-0.9610517,-0.92182505,-0.97085834,-0.88259846,-0.92182505,-0.9414384,2
-0.9512450000000001,-0.98066497,-0.9610517,-0.9610517,-0.97085834,-0.98066497,-0.9512450000000001,-0.93163174,-0.93163174,-0.93163174,-0.9512450000000001,-0.9120184000000001,-0.93163174,-0.9120184000000001,-0.9904716,-0.93163174,-0.9610517,-0.9512450000000001,-0.9610517,-0.9610517,-0.92182505,-0.97085834,-0.88259846,-0.92182505,-0.9414384,-0.93163174,-0.9022118,-0.9120184000000001,-0.9512450000000001,-0.9414384,-0.9512450000000001,-0.93163174,-0.9120184000000001,-0.93163174,-0.93163174,-0.93163174,-0.9610517,-0.9512450000000001,-0.9610517,-0.9512450000000001,-0.9512450000000001,-0.9414384,-0.9414384,-0.9022118,-0.89240515,-0.9512450000000001,-0.9512450000000001,-0.93163174,-0.97085834,-0.9904716,2
-0.93163174,-0.9022118,-0.9120184000000001,-0.9512450000000001,-0.9414384,-0.9512450000000001,-0.93163174,-0.9120184000000001,-0.93163174,-0.93163174,-0.93163174,-0.9610517,-0.9512450000000001,-0.9610517,-0.9512450000000001,-0.9512450000000001,-0.9414384,-0.9414384,-0.9022118,-0.89240515,-0.9512450000000001,-0.9512450000000001,-0.93163174,-0.97085834,-0.9904716,-0.9022118,-0.9904716,-0.92182505,-0.93163174,-0.9414384,-0.9120184000000001,-0.9610517,-0.9414384,-0.9610517,-0.9610517,-0.92182505,-0.92182505,-0.9414384,-0.93163174,-0.9610517,-0.9610517,-0.9610517,-0.9414384,-0.98066497,-0.9512450000000001,-0.9512450000000001,-0.97085834,-0.98066497,-0.92182505,-0.89240515,2
-0.9022118,-0.9904716,-0.92182505,-0.93163174,-0.9414384,-0.9120184000000001,-0.9610517,-0.9414384,-0.9610517,-0.9610517,-0.92182505,-0.92182505,-0.9414384,-0.93163174,-0.9610517,-0.9610517,-0.9610517,-0.9414384,-0.98066497,-0.9512450000000001,-0.9512450000000001,-0.97085834,-0.98066497,-0.92182505,-0.89240515,-0.89240515,-0.88259846,-0.8629851999999999,-0.9414384,-0.9512450000000001,-0.97085834,-0.9414384,-1.0002782,-0.98066497,-0.97085834,-0.93163174,-0.9414384,-0.9414384,-0.9610517,-0.9610517,-0.9512450000000001,-0.9414384,-1.0100849,-0.9512450000000001,-0.93163174,-0.9512450000000001,-0.93163174,-0.93163174,-0.93163174,-0.8727918,2
-0.89240515,-0.88259846,-0.8629851999999999,-0.9414384,-0.9512450000000001,-0.97085834,-0.9414384,-1.0002782,-0.98066497,-0.97085834,-0.93163174,-0.9414384,-0.9414384,-0.9610517,-0.9610517,-0.9512450000000001,-0.9414384,-1.0100849,-0.9512450000000001,-0.93163174,-0.9512450000000001,-0.93163174,-0.93163174,-0.93163174,-0.8727918,-0.9120184000000001,-0.93163174,-0.9512450000000001,-0.9414384,-0.9414384,-0.92182505,-0.98066497,-0.9414384,-0.9904716,-0.9414384,-0.9904716,-0.9610517,-0.93163174,-0.9512450000000001,-0.97085834,-0.9512450000000001,-0.93163174,-0.9022118,-0.97085834,-0.98066497,-0.98066497,-0.9610517,-0.97085834,-0.97085834,-0.9512450000000001,2
-0.9120184000000001,-0.93163174,-0.9512450000000001,-0.9414384,-0.9414384,-0.92182505,-0.98066497,-0.9414384,-0.9904716,-0.9414384,-0.9904716,-0.9610517,-0.93163174,-0.9512450000000001,-0.97085834,-0.9512450000000001,-0.93163174,-0.9022118,-0.97085834,-0.98066497,-0.98066497,-0.9610517,-0.97085834,-0.97085834,-0.9512450000000001,-0.9904716,-0.89240515,-0.9414384,-0.9512450000000001,-0.9512450000000001,-0.98066497,-0.92182505,-0.88259846,-0.9414384,-0.93163174,-0.97085834,-0.9512450000000001,-0.9414384,-0.9022118,-0.9120184000000001,-0.92182505,-0.89240515,-0.92182505,-0.93163174,-0.9512450000000001,-0.9512450000000001,-0.97085834,-0.9610517,-0.9512450000000001,-0.9022118,2
-0.9904716,-0.89240515,-0.9414384,-0.9512450000000001,-0.9512450000000001,-0.98066497,-0.92182505,-0.88259846,-0.9414384,-0.93163174,-0.97085834,-0.9512450000000001,-0.9414384,-0.9022118,-0.9120184000000001,-0.92182505,-0.89240515,-0.92182505,-0.93163174,-0.9512450000000001,-0.9512450000000001,-0.97085834,-0.9610517,-0.9512450000000001,-0.9022118,-0.9120184000000001,-0.9120184000000001,-0.9512450000000001,-0.9610517,-0.93163174,-0.9414384,-0.93163174,-0.93163174,-0.9512450000000001,-0.97085834,-0.9904716,-0.98066497,-0.9512450000000001,-0.97085834,-0.9414384,-0.9512450000000001,-0.93163174,-0.9610517,-0.93163174,-0.9414384,-0.97085834,-0.97085834,-0.92182505,-0.93163174,-0.9904716,2
-0.9120184000000001,-0.9120184000000001,-0.9512450000000001,-0.9610517,-0.93163174,-0.9414384,-0.93163174,-0.93163174,-0.9512450000000001,-0.97085834,-0.9904716,-0.98066497,-0.9512450000000001,-0.97085834,-0.9414384,-0.9512450000000001,-0.93163174,-0.9610517,-0.93163174,-0.9414384,-0.97085834,-0.97085834,-0.92182505,-0.93163174,-0.9904716,-0.9414384,-0.9610517,-0.9610517,-0.92182505,-0.9414384,-0.93163174,-0.9120184000000001,-0.9512450000000001,-0.9414384,-0.9512450000000001,-0.98066497,-0.97085834,-0.9120184000000001,-0.97085834,-0.9610517,-0.92182505,-0.97085834,-0.9610517,-0.98066497,-0.98066497,-0.97085834,-1.0100849,-0.93163174,-0.98066497,-0.9414384,2
-0.9414384,-0.9610517,-0.9610517,-0.92182505,-0.9414384,-0.93163174,-0.9120184000000001,-0.9512450000000001,-0.9414384,-0.9512450000000001,-0.98066497,-0.97085834,-0.9120184000000001,-0.97085834,-0.9610517,-0.92182505,-0.97085834,-0.9610517,-0.98066497,-0.98066497,-0.97085834,-1.0100849,-0.93163174,-0.98066497,-0.9414384,-0.9512450000000001,-0.97085834,-0.9414384,-0.97085834,-0.9610517,-0.9414384,-0.9904716,-0.9512450000000001,-0.98066497,-1.0100849,-0.9120184000000001,-0.89240515,-0.9414384,-0.9610517,-0.9610517,-0.9610517,-0.9022118,-0.9512450000000001,-0.98066497,-1.0100849,-0.98066497,-0.9904716,-0.9610517,-0.98066497,-0.9610517,2
-0.9512450000000001,-0.97085834,-0.9414384,-0.97085834,-0.9610517,-0.9414384,-0.9904716,-0.9512450000000001,-0.98066497,-1.0100849,-0.9120184000000001,-0.89240515,-0.9414384,-0.9610517,-0.9610517,-0.9610517,-0.9022118,-0.9512450000000001,-0.98066497,-1.0100849,-0.98066497,-0.9904716,-0.9610517,-0.98066497,-0.9610517,-0.92182505,-0.9610517,-0.97085834,-0.9512450000000001,-1.0002782,-0.97085834,-1.0002782,-0.93163174,-0.9414384,-0.93163174,-0.92182505,-0.9414384,-0.9414384,-0.98066497,-0.93163174,-0.9414384,-0.9512450000000001,-0.98066497,-0.97085834,-0.9512450000000001,-0.9414384,-1.0100849,-0.9022118,-0.9414384,-0.9414384,2
-0.92182505,-0.9610517,-0.97085834,-0.9512450000000001,-1.0002782,-0.97085834,-1.0002782,-0.93163174,-0.9414384,-0.93163174,-0.92182505,-0.9414384,-0.9414384,-0.98066497,-0.93163174,-0.9414384,-0.9512450000000001,-0.98066497,-0.97085834,-0.9512450000000001,-0.9414384,-1.0100849,-0.9022118,-0.9414384,-0.9414384,-0.9610517,-0.93163174,-0.9414384,-1.0296983,-0.9904716,-0.97085834,-1.0198916,-0.9512450000000001,-0.9610517,-0.9120184000000001,-0.92182505,-0.9512450000000001,-0.89240515,-0.9414384,-0.9512450000000001,-0.9512450000000001,-0.97085834,-0.9512450000000001,-0.9904716,-0.9414384,-0.9512450000000001,-0.9022118,-0.97085834,-0.92182505,-0.97085834,2
-0.9610517,-0.93163174,-0.9414384,-1.0296983,-0.9904716,-0.97085834,-1.0198916,-0.9512450000000001,-0.9610517,-0.9120184000000001,-0.92182505,-0.9512450000000001,-0.89240515,-0.9414384,-0.9512450000000001,-0.9512450000000001,-0.97085834,-0.9512450000000001,-0.9904716,-0.9414384,-0.9512450000000001,-0.9022118,-0.97085834,-0.92182505,-0.97085834,-0.97085834,-0.9120184000000001,-0.9512450000000001,-0.9414384,-1.0002782,-0.9512450000000001,-1.0100849,-1.0395049,-1.0198916,-0.9512450000000001,-0.98066497,-0.93163174,-0.9512450000000001,-0.9414384,-0.9414384,-0.9512450000000001,-0.98066497,-0.97085834,-0.92182505,-0.98066497,-1.0002782,-0.98066497,-1.0002782,-0.9120184000000001,-0.9120184000000001,2
-0.97085834,-0.9120184000000001,-0.9512450000000001,-0.9414384,-1.0002782,-0.9512450000000001,-1.0100849,-1.0395049,-1.0198916,-0.9512450000000001,-0.98066497,-0.93163174,-0.9512450000000001,-0.9414384,-0.9414384,-0.9512450000000001,-0.98066497,-0.97085834,-0.92182505,-0.98066497,-1.0002782,-0.98066497,-1.0002782,-0.9120184000000001,-0.9120184000000001,-0.9022118,-0.9610517,-0.9120184000000001,-0.9512450000000001,-0.9414384,-0.9610517,-0.9512450000000001,-0.9414384,-0.93163174,-0.98066497,-0.9414384,-0.9120184000000001,-0.9120184000000001,-0.9022118,-0.9414384,-0.88259846,-0.9512450000000001,-0.93163174,-0.9120184000000001,-0.9610517,-0.97085834,-0.98066497,-0.98066497,-0.9904716,-0.9512450000000001,2
-0.9022118,-0.9610517,-0.9120184000000001,-0.9512450000000001,-0.9414384,-0.9610517,-0.9512450000000001,-0.9414384,-0.93163174,-0.98066497,-0.9414384,-0.9120184000000001,-0.9120184000000001,-0.9022118,-0.9414384,-0.88259846,-0.9512450000000001,-0.93163174,-0.9120184000000001,-0.9610517,-0.97085834,-0.98066497,-0.98066497,-0.9904716,-0.9512450000000001,-0.9120184000000001,-0.9414384,-0.9414384,-0.9512450000000001,-0.93163174,-0.9610517,-0.9414384,-0.9610517,-0.9904716,-0.93163174,-0.92182505,-0.9512450000000001,-0.9512450000000001,-0.9512450000000001,-0.92182505,-0.97085834,-0.9414384,-0.9610517,-0.98066497,-0.9904716,-0.9512450000000001,-0.9512450000000001,-0.98066497,-0.93163174,-0.8727918,2
-0.9120184000000001,-0.9414384,-0.9414384,-0.9512450000000001,-0.93163174,-0.9610517,-0.9414384,-0.9610517,-0.9904716,-0.93163174,-0.92182505,-0.9512450000000001,-0.9512450000000001,-0.9512450000000001,-0.92182505,-0.97085834,-0.9414384,-0.9610517,-0.98066497,-0.9904716,-0.9512450000000001,-0.9512450000000001,-0.98066497,-0.93163174,-0.8727918,-0.9512450000000001,-0.97085834,-0.9414384,-0.9414384,-0.9610517,-0.98066497,-0.97085834,-0.9414384,-0.9512450000000001,-0.92182505,-0.93163174,-0.9904716,-0.9512450000000001,-0.9414384,-1.0002782,-0.9512450000000001,-0.9512450000000001,-0.98066497,-0.9120184000000001,-0.97085834,-0.93163174,-0.9414384,-0.9414384,-0.9904716,-0.98066497,2
-0.9512450000000001,-0.97085834,-0.9414384,-0.9414384,-0.9610517,-0.98066497,-0.97085834,-0.9414384,-0.9512450000000001,-0.92182505,-0.93163174,-0.9904716,-0.9512450000000001,-0.9414384,-1.0002782,-0.9512450000000001,-0.9512450000000001,-0.98066497,-0.9120184000000001,-0.97085834,-0.93163174,-0.9414384,-0.9414384,-0.9904716,-0.98066497,-0.9512450000000001,-1.0002782,-0.9904716,-0.9610517,-0.98066497,-0.9610517,-0.9610517,-0.9414384,-0.9414384,-0.9610517,-0.98066497,-0.9610517,-0.98066497,-0.93163174,-0.9904716,-0.9610517,-1.0002782,-0.9610517,-0.9904716,-0.92182505,-0.9610517,-0.88259846,-0.8727918,-0.9022118,-0.9022118,2
-0.9512450000000001,-1.0002782,-0.9904716,-0.9610517,-0.98066497,-0.9610517,-0.9610517,-0.9414384,-0.9414384,-0.9610517,-0.98066497,-0.9610517,-0.98066497,-0.93163174,-0.9904716,-0.9610517,-1.0002782,-0.9610517,-0.9904716,-0.92182505,-0.9610517,-0.88259846,-0.8727918,-0.9022118,-0.9022118,-0.9904716,-0.9610517,-0.9610517,-0.9512450000000001,-0.9610517,-0.93163174,-0.93163174,-0.9610517,-0.9512450000000001,-0.9512450000000001,-0.9610517,-0.9610517,-0.9512450000000001,-0.9610517,-0.9414384,-0.9414384,-0.9610517,-0.9414384,-0.9120184000000001,-0.93163174,-0.9512450000000001,-0.9512450000000001,-0.9610517,-0.9512450000000001,-0.9512450000000001,2
-0.9904716,-0.9610517,-0.9610517,-0.9512450000000001,-0.9610517,-0.93163174,-0.93163174,-0.9610517,-0.9512450000000001,-0.9512450000000001,-0.9610517,-0.9610517,-0.9512450000000001,-0.9610517,-0.9414384,-0.9414384,-0.9610517,-0.9414384,-0.9120184000000001,-0.93163174,-0.9512450000000001,-0.9512450000000001,-0.9610517,-0.9512450000000001,-0.9512450000000001,-0.98066497,-0.9512450000000001,-0.9414384,-0.9512450000000001,-0.9610517,-0.98066497,-0.97085834,-0.97085834,-0.98066497,-0.9610517,-0.9120184000000001,-0.9414384,-0.93163174,-0.98066497,-1.0100849,-1.0100849,-0.9512450000000001,-0.97085834,-0.9512450000000001,-0.9120184000000001,-0.9120184000000001,-0.93163174,-0.93163174,-0.9610517,-0.9610517,2
-0.98066497,-0.9512450000000001,-0.9414384,-0.9512450000000001,-0.9610517,-0.98066497,-0.97085834,-0.97085834,-0.98066497,-0.9610517,-0.9120184000000001,-0.9414384,-0.93163174,-0.98066497,-1.0100849,-1.0100849,-0.9512450000000001,-0.97085834,-0.9512450000000001,-0.9120184000000001,-0.9120184000000001,-0.93163174,-0.93163174,-0.9610517,-0.9610517,-0.9512450000000001,-1.0100849,-0.9414384,-0.9904716,-0.92182505,-0.92182505,-0.9904716,-0.9610517,-0.93163174,-0.93163174,-0.9610517,-0.92182505,-0.9512450000000001,-0.9610517,-0.98066497,-0.9414384,-0.9414384,-0.9120184000000001,-0.97085834,-0.9414384,-0.9414384,-0.98066497,-0.9904716,-0.9610517,-0.97085834,2
-0.9512450000000001,-1.0100849,-0.9414384,-0.9904716,-0.92182505,-0.92182505,-0.9904716,-0.9610517,-0.93163174,-0.93163174,-0.9610517,-0.92182505,-0.9512450000000001,-0.9610517,-0.98066497,-0.9414384,-0.9414384,-0.9120184000000001,-0.97085834,-0.9414384,-0.9414384,-0.98066497,-0.9904716,-0.9610517,-0.97085834,-0.9610517,-0.92182505,-0.9610517,-0.93163174,-0.92182505,-0.9414384,-0.9414384,-0.97085834,-0.9512450000000001,-0.9610517,-0.92182505,-0.9512450000000001,-0.92182505,-0.9512450000000001,-0.93163174,-0.92182505,-0.9512450000000001,-0.97085834,-0.98066497,-0.93163174,-0.9512450000000001,-0.92182505,-0.9414384,-0.9512450000000001,-0.92182505,2
-0.9610517,-0.92182505,-0.9610517,-0.93163174,-0.92182505,-0.9414384,-0.9414384,-0.97085834,-0.9512450000000001,-0.9610517,-0.92182505,-0.9512450000000001,-0.92182505,-0.9512450000000001,-0.93163174,-0.92182505,-0.9512450000000001,-0.97085834,-0.98066497,-0.93163174,-0.9512450000000001,-0.92182505,-0.9414384,-0.9512450000000001,-0.92182505,-0.97085834,-0.97085834,-0.98066497,-0.98066497,-0.97085834,-0.93163174,-0.9414384,-0.88259846,-0.93163174,-0.89240515,-0.9512450000000001,-0.9414384,-0.9414384,-0.98066497,-0.92182505,-0.98066497,-0.9512450000000001,-0.9610517,-0.97085834,-0.98066497,-0.9512450000000001,-0.9414384,-0.9610517,-0.9414384,-0.93163174,2
-0.97085834,-0.97085834,-0.98066497,-0.98066497,-0.97085834,-0.93163174,-0.9414384,-0.88259846,-0.93163174,-0.89240515,-0.9512450000000001,-0.9414384,-0.9414384,-0.98066497,-0.92182505,-0.98066497,-0.9512450000000001,-0.9610517,-0.97085834,-0.98066497,-0.9512450000000001,-0.9414384,-0.9610517,-0.9414384,-0.93163174,-0.9414384,-0.9022118,-1.0002782,-0.9610517,-0.9414384,-0.9414384,-0.98066497,-0.93163174,-0.9610517,-0.93163174,-0.9904716,-0.9414384,-0.9512450000000001,-0.9610517,-0.92182505,-0.92182505,-0.9414384,-0.9414384,-0.9414384,-0.9610517,-0.9512450000000001,-0.9414384,-0.9414384,-0.9512450000000001,-0.97085834,2
-0.9414384,-0.9022118,-1.0002782,-0.9610517,-0.9414384,-0.9414384,-0.98066497,-0.93163174,-0.9610517,-0.93163174,-0.9904716,-0.9414384,-0.9512450000000001,-0.9610517,-0.92182505,-0.92182505,-0.9414384,-0.9414384,-0.9414384,-0.9610517,-0.9512450000000001,-0.9414384,-0.9414384,-0.9512450000000001,-0.97085834,-0.9904716,-0.93163174,-0.9610517,-0.93163174,-0.93163174,-0.9414384,-0.98066497,-0.9904716,-0.9610517,-0.9610517,-0.9610517,-0.9610517,-1.0002782,-0.9512450000000001,-0.9512450000000001,-0.9120184000000001,-0.8727918,-0.9022118,-0.93163174,-0.9414384,-0.9120184000000001,-0.9904716,-0.9512450000000001,-1.0100849,-0.9610517,2
-0.9904716,-0.93163174,-0.9610517,-0.93163174,-0.93163174,-0.9414384,-0.98066497,-0.9904716,-0.9610517,-0.9610517,-0.9610517,-0.9610517,-1.0002782,-0.9512450000000001,-0.9512450000000001,-0.9120184000000001,-0.8727918,-0.9022118,-0.93163174,-0.9414384,-0.9120184000000001,-0.9904716,-0.9512450000000001,-1.0100849,-0.9610517,-0.9904716,-0.98066497,-0.93163174,-1.0002782,-0.97085834,-0.92182505,-0.9120184000000001,-0.9512450000000001,-0.92182505,-0.92182505,-0.9414384,-0.92182505,-0.9512450000000001,-0.9610517,-0.9512450000000001,-0.9414384,-0.89240515,-1.0002782,-0.9414384,-0.98066497,-0.97085834,-0.98066497,-0.93163174,-0.9512450000000001,-0.9610517,2
-0.9904716,-0.98066497,-0.93163174,-1.0002782,-0.97085834,-0.92182505,-0.9120184000000001,-0.9512450000000001,-0.92182505,-0.92182505,-0.9414384,-0.92182505,-0.9512450000000001,-0.9610517,-0.9512450000000001,-0.9414384,-0.89240515,-1.0002782,-0.9414384,-0.98066497,-0.97085834,-0.98066497,-0.93163174,-0.9512450000000001,-0.9610517,-0.93163174,-0.9120184000000001,-0.93163174,-0.9512450000000001,-0.9120184000000001,-0.9512450000000001,-0.9120184000000001,-0.93163174,-0.9414384,-0.9512450000000001,-0.9512450000000001,-0.9610517,-0.98066497,-0.9512450000000001,-0.9512450000000001,-0.9120184000000001,-0.9414384,-0.93163174,-0.97085834,-0.9512450000000001,-0.9414384,-0.9610517,-0.97085834,-0.9610517,-0.97085834,2
-0.93163174,-0.9120184000000001,-0.93163174,-0.9512450000000001,-0.9120184000000001,-0.9512450000000001,-0.9120184000000001,-0.93163174,-0.9414384,-0.9512450000000001,-0.9512450000000001,-0.9610517,-0.98066497,-0.9512450000000001,-0.9512450000000001,-0.9120184000000001,-0.9414384,-0.93163174,-0.97085834,-0.9512450000000001,-0.9414384,-0.9610517,-0.97085834,-0.9610517,-0.97085834,-0.9414384,-0.9512450000000001,-1.0002782,-0.9414384,-0.9414384,-0.9512450000000001,-0.93163174,-0.9512450000000001,-0.9610517,-0.9610517,-0.9610517,-1.0002782,-0.97085834,-0.98066497,-0.97085834,-0.9414384,-0.9512450000000001,-0.9414384,-0.9120184000000001,-0.97085834,-0.9610517,-0.9610517,-0.97085834,-0.9512450000000001,-0.93163174,2
-0.9414384,-0.9512450000000001,-1.0002782,-0.9414384,-0.9414384,-0.9512450000000001,-0.93163174,-0.9512450000000001,-0.9610517,-0.9610517,-0.9610517,-1.0002782,-0.97085834,-0.98066497,-0.97085834,-0.9414384,-0.9512450000000001,-0.9414384,-0.9120184000000001,-0.97085834,-0.9610517,-0.9610517,-0.97085834,-0.9512450000000001,-0.93163174,-0.9414384,-0.9610517,-0.9120184000000001,-0.9512450000000001,-0.9414384,-0.93163174,-0.9904716,-0.98066497,-0.92182505,-0.9512450000000001,-0.98066497,-0.9610517,-0.97085834,-0.98066497,-0.97085834,-0.9414384,-1.0002782,-0.9610517,-0.98066497,-0.9414384,-0.9512450000000001,-0.9610517,-1.0100849,-0.9414384,-0.9414384,2
-0.9414384,-0.9610517,-0.9120184000000001,-0.9512450000000001,-0.9414384,-0.93163174,-0.9904716,-0.98066497,-0.92182505,-0.9512450000000001,-0.98066497,-0.9610517,-0.97085834,-0.98066497,-0.97085834,-0.9414384,-1.0002782,-0.9610517,-0.98066497,-0.9414384,-0.9512450000000001,-0.9610517,-1.0100849,-0.9414384,-0.9414384,-0.9512450000000001,-0.92182505,-0.9610517,-0.92182505,-0.9414384,-0.98066497,-1.0100849,-0.97085834,-0.98066497,-0.9512450000000001,-0.97085834,-0.9610517,-0.9610517,-0.9120184000000001,-0.9512450000000001,-0.9414384,-0.93163174,-0.98066497,-0.9120184000000001,-0.9512450000000001,-0.9610517,-0.97085834,-0.97085834,-0.98066497,-0.97085834,2
-0.9512450000000001,-0.92182505,-0.9610517,-0.92182505,-0.9414384,-0.98066497,-1.0100849,-0.97085834,-0.98066497,-0.9512450000000001,-0.97085834,-0.9610517,-0.9610517,-0.9120184000000001,-0.9512450000000001,-0.9414384,-0.93163174,-0.98066497,-0.9120184000000001,-0.9512450000000001,-0.9610517,-0.97085834,-0.97085834,-0.98066497,-0.97085834,-0.9414384,-0.93163174,-0.9512450000000001,-0.9414384,-0.93163174,-0.92182505,-1.0002782,-0.97085834,-1.0002782,-0.93163174,-0.8531785,-0.9414384,-0.88259846,-0.93163174,-0.9610517,-0.9414384,-1.0002782,-0.9512450000000001,-0.97085834,-0.9512450000000001,-0.97085834,-0.97085834,-0.9414384,-0.9512450000000001,-0.9904716,2
-0.9414384,-0.93163174,-0.9512450000000001,-0.9414384,-0.93163174,-0.92182505,-1.0002782,-0.97085834,-1.0002782,-0.93163174,-0.8531785,-0.9414384,-0.88259846,-0.93163174,-0.9610517,-0.9414384,-1.0002782,-0.9512450000000001,-0.97085834,-0.9512450000000001,-0.97085834,-0.97085834,-0.9414384,-0.9512450000000001,-0.9904716,-0.9512450000000001,-0.93163174,-0.9610517,-0.9414384,-0.92182505,-0.9610517,-0.9414384,-1.0100849,-0.97085834,-0.9512450000000001,-0.93163174,-0.9414384,-0.89240515,-0.9120184000000001,-0.93163174,-0.9610517,-1.0002782,-0.98066497,-0.97085834,-0.9904716,-1.0002782,-0.98066497,-0.97085834,-0.9414384,-0.9512450000000001,2
-0.9512450000000001,-0.93163174,-0.9610517,-0.9414384,-0.92182505,-0.9610517,-0.9414384,-1.0100849,-0.97085834,-0.9512450000000001,-0.93163174,-0.9414384,-0.89240515,-0.9120184000000001,-0.93163174,-0.9610517,-1.0002782,-0.98066497,-0.97085834,-0.9904716,-1.0002782,-0.98066497,-0.97085834,-0.9414384,-0.9512450000000001,-0.97085834,-0.98066497,-0.97085834,-0.98066497,-0.97085834,-0.93163174,-0.9414384,-0.9512450000000001,-0.98066497,-0.9610517,-0.9414384,-0.9512450000000001,-0.9414384,-0.93163174,-0.9120184000000001,-0.9610517,-0.9610517,-0.98066497,-0.97085834,-0.9512450000000001,-0.92182505,-0.9610517,-0.9414384,-0.92182505,-0.9512450000000001,2
-0.97085834,-0.98066497,-0.97085834,-0.98066497,-0.97085834,-0.93163174,-0.9414384,-0.9512450000000001,-0.98066497,-0.9610517,-0.9414384,-0.9512450000000001,-0.9414384,-0.93163174,-0.9120184000000001,-0.9610517,-0.9610517,-0.98066497,-0.97085834,-0.9512450000000001,-0.92182505,-0.9610517,-0.9414384,-0.92182505,-0.9512450000000001,-0.93163174,-0.93163174,-0.9414384,-0.9414384,-0.9120184000000001,-0.98066497,-0.9512450000000001,-0.9414384,-0.93163174,-0.98066497,-0.97085834,-0.9512450000000001,-0.92182505,-0.9610517,-0.9610517,-0.9414384,-0.9610517,-0.93163174,-0.9512450000000001,-0.97085834,-0.92182505,-0.9512450000000001,-0.97085834,-0.98066497,-0.9512450000000001,2
-0.93163174,-0.93163174,-0.9414384,-0.9414384,-0.9120184000000001,-0.98066497,-0.9512450000000001,-0.9414384,-0.93163174,-0.98066497,-0.97085834,-0.9512450000000001,-0.92182505,-0.9610517,-0.9610517,-0.9414384,-0.9610517,-0.93163174,-0.9512450000000001,-0.97085834,-0.92182505,-0.9512450000000001,-0.97085834,-0.98066497,-0.9512450000000001,-0.9512450000000001,-0.9610517,-1.0002782,-0.9610517,-0.9610517,-0.92182505,-0.93163174,-0.9610517,-0.9512450000000001,-0.9512450000000001,-0.93163174,-0.9512450000000001,-0.9512450000000001,-0.9512450000000001,-0.9610517,-0.9904716,-1.0002782,-0.97085834,-0.9610517,-1.0198916,-0.93163174,-0.9120184000000001,-0.9022118,-0.9512450000000001,-0.92182505,2
-0.9512450000000001,-0.9610517,-1.0002782,-0.9610517,-0.9610517,-0.92182505,-0.93163174,-0.9610517,-0.9512450000000001,-0.9512450000000001,-0.93163174,-0.9512450000000001,-0.9512450000000001,-0.9512450000000001,-0.9610517,-0.9904716,-1.0002782,-0.97085834,-0.9610517,-1.0198916,-0.93163174,-0.9120184000000001,-0.9022118,-0.9512450000000001,-0.92182505,-0.97085834,-0.93163174,-0.9414384,-0.97085834,-0.98066497,-1.0002782,-1.0002782,-0.9610517,-0.9414384,-0.9610517,-0.9120184000000001,-0.92182505,-0.9414384,-0.97085834,-0.9512450000000001,-0.9610517,-0.9512450000000001,-0.98066497,-0.9610517,-0.9610517,-0.9414384,-0.9610517,-1.0100849,-0.93163174,-0.9610517,2
-0.97085834,-0.93163174,-0.9414384,-0.97085834,-0.98066497,-1.0002782,-1.0002782,-0.9610517,-0.9414384,-0.9610517,-0.9120184000000001,-0.92182505,-0.9414384,-0.97085834,-0.9512450000000001,-0.9610517,-0.9512450000000001,-0.98066497,-0.9610517,-0.9610517,-0.9414384,-0.9610517,-1.0100849,-0.93163174,-0.9610517,-0.98066497,-0.98066497,-0.9512450000000001,-0.97085834,-0.9610517,-0.9512450000000001,-0.9414384,-0.92182505,-0.9022118,-0.9904716,-0.97085834,-0.98066497,-0.97085834,-0.9512450000000001,-0.92182505,-0.92182505,-0.93163174,-0.97085834,-0.92182505,-0.97085834,-0.93163174,-0.93163174,-0.9512450000000001,-0.97085834,-0.9610517,2
-0.98066497,-0.98066497,-0.9512450000000001,-0.97085834,-0.9610517,-0.9512450000000001,-0.9414384,-0.92182505,-0.9022118,-0.9904716,-0.97085834,-0.98066497,-0.97085834,-0.9512450000000001,-0.92182505,-0.92182505,-0.93163174,-0.97085834,-0.92182505,-0.97085834,-0.93163174,-0.93163174,-0.9512450000000001,-0.97085834,-0.9610517,-0.97085834,-0.9610517,-0.9512450000000001,-0.9610517,-0.9512450000000001,-0.9414384,-0.9414384,-0.9414384,-0.9610517,-0.93163174,-0.97085834,-0.97085834,-0.9610517,-0.97085834,-0.9512450000000001,-0.97085834,-0.98066497,-0.9120184000000001,-0.9120184000000001,-0.88259846,-0.9120184000000001,-0.9120184000000001,-0.9120184000000001,-0.98066497,-0.92182505,2
-0.97085834,-0.9610517,-0.9512450000000001,-0.9610517,-0.9512450000000001,-0.9414384,-0.9414384,-0.9414384,-0.9610517,-0.93163174,-0.97085834,-0.97085834,-0.9610517,-0.97085834,-0.9512450000000001,-0.97085834,-0.98066497,-0.9120184000000001,-0.9120184000000001,-0.88259846,-0.9120184000000001,-0.9120184000000001,-0.9120184000000001,-0.98066497,-0.92182505,-0.98066497,-0.9904716,-0.9904716,-0.97085834,-0.9512450000000001,-0.93163174,-0.9512450000000001,-0.9120184000000001,-0.9120184000000001,-0.9414384,-0.92182505,-0.9610517,-0.9610517,-0.9414384,-0.9512450000000001,-0.9610517,-1.0002782,-0.9512450000000001,-0.92182505,-0.9120184000000001,-0.9414384,-0.97085834,-0.97085834,-0.9512450000000001,-1.0296983,2
-0.98066497,-0.9904716,-0.9904716,-0.97085834,-0.9512450000000001,-0.93163174,-0.9512450000000001,-0.9120184000000001,-0.9120184000000001,-0.9414384,-0.92182505,-0.9610517,-0.9610517,-0.9414384,-0.9512450000000001,-0.9610517,-1.0002782,-0.9512450000000001,-0.92182505,-0.9120184000000001,-0.9414384,-0.97085834,-0.97085834,-0.9512450000000001,-1.0296983,-0.98066497,-0.9512450000000001,-0.9610517,-0.9022118,-0.92182505,-0.93163174,-0.9414384,-0.9610517,-0.9120184000000001,-0.9414384,-0.93163174,-0.9610517,-0.97085834,-0.98066497,-0.9512450000000001,-0.9512450000000001,-0.9414384,-0.9512450000000001,-0.9512450000000001,-0.9414384,-0.93163174,-0.92182505,-0.9414384,-0.92182505,-0.9414384,2
-0.98066497,-0.9512450000000001,-0.9610517,-0.9022118,-0.92182505,-0.93163174,-0.9414384,-0.9610517,-0.9120184000000001,-0.9414384,-0.93163174,-0.9610517,-0.97085834,-0.98066497,-0.9512450000000001,-0.9512450000000001,-0.9414384,-0.9512450000000001,-0.9512450000000001,-0.9414384,-0.93163174,-0.92182505,-0.9414384,-0.92182505,-0.9414384,-0.9610517,-0.88259846,-0.9610517,-1.0002782,-0.9610517,-0.9414384,-0.97085834,-0.9512450000000001,-0.97085834,-0.9414384,-0.98066497,-0.93163174,-0.9610517,-0.93163174,-0.98066497,-0.9414384,-0.9610517,-0.93163174,-1.0002782,-0.98066497,-0.9414384,-0.9512450000000001,-0.9414384,-0.89240515,-0.9022118,2
-0.9610517,-0.88259846,-0.9610517,-1.0002782,-0.9610517,-0.9414384,-0.97085834,-0.9512450000000001,-0.97085834,-0.9414384,-0.98066497,-0.93163174,-0.9610517,-0.93163174,-0.98066497,-0.9414384,-0.9610517,-0.93163174,-1.0002782,-0.98066497,-0.9414384,-0.9512450000000001,-0.9414384,-0.89240515,-0.9022118,-0.9022118,-0.9120184000000001,-0.92182505,-0.9414384,-0.93163174,-0.9414384,-0.9120184000000001,-0.9610517,-0.9610517,-0.98066497,-0.9414384,-0.9610517,-0.9512450000000001,-0.9610517,-0.9512450000000001,-0.9610517,-0.9022118,-0.9414384,-0.9610517,-0.9512450000000001,-0.9512450000000001,-0.9414384,-0.9610517,-0.9512450000000001,-0.9610517,2
-0.9022118,-0.9120184000000001,-0.92182505,-0.9414384,-0.93163174,-0.9414384,-0.9120184000000001,-0.9610517,-0.9610517,-0.98066497,-0.9414384,-0.9610517,-0.9512450000000001,-0.9610517,-0.9512450000000001,-0.9610517,-0.9022118,-0.9414384,-0.9610517,-0.9512450000000001,-0.9512450000000001,-0.9414384,-0.9610517,-0.9512450000000001,-0.9610517,-0.9512450000000001,-0.97085834,-0.9120184000000001,-0.9414384,-0.98066497,-0.93163174,-0.9120184000000001,-0.9610517,-0.9512450000000001,-0.9120184000000001,-0.9022118,-0.93163174,-0.9414384,-0.98066497,-0.9610517,-0.97085834,-0.9904716,-0.93163174,-0.93163174,-0.92182505,-0.97085834,-0.93163174,-0.9414384,-0.93163174,-0.9610517,2
-0.9512450000000001,-0.97085834,-0.9120184000000001,-0.9414384,-0.98066497,-0.93163174,-0.9120184000000001,-0.9610517,-0.9512450000000001,-0.9120184000000001,-0.9022118,-0.93163174,-0.9414384,-0.98066497,-0.9610517,-0.97085834,-0.9904716,-0.93163174,-0.93163174,-0.92182505,-0.97085834,-0.93163174,-0.9414384,-0.93163174,-0.9610517,-0.9414384,-0.97085834,-1.0100849,-0.9414384,-0.9610517,-0.9610517,-0.98066497,-0.97085834,-1.0002782,-0.9512450000000001,-0.9512450000000001,-0.9414384,-0.93163174,-0.9512450000000001,-0.98066497,-0.9414384,-0.92182505,-0.93163174,-0.9512450000000001,-0.9610517,-0.93163174,-0.93163174,-0.9610517,-0.98066497,-0.97085834,2
-0.9414384,-0.97085834,-1.0100849,-0.9414384,-0.9610517,-0.9610517,-0.98066497,-0.97085834,-1.0002782,-0.9512450000000001,-0.9512450000000001,-0.9414384,-0.93163174,-0.9512450000000001,-0.98066497,-0.9414384,-0.92182505,-0.93163174,-0.9512450000000001,-0.9610517,-0.93163174,-0.93163174,-0.9610517,-0.98066497,-0.97085834,-0.9610517,-0.92182505,-0.9414384,-0.9414384,-0.9610517,-0.9120184000000001,-0.9512450000000001,-0.9022118,-0.9610517,-0.9022118,-0.93163174,-0.97085834,-0.9512450000000001,-0.9610517,-0.9610517,-0.9610517,-0.9610517,-0.98066497,-0.9414384,-0.9512450000000001,-0.92182505,-0.9022118,-0.9904716,-0.9610517,-0.92182505,2
-0.9610517,-0.92182505,-0.9414384,-0.9414384,-0.9610517,-0.9120184000000001,-0.9512450000000001,-0.9022118,-0.9610517,-0.9022118,-0.93163174,-0.97085834,-0.9512450000000001,-0.9610517,-0.9610517,-0.9610517,-0.9610517,-0.98066497,-0.9414384,-0.9512450000000001,-0.92182505,-0.9022118,-0.9904716,-0.9610517,-0.92182505,-0.97085834,-0.97085834,-0.9414384,-0.9610517,-0.9414384,-0.9610517,-0.9610517,-0.9120184000000001,-0.9512450000000001,-0.98066497,-0.93163174,-0.9120184000000001,-0.98066497,-0.92182505,-0.97085834,-0.9512450000000001,-0.98066497,-0.9610517,-0.9610517,-0.97085834,-0.9512450000000001,-0.88259846,-0.9512450000000001,-0.9120184000000001,-0.9512450000000001,2
-0.97085834,-0.97085834,-0.9414384,-0.9610517,-0.9414384,-0.9610517,-0.9610517,-0.9120184000000001,-0.9512450000000001,-0.98066497,-0.93163174,-0.9120184000000001,-0.98066497,-0.92182505,-0.97085834,-0.9512450000000001,-0.98066497,-0.9610517,-0.9610517,-0.97085834,-0.9512450000000001,-0.88259846,-0.9512450000000001,-0.9120184000000001,-0.9512450000000001,-0.93163174,-0.9414384,-0.92182505,-0.93163174,-0.97085834,-0.9512450000000001,-0.9904716,-0.97085834,-0.98066497,-0.92182505,-0.97085834,-0.97085834,-0.93163174,-0.9904716,-0.9904716,-0.97085834,-0.97085834,-0.9610517,-0.9904716,-0.93163174,-0.9610517,-0.9414384,-0.9904716,-0.9512450000000001,-0.9414384,2
-0.93163174,-0.9414384,-0.92182505,-0.93163174,-0.97085834,-0.9512450000000001,-0.9904716,-0.97085834,-0.98066497,-0.92182505,-0.97085834,-0.97085834,-0.93163174,-0.9904716,-0.9904716,-0.97085834,-0.97085834,-0.9610517,-0.9904716,-0.93163174,-0.9610517,-0.9414384,-0.9904716,-0.9512450000000001,-0.9414384,-0.9414384,-0.9512450000000001,-0.9414384,-0.97085834,-0.97085834,-0.97085834,-0.9610517,-0.97085834,-0.98066497,-0.9512450000000001,-0.9414384,-0.9414384,-0.9022118,-0.98066497,-0.9610517,-0.9414384,-0.98066497,-0.9512450000000001,-0.9512450000000001,-0.9120184000000001,-0.9414384,-0.9022118,-0.9414384,-0.9414384,-0.89240515,2
-0.9414384,-0.9512450000000001,-0.9414384,-0.97085834,-0.97085834,-0.97085834,-0.9610517,-0.97085834,-0.98066497,-0.9512450000000001,-0.9414384,-0.9414384,-0.9022118,-0.98066497,-0.9610517,-0.9414384,-0.98066497,-0.9512450000000001,-0.9512450000000001,-0.9120184000000001,-0.9414384,-0.9022118,-0.9414384,-0.9414384,-0.89240515,-0.97085834,-0.9610517,-0.97085834,-0.9512450000000001,-1.0002782,-0.93163174,-0.9904716,-0.9904716,-1.0198916,-0.92182505,-0.9610517,-0.9414384,-0.9610517,-0.9414384,-0.93163174,-0.97085834,-0.93163174,-0.93163174,-0.9022118,-0.9414384,-0.9512450000000001,-0.92182505,-0.9610517,-0.93163174,-0.9414384,2
-0.97085834,-0.9610517,-0.97085834,-0.9512450000000001,-1.0002782,-0.93163174,-0.9904716,-0.9904716,-1.0198916,-0.92182505,-0.9610517,-0.9414384,-0.9610517,-0.9414384,-0.93163174,-0.97085834,-0.93163174,-0.93163174,-0.9022118,-0.9414384,-0.9512450000000001,-0.92182505,-0.9610517,-0.93163174,-0.9414384,-0.92182505,-0.98066497,-1.0002782,-0.97085834,-0.97085834,-1.0002782,-0.9414384,-1.0002782,-0.97085834,-0.92182505,-0.9512450000000001,-0.97085834,-0.9414384,-0.93163174,-0.9512450000000001,-0.9414384,-0.9610517,-0.9414384,-0.9904716,-0.9610517,-0.9512450000000001,-0.9610517,-0.9904716,-0.9904716,-0.9512450000000001,2
-0.92182505,-0.98066497,-1.0002782,-0.97085834,-0.97085834,-1.0002782,-0.9414384,-1.0002782,-0.97085834,-0.92182505,-0.9512450000000001,-0.97085834,-0.9414384,-0.93163174,-0.9512450000000001,-0.9414384,-0.9610517,-0.9414384,-0.9904716,-0.9610517,-0.9512450000000001,-0.9610517,-0.9904716,-0.9904716,-0.9512450000000001,-0.9022118,-0.9414384,-0.9120184000000001,-0.9512450000000001,-0.9610517,-0.9610517,-0.9904716,-1.0100849,-0.9512450000000001,-0.9512450000000001,-0.97085834,-0.9610517,-0.89240515,-0.9120184000000001,-0.92182505,-0.93163174,-0.9512450000000001,-0.9610517,-0.9414384,-0.9414384,-0.9512450000000001,-0.92182505,-0.9414384,-0.9120184000000001,-0.92182505,2
-0.9022118,-0.9414384,-0.9120184000000001,-0.9512450000000001,-0.9610517,-0.9610517,-0.9904716,-1.0100849,-0.9512450000000001,-0.9512450000000001,-0.97085834,-0.9610517,-0.89240515,-0.9120184000000001,-0.92182505,-0.93163174,-0.9512450000000001,-0.9610517,-0.9414384,-0.9414384,-0.9512450000000001,-0.92182505,-0.9414384,-0.9120184000000001,-0.92182505,-0.9414384,-0.88259846,-0.97085834,-0.98066497,-0.98066497,-0.97085834,-0.9904716,-0.9512450000000001,-0.9512450000000001,-0.9120184000000001,-0.9414384,-1.0002782,-0.98066497,-0.97085834,-0.97085834,-0.9414384,-0.9610517,-0.9512450000000001,-0.93163174,-0.98066497,-1.0100849,-0.9904716,-0.98066497,-0.9414384,-0.9512450000000001,2
-0.9414384,-0.88259846,-0.97085834,-0.98066497,-0.98066497,-0.97085834,-0.9904716,-0.9512450000000001,-0.9512450000000001,-0.9120184000000001,-0.9414384,-1.0002782,-0.98066497,-0.97085834,-0.97085834,-0.9414384,-0.9610517,-0.9512450000000001,-0.93163174,-0.98066497,-1.0100849,-0.9904716,-0.98066497,-0.9414384,-0.9512450000000001,-1.0100849,-0.9610517,-0.92182505,-0.9610517,-0.92182505,-0.93163174,-0.92182505,-0.9610517,-0.9512450000000001,-0.97085834,-0.9610517,-0.9904716,-0.9512450000000001,-0.9022118,-0.92182505,-0.9414384,-0.9120184000000001,-0.9022118,-0.93163174,-0.92182505,-0.93163174,-0.92182505,-0.97085834,-0.97085834,-0.93163174,2
-1.0100849,-0.9610517,-0.92182505,-0.9610517,-0.92182505,-0.93163174,-0.92182505,-0.9610517,-0.9512450000000001,-0.97085834,-0.9610517,-0.9904716,-0.9512450000000001,-0.9022118,-0.92182505,-0.9414384,-0.9120184000000001,-0.9022118,-0.93163174,-0.92182505,-0.93163174,-0.92182505,-0.97085834,-0.97085834,-0.93163174,-0.9904716,-0.92182505,-0.93163174,-0.92182505,-0.9120184000000001,-0.9120184000000001,-0.9512450000000001,-0.97085834,-0.92182505,-0.9512450000000001,-0.97085834,-0.9904716,-0.9610517,-0.9512450000000001,-0.9904716,-0.9414384,-0.9512450000000001,-0.9414384,-0.92182505,-0.9120184000000001,-0.92182505,-0.9414384,-0.9120184000000001,-0.9022118,-0.92182505,2
-0.9904716,-0.92182505,-0.93163174,-0.92182505,-0.9120184000000001,-0.9120184000000001,-0.9512450000000001,-0.97085834,-0.92182505,-0.9512450000000001,-0.97085834,-0.9904716,-0.9610517,-0.9512450000000001,-0.9904716,-0.9414384,-0.9512450000000001,-0.9414384,-0.92182505,-0.9120184000000001,-0.92182505,-0.9414384,-0.9120184000000001,-0.9022118,-0.92182505,-0.93163174,-0.9414384,-0.92182505,-0.97085834,-0.9512450000000001,-0.9512450000000001,-0.9512450000000001,-0.92182505,-0.9414384,-0.93163174,-0.97085834,-1.0296983,-0.98066497,-0.93163174,-0.9512450000000001,-0.98066497,-0.9022118,-0.93163174,-0.98066497,-0.9512450000000001,-0.97085834,-0.9610517,-0.9610517,-0.9610517,-0.93163174,2
-0.93163174,-0.9414384,-0.92182505,-0.97085834,-0.9512450000000001,-0.9512450000000001,-0.9512450000000001,-0.92182505,-0.9414384,-0.93163174,-0.97085834,-1.0296983,-0.98066497,-0.93163174,-0.9512450000000001,-0.98066497,-0.9022118,-0.93163174,-0.98066497,-0.9512450000000001,-0.97085834,-0.9610517,-0.9610517,-0.9610517,-0.93163174,-0.9512450000000001,-0.9414384,-0.9120184000000001,-0.92182505,-0.92182505,-0.89240515,-0.9120184000000001,-0.89240515,-0.88259846,-0.9120184000000001,-0.8727918,-0.93163174,-0.9022118,-0.9610517,-0.9904716,-0.9610517,-0.97085834,-0.93163174,-0.88259846,-0.89240515,-0.9120184000000001,-0.92182505,-0.9414384,-0.97085834,-0.9512450000000001,2
-0.9512450000000001,-0.9414384,-0.9120184000000001,-0.92182505,-0.92182505,-0.89240515,-0.9120184000000001,-0.89240515,-0.88259846,-0.9120184000000001,-0.8727918,-0.93163174,-0.9022118,-0.9610517,-0.9904716,-0.9610517,-0.97085834,-0.93163174,-0.88259846,-0.89240515,-0.9120184000000001,-0.92182505,-0.9414384,-0.97085834,-0.9512450000000001,-0.9904716,-0.9512450000000001,-0.9610517,-0.9414384,-0.92182505,-0.9610517,-0.9610517,-0.9904716,-1.0198916,-0.9610517,-0.97085834,-0.9904716,-0.9120184000000001,-0.9414384,-0.89240515,-0.88259846,-0.88259846,-0.83356524,-0.8531785,-0.88259846,-0.9022118,-0.93163174,-0.9610517,-0.9512450000000001,-0.9414384,2
-0.9904716,-0.9512450000000001,-0.9610517,-0.9414384,-0.92182505,-0.9610517,-0.9610517,-0.9904716,-1.0198916,-0.9610517,-0.97085834,-0.9904716,-0.9120184000000001,-0.9414384,-0.89240515,-0.88259846,-0.88259846,-0.83356524,-0.8531785,-0.88259846,-0.9022118,-0.93163174,-0.9610517,-0.9512450000000001,-0.9414384,-0.98066497,-0.98066497,-0.9610517,-0.97085834,-1.0002782,-1.0198916,-0.97085834,-0.9610517,-0.92182505,-0.9022118,-0.8139519000000001,-0.79433864,-0.8237585999999999,-0.78453195,-0.9120184000000001,-0.9512450000000001,-1.0395049,-1.0100849,-1.0198916,-1.0493115,-1.0198916,-0.98066497,-0.9512450000000001,-0.9022118,-0.8727918,2
-0.98066497,-0.98066497,-0.9610517,-0.97085834,-1.0002782,-1.0198916,-0.97085834,-0.9610517,-0.92182505,-0.9022118,-0.8139519000000001,-0.79433864,-0.8237585999999999,-0.78453195,-0.9120184000000001,-0.9512450000000001,-1.0395049,-1.0100849,-1.0198916,-1.0493115,-1.0198916,-0.98066497,-0.9512450000000001,-0.9022118,-0.8727918,-0.8237585999999999,-0.83356524,-0.9120184000000001,-0.9904716,-1.0198916,-0.9512450000000001,-0.9904716,-0.98066497,-0.93163174,-0.9414384,-0.9414384,-0.9512450000000001,-0.9610517,-0.92182505,-0.9120184000000001,-0.9512450000000001,-0.98066497,-0.98066497,-1.0198916,-1.0198916,-1.0198916,-1.0395049,-1.0198916,-1.0395049,-1.0002782,2
-0.8237585999999999,-0.83356524,-0.9120184000000001,-0.9904716,-1.0198916,-0.9512450000000001,-0.9904716,-0.98066497,-0.93163174,-0.9414384,-0.9414384,-0.9512450000000001,-0.9610517,-0.92182505,-0.9120184000000001,-0.9512450000000001,-0.98066497,-0.98066497,-1.0198916,-1.0198916,-1.0198916,-1.0395049,-1.0198916,-1.0395049,-1.0002782,-0.9512450000000001,-0.9120184000000001,-0.93163174,-0.92182505,-0.93163174,-0.8629851999999999,-0.89240515,-0.9022118,-0.8629851999999999,-0.8727918,-0.9022118,-0.92182505,-0.93163174,-0.97085834,-1.0198916,-1.0296983,-1.0493115,-1.0493115,-1.0493115,-1.0493115,-1.0198916,-0.98066497,-1.0296983,-0.9904716,-1.0002782,2
-0.9512450000000001,-0.9120184000000001,-0.93163174,-0.92182505,-0.93163174,-0.8629851999999999,-0.89240515,-0.9022118,-0.8629851999999999,-0.8727918,-0.9022118,-0.92182505,-0.93163174,-0.97085834,-1.0198916,-1.0296983,-1.0493115,-1.0493115,-1.0493115,-1.0493115,-1.0198916,-0.98066497,-1.0296983,-0.9904716,-1.0002782,-1.0100849,-1.0002782,-1.0002782,-1.0296983,-1.0395049,-1.0296983,-1.0296983,-1.0395049,-1.0689248,-1.0493115,-1.0002782,-0.98066497,-1.0002782,-0.9904716,-0.97085834,-0.98066497,-0.97085834,-0.9120184000000001,-0.9414384,-0.9904716,-0.9512450000000001,-1.0002782,-0.9512450000000001,-0.9610517,-1.0002782,2
-1.0100849,-1.0002782,-1.0002782,-1.0296983,-1.0395049,-1.0296983,-1.0296983,-1.0395049,-1.0689248,-1.0493115,-1.0002782,-0.98066497,-1.0002782,-0.9904716,-0.97085834,-0.98066497,-0.97085834,-0.9120184000000001,-0.9414384,-0.9904716,-0.9512450000000001,-1.0002782,-0.9512450000000001,-0.9610517,-1.0002782,-0.9512450000000001,-0.93163174,-0.98066497,-0.97085834,-0.97085834,-0.9610517,-0.9512450000000001,-0.9414384,-0.9512450000000001,-0.9120184000000001,-0.9512450000000001,-0.9120184000000001,-0.9610517,-0.9512450000000001,-0.9414384,-0.9022118,-0.9414384,-0.9904716,-0.9414384,-0.9512450000000001,-0.9904716,-1.0002782,-0.9414384,-0.9904716,-0.9512450000000001,2
-0.9512450000000001,-0.93163174,-0.98066497,-0.97085834,-0.97085834,-0.9610517,-0.9512450000000001,-0.9414384,-0.9512450000000001,-0.9120184000000001,-0.9512450000000001,-0.9120184000000001,-0.9610517,-0.9512450000000001,-0.9414384,-0.9022118,-0.9414384,-0.9904716,-0.9414384,-0.9512450000000001,-0.9904716,-1.0002782,-0.9414384,-0.9904716,-0.9512450000000001,-0.97085834,-1.0002782,-0.9610517,-0.9610517,-0.9904716,-0.98066497,-0.9512450000000001,-0.9512450000000001,-0.98066497,-0.97085834,-1.0198916,-1.0002782,-0.9610517,-0.9610517,-0.9512450000000001,-0.92182505,-0.98066497,-0.9610517,-0.9610517,-0.93163174,-0.97085834,-0.97085834,-1.0002782,-0.9610517,-0.89240515,2
-0.97085834,-1.0002782,-0.9610517,-0.9610517,-0.9904716,-0.98066497,-0.9512450000000001,-0.9512450000000001,-0.98066497,-0.97085834,-1.0198916,-1.0002782,-0.9610517,-0.9610517,-0.9512450000000001,-0.92182505,-0.98066497,-0.9610517,-0.9610517,-0.93163174,-0.97085834,-0.97085834,-1.0002782,-0.9610517,-0.89240515,-0.9120184000000001,-0.9512450000000001,-0.9120184000000001,-0.98066497,-0.9904716,-0.9512450000000001,-1.0002782,-0.9904716,-0.97085834,-0.9512450000000001,-0.9512450000000001,-0.92182505,-0.92182505,-0.9414384,-0.9120184000000001,-0.9512450000000001,-0.9512450000000001,-1.0296983,-0.9904716,-0.9904716,-1.0198916,-1.0198916,-1.0002782,-1.0198916,-0.98066497,2
-0.9120184000000001,-0.9512450000000001,-0.9120184000000001,-0.98066497,-0.9904716,-0.9512450000000001,-1.0002782,-0.9904716,-0.97085834,-0.9512450000000001,-0.9512450000000001,-0.92182505,-0.92182505,-0.9414384,-0.9120184000000001,-0.9512450000000001,-0.9512450000000001,-1.0296983,-0.9904716,-0.9904716,-1.0198916,-1.0198916,-1.0002782,-1.0198916,-0.98066497,-0.93163174,-0.9512450000000001,-0.98066497,-0.98066497,-0.98066497,-1.0198916,-1.0002782,-1.0002782,-0.9904716,-1.0002782,-1.0100849,-0.97085834,-1.0198916,-0.9610517,-1.0198916,-0.9904716,-0.9610517,-0.9512450000000001,-0.93163174,-0.9610517,-1.0100849,-0.9610517,-0.98066497,-0.9904716,-0.93163174,2
-0.93163174,-0.9512450000000001,-0.98066497,-0.98066497,-0.98066497,-1.0198916,-1.0002782,-1.0002782,-0.9904716,-1.0002782,-1.0100849,-0.97085834,-1.0198916,-0.9610517,-1.0198916,-0.9904716,-0.9610517,-0.9512450000000001,-0.93163174,-0.9610517,-1.0100849,-0.9610517,-0.98066497,-0.9904716,-0.93163174,-0.97085834,-0.9904716,-0.9904716,-0.9414384,-0.97085834,-0.98066497,-0.93163174,-0.9414384,-0.9512450000000001,-0.98066497,-1.0002782,-0.9414384,-0.9512450000000001,-0.9610517,-0.9904716,-0.9414384,-0.97085834,-0.9512450000000001,-0.9512450000000001,-0.9512450000000001,-0.9414384,-0.9610517,-1.0002782,-1.0002782,-0.9904716,2
-0.97085834,-0.9904716,-0.9904716,-0.9414384,-0.97085834,-0.98066497,-0.93163174,-0.9414384,-0.9512450000000001,-0.98066497,-1.0002782,-0.9414384,-0.9512450000000001,-0.9610517,-0.9904716,-0.9414384,-0.97085834,-0.9512450000000001,-0.9512450000000001,-0.9512450000000001,-0.9414384,-0.9610517,-1.0002782,-1.0002782,-0.9904716,-1.0198916,-0.9904716,-0.98066497,-0.9512450000000001,-0.92182505,-0.9512450000000001,-0.92182505,-0.9414384,-0.9512450000000001,-0.98066497,-0.98066497,-1.0002782,-0.9512450000000001,-0.9610517,-0.9120184000000001,-0.9512450000000001,-0.92182505,-0.92182505,-0.98066497,-0.9512450000000001,-0.98066497,-0.89240515,-0.93163174,-0.9414384,-0.9512450000000001,2
-1.0198916,-0.9904716,-0.98066497,-0.9512450000000001,-0.92182505,-0.9512450000000001,-0.92182505,-0.9414384,-0.9512450000000001,-0.98066497,-0.98066497,-1.0002782,-0.9512450000000001,-0.9610517,-0.9120184000000001,-0.9512450000000001,-0.92182505,-0.92182505,-0.98066497,-0.9512450000000001,-0.98066497,-0.89240515,-0.93163174,-0.9414384,-0.9512450000000001,-0.98066497,-0.97085834,-0.9610517,-0.98066497,-1.0002782,-0.98066497,-0.98066497,-1.0100849,-0.98066497,-0.9610517,-1.0100849,-0.9904716,-1.0198916,-0.97085834,-1.0002782,-0.97085834,-0.97085834,-0.9414384,-0.97085834,-0.97085834,-0.9904716,-0.98066497,-1.0002782,-0.98066497,-1.0002782,2
-0.98066497,-0.97085834,-0.9610517,-0.98066497,-1.0002782,-0.98066497,-0.98066497,-1.0100849,-0.98066497,-0.9610517,-1.0100849,-0.9904716,-1.0198916,-0.97085834,-1.0002782,-0.97085834,-0.97085834,-0.9414384,-0.97085834,-0.97085834,-0.9904716,-0.98066497,-1.0002782,-0.98066497,-1.0002782,-0.98066497,-0.93163174,-0.9610517,-0.9512450000000001,-0.9414384,-0.9120184000000001,-0.93163174,-0.98066497,-0.9610517,-0.9904716,-1.0100849,-1.0100849,-1.0198916,-1.0493115,-1.0395049,-1.0198916,-0.97085834,-0.9610517,-0.9512450000000001,-0.9414384,-0.9022118,-0.97085834,-1.0002782,-1.0100849,-1.0198916,2
-0.98066497,-0.93163174,-0.9610517,-0.9512450000000001,-0.9414384,-0.9120184000000001,-0.93163174,-0.98066497,-0.9610517,-0.9904716,-1.0100849,-1.0100849,-1.0198916,-1.0493115,-1.0395049,-1.0198916,-0.97085834,-0.9610517,-0.9512450000000001,-0.9414384,-0.9022118,-0.97085834,-1.0002782,-1.0100849,-1.0198916,-1.0100849,-1.0002782,-1.0100849,-1.0395049,-1.0100849,-0.9904716,-0.97085834,-0.9512450000000001,-0.9414384,-0.9120184000000001,-0.9512450000000001,-0.9512450000000001,-0.98066497,-1.0100849,-1.0100849,-1.0100849,-0.98066497,-1.0198916,-0.98066497,-0.9610517,-1.0002782,-0.97085834,-0.9512450000000001,-0.9414384,-0.9414384,2
-1.0100849,-1.0002782,-1.0100849,-1.0395049,-1.0100849,-0.9904716,-0.97085834,-0.9512450000000001,-0.9414384,-0.9120184000000001,-0.9512450000000001,-0.9512450000000001,-0.98066497,-1.0100849,-1.0100849,-1.0100849,-0.98066497,-1.0198916,-0.98066497,-0.9610517,-1.0002782,-0.97085834,-0.9512450000000001,-0.9414384,-0.9414384,-0.9120184000000001,-0.9512450000000001,-0.92182505,-0.9904716,-0.97085834,-0.9904716,-0.93163174,-0.97085834,-0.9610517,-1.0100849,-1.0100849,-0.97085834,-0.93163174,-1.0002782,-1.0198916,-1.0395049,-1.0100849,-0.98066497,-0.9904716,-0.98066497,-0.9414384,-0.9414384,-0.97085834,-0.9414384,-0.92182505,2
-0.9120184000000001,-0.9512450000000001,-0.92182505,-0.9904716,-0.97085834,-0.9904716,-0.93163174,-0.97085834,-0.9610517,-1.0100849,-1.0100849,-0.97085834,-0.93163174,-1.0002782,-1.0198916,-1.0395049,-1.0100849,-0.98066497,-0.9904716,-0.98066497,-0.9414384,-0.9414384,-0.97085834,-0.9414384,-0.92182505,-0.9610517,-0.97085834,-1.0100849,-0.93163174,-0.93163174,-0.9512450000000001,-0.93163174,-0.9512450000000001,-0.93163174,-0.9904716,-0.9610517,-1.0002782,-0.98066497,-1.0002782,-1.0100849,-0.9904716,-1.0395049,-0.9610517,-0.97085834,-0.93163174,-0.92182505,-0.9610517,-0.8727918,-0.89240515,-0.9512450000000001,2
-0.9610517,-0.97085834,-1.0100849,-0.93163174,-0.93163174,-0.9512450000000001,-0.93163174,-0.9512450000000001,-0.93163174,-0.9904716,-0.9610517,-1.0002782,-0.98066497,-1.0002782,-1.0100849,-0.9904716,-1.0395049,-0.9610517,-0.97085834,-0.93163174,-0.92182505,-0.9610517,-0.8727918,-0.89240515,-0.9512450000000001,-0.93163174,-0.92182505,-0.98066497,-0.97085834,-0.97085834,-1.0296983,-0.97085834,-0.98066497,-0.97085834,-1.0198916,-0.97085834,-0.98066497,-0.9904716,-0.9904716,-0.9610517,-0.9022118,-0.88259846,-0.9610517,-0.93163174,-1.0395049,-1.0395049,-0.9904716,-1.0198916,-1.0198916,-1.0395049,2
-0.93163174,-0.92182505,-0.98066497,-0.97085834,-0.97085834,-1.0296983,-0.97085834,-0.98066497,-0.97085834,-1.0198916,-0.97085834,-0.98066497,-0.9904716,-0.9904716,-0.9610517,-0.9022118,-0.88259846,-0.9610517,-0.93163174,-1.0395049,-1.0395049,-0.9904716,-1.0198916,-1.0198916,-1.0395049,-1.0296983,-1.0395049,-1.0002782,-0.9904716,-0.97085834,-0.98066497,-0.98066497,-0.9022118,-0.9512450000000001,-0.92182505,-0.9414384,-0.9512450000000001,-0.9904716,-0.9904716,-1.0198916,-1.0395049,-1.0100849,-0.97085834,-0.9610517,-0.93163174,-0.92182505,-0.9022118,-0.89240515,-0.89240515,-0.89240515,2
-1.0296983,-1.0395049,-1.0002782,-0.9904716,-0.97085834,-0.98066497,-0.98066497,-0.9022118,-0.9512450000000001,-0.92182505,-0.9414384,-0.9512450000000001,-0.9904716,-0.9904716,-1.0198916,-1.0395049,-1.0100849,-0.97085834,-0.9610517,-0.93163174,-0.92182505,-0.9022118,-0.89240515,-0.89240515,-0.89240515,-0.9512450000000001,-0.9904716,-0.97085834,-0.9904716,-1.0395049,-1.0689248,-1.0395049,-1.0591182,-1.0395049,-1.0100849,-0.93163174,-0.89240515,-0.83356524,-0.78453195,-0.7354987,-0.6864655,-0.69627213,-0.78453195,-0.79433864,-0.8237585999999999,-0.8237585999999999,-0.84337187,-0.84337187,-0.89240515,-0.9022118,2
-0.9512450000000001,-0.9904716,-0.97085834,-0.9904716,-1.0395049,-1.0689248,-1.0395049,-1.0591182,-1.0395049,-1.0100849,-0.93163174,-0.89240515,-0.83356524,-0.78453195,-0.7354987,-0.6864655,-0.69627213,-0.78453195,-0.79433864,-0.8237585999999999,-0.8237585999999999,-0.84337187,-0.84337187,-0.89240515,-0.9022118,-0.88259846,-0.93163174,-0.9120184000000001,-0.9610517,-1.0296983,-1.0198916,-1.0591182,-1.0395049,-1.0100849,-1.0198916,-0.97085834,-1.0198916,-0.9610517,-0.98066497,-0.9610517,-0.9512450000000001,-0.9904716,-0.9904716,-1.0395049,-0.97085834,-1.0100849,-0.9904716,-1.0296983,-0.9904716,-1.0002782,2
-0.88259846,-0.93163174,-0.9120184000000001,-0.9610517,-1.0296983,-1.0198916,-1.0591182,-1.0395049,-1.0100849,-1.0198916,-0.97085834,-1.0198916,-0.9610517,-0.98066497,-0.9610517,-0.9512450000000001,-0.9904716,-0.9904716,-1.0395049,-0.97085834,-1.0100849,-0.9904716,-1.0296983,-0.9904716,-1.0002782,-1.0002782,-0.93163174,-0.9610517,-0.9022118,-0.9120184000000001,-0.9414384,-0.9120184000000001,-0.9610517,-0.9610517,-0.9610517,-1.0100849,-1.0100849,-1.0395049,-1.0198916,-1.0002782,-1.0002782,-0.9414384,-0.93163174,-0.9022118,-0.92182505,-0.9512450000000001,-0.92182505,-0.97085834,-0.9610517,-0.98066497,2
-1.0002782,-0.93163174,-0.9610517,-0.9022118,-0.9120184000000001,-0.9414384,-0.9120184000000001,-0.9610517,-0.9610517,-0.9610517,-1.0100849,-1.0100849,-1.0395049,-1.0198916,-1.0002782,-1.0002782,-0.9414384,-0.93163174,-0.9022118,-0.92182505,-0.9512450000000001,-0.92182505,-0.97085834,-0.9610517,-0.98066497,-0.9610517,-0.8727918,-0.9022118,-0.9414384,-0.9414384,-0.92182505,-0.9512450000000001,-0.89240515,-0.9512450000000001,-0.9414384,-0.9610517,-0.9610517,-0.9610517,-1.0002782,-1.0002782,-0.9512450000000001,-0.98066497,-1.0100849,-0.97085834,-0.98066497,-0.97085834,-1.0100849,-0.97085834,-0.9610517,-0.97085834,2
-0.9610517,-0.8727918,-0.9022118,-0.9414384,-0.9414384,-0.92182505,-0.9512450000000001,-0.89240515,-0.9512450000000001,-0.9414384,-0.9610517,-0.9610517,-0.9610517,-1.0002782,-1.0002782,-0.9512450000000001,-0.98066497,-1.0100849,-0.97085834,-0.98066497,-0.97085834,-1.0100849,-0.97085834,-0.9610517,-0.97085834,-0.9414384,-0.9022118,-0.88259846,-0.88259846,-0.93163174,-0.9610517,-0.9904716,-0.98066497,-1.0002782,-1.0002782,-0.9904716,-1.0395049,-1.0002782,-1.0002782,-1.0002782,-0.98066497,-0.9904716,-0.98066497,-1.0002782,-1.0296983,-1.0002782,-1.0395049,-0.9610517,-1.0100849,-1.0100849,2
-0.9414384,-0.9022118,-0.88259846,-0.88259846,-0.93163174,-0.9610517,-0.9904716,-0.98066497,-1.0002782,-1.0002782,-0.9904716,-1.0395049,-1.0002782,-1.0002782,-1.0002782,-0.98066497,-0.9904716,-0.98066497,-1.0002782,-1.0296983,-1.0002782,-1.0395049,-0.9610517,-1.0100849,-1.0100849,-1.0100849,-1.0100849,-0.97085834,-0.93163174,-0.9904716,-0.9414384,-0.9512450000000001,-0.9512450000000001,-0.98066497,-1.0198916,-1.0395049,-1.0002782,-1.0198916,-1.0100849,-0.9610517,-0.9904716,-0.9904716,-0.9610517,-0.9610517,-0.88259846,-0.9512450000000001,-0.93163174,-0.9414384,-0.97085834,-1.0002782,2
-1.0100849,-1.0100849,-0.97085834,-0.93163174,-0.9904716,-0.9414384,-0.9512450000000001,-0.9512450000000001,-0.98066497,-1.0198916,-1.0395049,-1.0002782,-1.0198916,-1.0100849,-0.9610517,-0.9904716,-0.9904716,-0.9610517,-0.9610517,-0.88259846,-0.9512450000000001,-0.93163174,-0.9414384,-0.97085834,-1.0002782,-1.0296983,-1.0395049,-1.0395049,-1.0296983,-1.0198916,-0.9904716,-0.97085834,-0.9610517,-0.97085834,-0.89240515,-0.9022118,-0.9022118,-0.89240515,-0.9022118,-0.8531785,-0.88259846,-0.9120184000000001,-0.9512450000000001,-0.9610517,-1.0002782,-0.97085834,-0.97085834,-0.9512450000000001,-0.88259846,-0.97085834,2
-1.0296983,-1.0395049,-1.0395049,-1.0296983,-1.0198916,-0.9904716,-0.97085834,-0.9610517,-0.97085834,-0.89240515,-0.9022118,-0.9022118,-0.89240515,-0.9022118,-0.8531785,-0.88259846,-0.9120184000000001,-0.9512450000000001,-0.9610517,-1.0002782,-0.97085834,-0.97085834,-0.9512450000000001,-0.88259846,-0.97085834,-0.97085834,-0.9414384,-0.97085834,-0.9904716,-0.97085834,-1.0100849,-0.9512450000000001,-1.0100849,-0.98066497,-0.9414384,-1.0100849,-1.0395049,-1.0395049,-1.0395049,-1.0493115,-1.0198916,-1.0296983,-1.0296983,-1.0493115,-1.0395049,-1.0198916,-1.0395049,-1.0100849,-1.0395049,-1.0296983,2
-0.97085834,-0.9414384,-0.97085834,-0.9904716,-0.97085834,-1.0100849,-0.9512450000000001,-1.0100849,-0.98066497,-0.9414384,-1.0100849,-1.0395049,-1.0395049,-1.0395049,-1.0493115,-1.0198916,-1.0296983,-1.0296983,-1.0493115,-1.0395049,-1.0198916,-1.0395049,-1.0100849,-1.0395049,-1.0296983,-1.0100849,-1.0296983,-1.0395049,-1.0296983,-1.0493115,-1.0885382,-1.0296983,-1.1081514,-1.0395049,-1.0591182,-0.9904716,-1.0395049,-1.0002782,-1.0100849,-0.9610517,-0.97085834,-1.0296983,-0.9904716,-0.98066497,-0.9414384,-0.98066497,-1.0002782,-1.0296983,-1.0100849,-1.0100849,2
-1.0100849,-1.0296983,-1.0395049,-1.0296983,-1.0493115,-1.0885382,-1.0296983,-1.1081514,-1.0395049,-1.0591182,-0.9904716,-1.0395049,-1.0002782,-1.0100849,-0.9610517,-0.97085834,-1.0296983,-0.9904716,-0.98066497,-0.9414384,-0.98066497,-1.0002782,-1.0296983,-1.0100849,-1.0100849,-1.0296983,-1.0591182,-1.0395049,-1.0493115,-1.0198916,-0.98066497,-1.0002782,-1.0100849,-0.97085834,-1.0002782,-0.97085834,-1.0100849,-1.0198916,-1.0198916,-1.0493115,-1.0198916,-1.0002782,-0.9904716,-1.0493115,-1.0100849,-0.9904716,-0.97085834,-0.97085834,-1.0198916,-1.0198916,2
-1.0296983,-1.0591182,-1.0395049,-1.0493115,-1.0198916,-0.98066497,-1.0002782,-1.0100849,-0.97085834,-1.0002782,-0.97085834,-1.0100849,-1.0198916,-1.0198916,-1.0493115,-1.0198916,-1.0002782,-0.9904716,-1.0493115,-1.0100849,-0.9904716,-0.97085834,-0.97085834,-1.0198916,-1.0198916,-0.98066497,-0.98066497,-0.9610517,-0.9610517,-0.98066497,-0.9904716,-0.98066497,-0.98066497,-0.97085834,-0.9904716,-0.9512450000000001,-1.0100849,-0.98066497,-0.9512450000000001,-0.9610517,-0.9512450000000001,-0.9610517,-0.93163174,-0.9610517,-0.9120184000000001,-0.9512450000000001,-0.9120184000000001,-0.9512450000000001,-0.89240515,-0.93163174,2
-0.98066497,-0.98066497,-0.9610517,-0.9610517,-0.98066497,-0.9904716,-0.98066497,-0.98066497,-0.97085834,-0.9904716,-0.9512450000000001,-1.0100849,-0.98066497,-0.9512450000000001,-0.9610517,-0.9512450000000001,-0.9610517,-0.93163174,-0.9610517,-0.9120184000000001,-0.9512450000000001,-0.9120184000000001,-0.9512450000000001,-0.89240515,-0.93163174,-0.9414384,-1.0100849,-0.97085834,-0.9904716,-0.9414384,-0.92182505,-0.9414384,-0.9022118,-0.9414384,-1.0395049,-0.98066497,-1.0002782,-1.0100849,-0.9512450000000001,-0.9414384,-0.98066497,-0.98066497,-0.9904716,-0.9610517,-1.0198916,-0.98066497,-1.0198916,-0.9610517,-1.0198916,-1.0198916,2
-0.9414384,-1.0100849,-0.97085834,-0.9904716,-0.9414384,-0.92182505,-0.9414384,-0.9022118,-0.9414384,-1.0395049,-0.98066497,-1.0002782,-1.0100849,-0.9512450000000001,-0.9414384,-0.98066497,-0.98066497,-0.9904716,-0.9610517,-1.0198916,-0.98066497,-1.0198916,-0.9610517,-1.0198916,-1.0198916,-0.9512450000000001,-1.0296983,-1.0002782,-0.98066497,-0.9904716,-1.0296983,-0.9610517,-1.0296983,-1.0100849,-0.9904716,-0.9904716,-0.97085834,-0.9610517,-0.97085834,-0.9610517,-0.9904716,-0.98066497,-0.9610517,-0.97085834,-0.9610517,-0.98066497,-0.98066497,-0.98066497,-1.0198916,-1.0395049,2
-0.9512450000000001,-1.0296983,-1.0002782,-0.98066497,-0.9904716,-1.0296983,-0.9610517,-1.0296983,-1.0100849,-0.9904716,-0.9904716,-0.97085834,-0.9610517,-0.97085834,-0.9610517,-0.9904716,-0.98066497,-0.9610517,-0.97085834,-0.9610517,-0.98066497,-0.98066497,-0.98066497,-1.0198916,-1.0395049,-0.97085834,-0.98066497,-1.0002782,-0.97085834,-0.98066497,-0.9610517,-0.9512450000000001,-0.9512450000000001,-0.98066497,-0.93163174,-0.9120184000000001,-0.9022118,-0.9512450000000001,-0.9512450000000001,-1.0100849,-0.98066497,-1.0100849,-0.97085834,-0.9414384,-1.0002782,-1.0198916,-0.97085834,-0.97085834,-0.98066497,-1.0198916,2
-0.97085834,-0.98066497,-1.0002782,-0.97085834,-0.98066497,-0.9610517,-0.9512450000000001,-0.9512450000000001,-0.98066497,-0.93163174,-0.9120184000000001,-0.9022118,-0.9512450000000001,-0.9512450000000001,-1.0100849,-0.98066497,-1.0100849,-0.97085834,-0.9414384,-1.0002782,-1.0198916,-0.97085834,-0.97085834,-0.98066497,-1.0198916,-1.0100849,-1.0100849,-0.9904716,-0.97085834,-0.9904716,-0.98066497,-1.0198916,-0.9414384,-1.0002782,-0.9512450000000001,-0.9512450000000001,-0.9512450000000001,-1.0002782,-1.0296983,-0.9610517,-1.0100849,-1.0002782,-0.9904716,-0.98066497,-0.9610517,-0.9512450000000001,-0.9414384,-0.9610517,-0.97085834,-0.9512450000000001,2
-1.0100849,-1.0100849,-0.9904716,-0.97085834,-0.9904716,-0.98066497,-1.0198916,-0.9414384,-1.0002782,-0.9512450000000001,-0.9512450000000001,-0.9512450000000001,-1.0002782,-1.0296983,-0.9610517,-1.0100849,-1.0002782,-0.9904716,-0.98066497,-0.9610517,-0.9512450000000001,-0.9414384,-0.9610517,-0.97085834,-0.9512450000000001,-0.9904716,-0.9904716,-0.9904716,-0.98066497,-0.9610517,-0.9414384,-0.9120184000000001,-0.9512450000000001,-0.97085834,-0.97085834,-0.9904716,-0.9904716,-0.98066497,-0.9904716,-0.9904716,-0.98066497,-0.9904716,-0.9904716,-0.9512450000000001,-0.97085834,-0.9610517,-0.9610517,-1.0100849,-0.9512450000000001,-0.97085834,2
-0.9904716,-0.9904716,-0.9904716,-0.98066497,-0.9610517,-0.9414384,-0.9120184000000001,-0.9512450000000001,-0.97085834,-0.97085834,-0.9904716,-0.9904716,-0.98066497,-0.9904716,-0.9904716,-0.98066497,-0.9904716,-0.9904716,-0.9512450000000001,-0.97085834,-0.9610517,-0.9610517,-1.0100849,-0.9512450000000001,-0.97085834,-0.98066497,-0.9414384,-0.97085834,-0.9414384,-0.93163174,-0.9512450000000001,-0.98066497,-0.9610517,-0.9414384,-1.0002782,-1.0395049,-1.0198916,-1.0198916,-0.9904716,-1.0100849,-0.98066497,-0.9512450000000001,-0.9022118,-0.93163174,-0.9414384,-0.9414384,-0.9414384,-0.9120184000000001,-0.9512450000000001,-0.9414384,2
-0.98066497,-0.9414384,-0.97085834,-0.9414384,-0.93163174,-0.9512450000000001,-0.98066497,-0.9610517,-0.9414384,-1.0002782,-1.0395049,-1.0198916,-1.0198916,-0.9904716,-1.0100849,-0.98066497,-0.9512450000000001,-0.9022118,-0.93163174,-0.9414384,-0.9414384,-0.9414384,-0.9120184000000001,-0.9512450000000001,-0.9414384,-0.9610517,-0.9512450000000001,-0.9414384,-0.89240515,-0.9414384,-0.93163174,-0.9512450000000001,-0.9512450000000001,-0.93163174,-0.9610517,-0.9414384,-0.9512450000000001,-0.9414384,-0.9610517,-0.9120184000000001,-0.9610517,-0.93163174,-0.9610517,-0.98066497,-1.0002782,-0.9904716,-0.9904716,-0.9512450000000001,-0.9904716,-0.98066497,2
-0.9610517,-0.9512450000000001,-0.9414384,-0.89240515,-0.9414384,-0.93163174,-0.9512450000000001,-0.9512450000000001,-0.93163174,-0.9610517,-0.9414384,-0.9512450000000001,-0.9414384,-0.9610517,-0.9120184000000001,-0.9610517,-0.93163174,-0.9610517,-0.98066497,-1.0002782,-0.9904716,-0.9904716,-0.9512450000000001,-0.9904716,-0.98066497,-0.97085834,-0.98066497,-0.98066497,-0.9512450000000001,-0.9610517,-0.9610517,-0.98066497,-0.9414384,-0.97085834,-0.9512450000000001,-1.0100849,-0.9414384,-0.97085834,-0.9610517,-0.93163174,-1.0002782,-0.9610517,-1.0002782,-0.9512450000000001,-0.93163174,-0.9120184000000001,-0.93163174,-0.88259846,-0.92182505,-0.9120184000000001,2
-0.97085834,-0.98066497,-0.98066497,-0.9512450000000001,-0.9610517,-0.9610517,-0.98066497,-0.9414384,-0.97085834,-0.9512450000000001,-1.0100849,-0.9414384,-0.97085834,-0.9610517,-0.93163174,-1.0002782,-0.9610517,-1.0002782,-0.9512450000000001,-0.93163174,-0.9120184000000001,-0.93163174,-0.88259846,-0.92182505,-0.9120184000000001,-0.98066497,-0.9512450000000001,-1.0296983,-0.9512450000000001,-1.0100849,-0.9610517,-1.0002782,-0.9904716,-0.9414384,-1.0002782,-0.97085834,-0.92182505,-0.9512450000000001,-0.9512450000000001,-0.97085834,-0.9610517,-0.9512450000000001,-0.9414384,-0.93163174,-0.9610517,-0.9610517,-0.9414384,-0.9610517,-0.9512450000000001,-0.98066497,2
-0.98066497,-0.9512450000000001,-1.0296983,-0.9512450000000001,-1.0100849,-0.9610517,-1.0002782,-0.9904716,-0.9414384,-1.0002782,-0.97085834,-0.92182505,-0.9512450000000001,-0.9512450000000001,-0.97085834,-0.9610517,-0.9512450000000001,-0.9414384,-0.93163174,-0.9610517,-0.9610517,-0.9414384,-0.9610517,-0.9512450000000001,-0.98066497,-0.9414384,-0.97085834,-0.97085834,-0.97085834,-0.9610517,-0.9414384,-0.9414384,-0.9512450000000001,-0.97085834,-0.9610517,-0.97085834,-0.9414384,-0.9120184000000001,-0.9904716,-0.98066497,-0.9610517,-1.0002782,-0.9512450000000001,-0.9610517,-0.9904716,-0.9512450000000001,-0.98066497,-0.9414384,-0.9904716,-0.9512450000000001,2
-0.9414384,-0.97085834,-0.97085834,-0.97085834,-0.9610517,-0.9414384,-0.9414384,-0.9512450000000001,-0.97085834,-0.9610517,-0.97085834,-0.9414384,-0.9120184000000001,-0.9904716,-0.98066497,-0.9610517,-1.0002782,-0.9512450000000001,-0.9610517,-0.9904716,-0.9512450000000001,-0.98066497,-0.9414384,-0.9904716,-0.9512450000000001,-1.0198916,-0.9512450000000001,-0.9512450000000001,-0.9512450000000001,-0.93163174,-1.0002782,-0.9610517,-0.9904716,-0.9512450000000001,-1.0100849,-0.9904716,-0.9512450000000001,-0.9610517,-0.9610517,-0.97085834,-0.9414384,-1.0296983,-0.97085834,-0.9512450000000001,-0.97085834,-0.9414384,-0.9904716,-0.9414384,-0.9512450000000001,-0.98066497,2
-1.0198916,-0.9512450000000001,-0.9512450000000001,-0.9512450000000001,-0.93163174,-1.0002782,-0.9610517,-0.9904716,-0.9512450000000001,-1.0100849,-0.9904716,-0.9512450000000001,-0.9610517,-0.9610517,-0.97085834,-0.9414384,-1.0296983,-0.97085834,-0.9512450000000001,-0.97085834,-0.9414384,-0.9904716,-0.9414384,-0.9512450000000001,-0.98066497,-0.9120184000000001,-0.93163174,-0.9414384,-0.97085834,-0.9610517,-0.98066497,-1.0002782,-0.9610517,-0.9512450000000001,-0.97085834,-0.9120184000000001,-0.9512450000000001,-0.93163174,-0.97085834,-0.98066497,-0.9610517,-0.9904716,-0.9610517,-0.9512450000000001,-0.92182505,-0.9414384,-0.9512450000000001,-1.0100849,-0.97085834,-0.97085834,2
-0.9120184000000001,-0.93163174,-0.9414384,-0.97085834,-0.9610517,-0.98066497,-1.0002782,-0.9610517,-0.9512450000000001,-0.97085834,-0.9120184000000001,-0.9512450000000001,-0.93163174,-0.97085834,-0.98066497,-0.9610517,-0.9904716,-0.9610517,-0.9512450000000001,-0.92182505,-0.9414384,-0.9512450000000001,-1.0100849,-0.97085834,-0.97085834,-0.9904716,-0.98066497,-1.0100849,-0.9904716,-0.98066497,-0.97085834,-0.9414384,-0.9610517,-0.98066497,-0.9904716,-1.0002782,-0.98066497,-0.9512450000000001,-1.0296983,-1.0296983,-0.9904716,-0.98066497,-0.98066497,-1.0002782,-0.9610517,-0.98066497,-0.9610517,-0.92182505,-0.97085834,-0.9610517,2
-0.9904716,-0.98066497,-1.0100849,-0.9904716,-0.98066497,-0.97085834,-0.9414384,-0.9610517,-0.98066497,-0.9904716,-1.0002782,-0.98066497,-0.9512450000000001,-1.0296983,-1.0296983,-0.9904716,-0.98066497,-0.98066497,-1.0002782,-0.9610517,-0.98066497,-0.9610517,-0.92182505,-0.97085834,-0.9610517,-0.9904716,-0.9414384,-0.97085834,-0.98066497,-0.9512450000000001,-0.98066497,-0.97085834,-0.9904716,-0.93163174,-0.98066497,-0.98066497,-0.9610517,-1.0002782,-0.97085834,-0.9904716,-0.97085834,-1.0002782,-0.9904716,-1.0100849,-1.0002782,-0.98066497,-0.9512450000000001,-0.9512450000000001,-0.9904716,-0.9610517,2
-0.9904716,-0.9414384,-0.97085834,-0.98066497,-0.9512450000000001,-0.98066497,-0.97085834,-0.9904716,-0.93163174,-0.98066497,-0.98066497,-0.9610517,-1.0002782,-0.97085834,-0.9904716,-0.97085834,-1.0002782,-0.9904716,-1.0100849,-1.0002782,-0.98066497,-0.9512450000000001,-0.9512450000000001,-0.9904716,-0.9610517,-0.9610517,-0.98066497,-0.98066497,-1.0100849,-0.98066497,-0.93163174,-0.93163174,-1.0100849,-0.93163174,-0.97085834,-0.9904716,-0.9610517,-1.0100849,-0.9904716,-1.0296983,-0.97085834,-0.9610517,-0.9414384,-0.9512450000000001,-0.9120184000000001,-0.9414384,-0.97085834,-0.9904716,-0.97085834,-1.0198916,2
-0.9610517,-0.98066497,-0.98066497,-1.0100849,-0.98066497,-0.93163174,-0.93163174,-1.0100849,-0.93163174,-0.97085834,-0.9904716,-0.9610517,-1.0100849,-0.9904716,-1.0296983,-0.97085834,-0.9610517,-0.9414384,-0.9512450000000001,-0.9120184000000001,-0.9414384,-0.97085834,-0.9904716,-0.97085834,-1.0198916,-1.0002782,-0.9512450000000001,-0.97085834,-1.0100849,-0.9414384,-0.98066497,-0.9512450000000001,-0.98066497,-0.98066497,-0.98066497,-1.0002782,-0.98066497,-0.97085834,-0.9904716,-0.9904716,-1.0296983,-1.0395049,-0.9512450000000001,-1.0296983,-0.9610517,-0.9904716,-0.97085834,-0.9414384,-0.97085834,-1.0002782,2
-1.0002782,-0.9512450000000001,-0.97085834,-1.0100849,-0.9414384,-0.98066497,-0.9512450000000001,-0.98066497,-0.98066497,-0.98066497,-1.0002782,-0.98066497,-0.97085834,-0.9904716,-0.9904716,-1.0296983,-1.0395049,-0.9512450000000001,-1.0296983,-0.9610517,-0.9904716,-0.97085834,-0.9414384,-0.97085834,-1.0002782,-0.97085834,-0.9904716,-0.98066497,-0.9610517,-0.9610517,-0.9610517,-0.97085834,-0.97085834,-0.98066497,-0.9904716,-0.9512450000000001,-0.97085834,-0.9414384,-0.9904716,-1.0395049,-0.9904716,-0.9512450000000001,-0.9904716,-0.97085834,-0.98066497,-0.9610517,-0.9904716,-1.0002782,-1.0002782,-0.9904716,2
-0.97085834,-0.9904716,-0.98066497,-0.9610517,-0.9610517,-0.9610517,-0.97085834,-0.97085834,-0.98066497,-0.9904716,-0.9512450000000001,-0.97085834,-0.9414384,-0.9904716,-1.0395049,-0.9904716,-0.9512450000000001,-0.9904716,-0.97085834,-0.98066497,-0.9610517,-0.9904716,-1.0002782,-1.0002782,-0.9904716,-0.9904716,-0.97085834,-0.9414384,-0.9610517,-0.98066497,-0.97085834,-0.9904716,-0.9610517,-0.97085834,-1.0100849,-1.0100849,-0.9904716,-1.0198916,-1.0100849,-1.0002782,-0.9610517,-0.9904716,-0.9904716,-0.97085834,-0.98066497,-1.0100849,-0.97085834,-1.0002782,-1.0002782,-1.0100849,2
-0.9904716,-0.97085834,-0.9414384,-0.9610517,-0.98066497,-0.97085834,-0.9904716,-0.9610517,-0.97085834,-1.0100849,-1.0100849,-0.9904716,-1.0198916,-1.0100849,-1.0002782,-0.9610517,-0.9904716,-0.9904716,-0.97085834,-0.98066497,-1.0100849,-0.97085834,-1.0002782,-1.0002782,-1.0100849,-0.9512450000000001,-0.9904716,-1.0100849,-1.0002782,-1.0100849,-1.0002782,-0.9610517,-0.97085834,-0.9904716,-0.98066497,-1.0100849,-0.98066497,-0.98066497,-0.98066497,-0.9904716,-1.0198916,-1.0100849,-1.0100849,-1.0100849,-1.0100849,-1.0002782,-0.98066497,-1.0002782,-1.0100849,-0.9904716,2
-0.9512450000000001,-0.9904716,-1.0100849,-1.0002782,-1.0100849,-1.0002782,-0.9610517,-0.97085834,-0.9904716,-0.98066497,-1.0100849,-0.98066497,-0.98066497,-0.98066497,-0.9904716,-1.0198916,-1.0100849,-1.0100849,-1.0100849,-1.0100849,-1.0002782,-0.98066497,-1.0002782,-1.0100849,-0.9904716,-1.0002782,-0.97085834,-1.0198916,-1.0002782,-1.0002782,-0.98066497,-0.9414384,-1.0002782,-1.0002782,-0.98066497,-1.0198916,-1.0100849,-0.9904716,-1.0198916,-1.0198916,-1.0100849,-0.9512450000000001,-0.9414384,-1.0002782,-0.9512450000000001,-1.0002782,-0.9512450000000001,-0.9512450000000001,-0.9904716,-1.0002782,2
-1.0002782,-0.97085834,-1.0198916,-1.0002782,-1.0002782,-0.98066497,-0.9414384,-1.0002782,-1.0002782,-0.98066497,-1.0198916,-1.0100849,-0.9904716,-1.0198916,-1.0198916,-1.0100849,-0.9512450000000001,-0.9414384,-1.0002782,-0.9512450000000001,-1.0002782,-0.9512450000000001,-0.9512450000000001,-0.9904716,-1.0002782,-1.0296983,-0.98066497,-0.9904716,-0.9904716,-1.0100849,-1.0493115,-1.0296983,-0.98066497,-0.97085834,-0.9512450000000001,-0.9512450000000001,-1.0198916,-1.0198916,-1.0002782,-0.9512450000000001,-1.0198916,-0.97085834,-0.9512450000000001,-0.98066497,-0.9904716,-1.0296983,-0.9904716,-1.0100849,-1.0100849,-0.98066497,2
-1.0296983,-0.98066497,-0.9904716,-0.9904716,-1.0100849,-1.0493115,-1.0296983,-0.98066497,-0.97085834,-0.9512450000000001,-0.9512450000000001,-1.0198916,-1.0198916,-1.0002782,-0.9512450000000001,-1.0198916,-0.97085834,-0.9512450000000001,-0.98066497,-0.9904716,-1.0296983,-0.9904716,-1.0100849,-1.0100849,-0.98066497,-0.97085834,-1.0395049,-0.9904716,-1.0100849,-1.0100849,-0.9610517,-1.0296983,-0.97085834,-0.98066497,-0.97085834,-0.98066497,-1.0296983,-1.0100849,-0.9904716,-0.9904716,-1.0002782,-1.0296983,-1.0100849,-0.98066497,-0.97085834,-0.98066497,-1.0100849,-1.0002782,-0.98066497,-1.0002782,2
-0.97085834,-1.0395049,-0.9904716,-1.0100849,-1.0100849,-0.9610517,-1.0296983,-0.97085834,-0.98066497,-0.97085834,-0.98066497,-1.0296983,-1.0100849,-0.9904716,-0.9904716,-1.0002782,-1.0296983,-1.0100849,-0.98066497,-0.97085834,-0.98066497,-1.0100849,-1.0002782,-0.98066497,-1.0002782,-0.98066497,-0.97085834,-0.9414384,-0.9512450000000001,-0.97085834,-1.0296983,-1.0395049,-0.98066497,-1.0395049,-0.9904716,-1.0002782,-0.9610517,-0.9512450000000001,-0.93163174,-1.0100849,-0.9610517,-0.98066497,-1.0100849,-1.0002782,-0.97085834,-1.0296983,-1.0395049,-1.0100849,-0.9610517,-0.9904716,2
-0.98066497,-0.97085834,-0.9414384,-0.9512450000000001,-0.97085834,-1.0296983,-1.0395049,-0.98066497,-1.0395049,-0.9904716,-1.0002782,-0.9610517,-0.9512450000000001,-0.93163174,-1.0100849,-0.9610517,-0.98066497,-1.0100849,-1.0002782,-0.97085834,-1.0296983,-1.0395049,-1.0100849,-0.9610517,-0.9904716,-1.0002782,-0.97085834,-0.9904716,-0.9610517,-1.0002782,-1.0296983,-0.97085834,-0.9610517,-0.97085834,-0.9904716,-0.9904716,-0.9610517,-0.98066497,-0.9904716,-1.0100849,-1.0198916,-1.0100849,-0.9904716,-1.0002782,-1.0296983,-1.0100849,-1.0100849,-0.9512450000000001,-0.97085834,-1.0198916,2
-1.0002782,-0.97085834,-0.9904716,-0.9610517,-1.0002782,-1.0296983,-0.97085834,-0.9610517,-0.97085834,-0.9904716,-0.9904716,-0.9610517,-0.98066497,-0.9904716,-1.0100849,-1.0198916,-1.0100849,-0.9904716,-1.0002782,-1.0296983,-1.0100849,-1.0100849,-0.9512450000000001,-0.97085834,-1.0198916,-0.97085834,-0.9610517,-0.97085834,-0.98066497,-0.9904716,-0.9512450000000001,-1.0002782,-1.0002782,-1.0002782,-0.98066497,-0.98066497,-1.0296983,-1.0198916,-1.0002782,-1.0198916,-0.9904716,-0.9610517,-0.98066497,-0.9610517,-0.98066497,-1.0198916,-0.9904716,-1.0493115,-1.0002782,-1.0002782,2
-0.97085834,-0.9610517,-0.97085834,-0.98066497,-0.9904716,-0.9512450000000001,-1.0002782,-1.0002782,-1.0002782,-0.98066497,-0.98066497,-1.0296983,-1.0198916,-1.0002782,-1.0198916,-0.9904716,-0.9610517,-0.98066497,-0.9610517,-0.98066497,-1.0198916,-0.9904716,-1.0493115,-1.0002782,-1.0002782,-0.98066497,-1.0100849,-0.9512450000000001,-0.9414384,-0.9610517,-0.92182505,-0.9610517,-0.9610517,-0.9414384,-0.9904716,-0.9414384,-1.0395049,-0.9904716,-1.0395049,-0.9904716,-0.9904716,-1.0198916,-0.97085834,-0.9610517,-0.98066497,-0.9512450000000001,-0.93163174,-1.0296983,-1.0002782,-1.0100849,2
-0.98066497,-1.0100849,-0.9512450000000001,-0.9414384,-0.9610517,-0.92182505,-0.9610517,-0.9610517,-0.9414384,-0.9904716,-0.9414384,-1.0395049,-0.9904716,-1.0395049,-0.9904716,-0.9904716,-1.0198916,-0.97085834,-0.9610517,-0.98066497,-0.9512450000000001,-0.93163174,-1.0296983,-1.0002782,-1.0100849,-0.9904716,-1.0002782,-1.0100849,-0.97085834,-0.98066497,-1.0100849,-0.98066497,-0.98066497,-0.98066497,-0.98066497,-0.98066497,-1.0002782,-1.0002782,-0.98066497,-0.9904716,-1.0198916,-0.9904716,-0.9610517,-0.9512450000000001,-0.9414384,-0.97085834,-0.9512450000000001,-0.93163174,-0.9512450000000001,-0.9512450000000001,2
-0.9904716,-1.0002782,-1.0100849,-0.97085834,-0.98066497,-1.0100849,-0.98066497,-0.98066497,-0.98066497,-0.98066497,-0.98066497,-1.0002782,-1.0002782,-0.98066497,-0.9904716,-1.0198916,-0.9904716,-0.9610517,-0.9512450000000001,-0.9414384,-0.97085834,-0.9512450000000001,-0.93163174,-0.9512450000000001,-0.9512450000000001,-0.98066497,-1.0100849,-0.9512450000000001,-1.0198916,-0.97085834,-0.9904716,-0.98066497,-0.9414384,-0.98066497,-1.0002782,-0.98066497,-0.98066497,-0.9904716,-1.0100849,-0.9512450000000001,-0.9414384,-0.9414384,-0.9414384,-0.98066497,-1.0002782,-1.0002782,-1.0296983,-1.0100849,-1.0198916,-1.0198916,2
-0.98066497,-1.0100849,-0.9512450000000001,-1.0198916,-0.97085834,-0.9904716,-0.98066497,-0.9414384,-0.98066497,-1.0002782,-0.98066497,-0.98066497,-0.9904716,-1.0100849,-0.9512450000000001,-0.9414384,-0.9414384,-0.9414384,-0.98066497,-1.0002782,-1.0002782,-1.0296983,-1.0100849,-1.0198916,-1.0198916,-1.0395049,-0.97085834,-0.9120184000000001,-0.93163174,-0.97085834,-0.9022118,-0.97085834,-0.9512450000000001,-0.9414384,-0.93163174,-0.98066497,-0.9904716,-0.9414384,-0.9414384,-0.98066497,-0.98066497,-0.9904716,-0.9414384,-0.97085834,-0.9904716,-1.0002782,-1.0100849,-0.98066497,-0.9610517,-0.9904716,2
-1.0395049,-0.97085834,-0.9120184000000001,-0.93163174,-0.97085834,-0.9022118,-0.97085834,-0.9512450000000001,-0.9414384,-0.93163174,-0.98066497,-0.9904716,-0.9414384,-0.9414384,-0.98066497,-0.98066497,-0.9904716,-0.9414384,-0.97085834,-0.9904716,-1.0002782,-1.0100849,-0.98066497,-0.9610517,-0.9904716,-0.9904716,-0.9904716,-0.9512450000000001,-0.97085834,-0.93163174,-0.9610517,-0.98066497,-1.0296983,-1.0002782,-1.0395049,-1.0198916,-1.0100849,-0.97085834,-0.9414384,-0.9512450000000001,-0.9512450000000001,-1.0296983,-0.9610517,-1.0002782,-0.98066497,-0.98066497,-0.9610517,-0.97085834,-0.9414384,-0.98066497,2
-0.9904716,-0.9904716,-0.9512450000000001,-0.97085834,-0.93163174,-0.9610517,-0.98066497,-1.0296983,-1.0002782,-1.0395049,-1.0198916,-1.0100849,-0.97085834,-0.9414384,-0.9512450000000001,-0.9512450000000001,-1.0296983,-0.9610517,-1.0002782,-0.98066497,-0.98066497,-0.9610517,-0.97085834,-0.9414384,-0.98066497,-0.9610517,-0.9904716,-0.9414384,-0.98066497,-0.98066497,-0.98066497,-1.0493115,-1.0296983,-0.9904716,-0.98066497,-0.97085834,-1.0002782,-0.98066497,-1.0198916,-0.9904716,-0.98066497,-0.9904716,-1.0198916,-1.0296983,-0.98066497,-0.93163174,-0.98066497,-0.98066497,-1.0100849,-0.9904716,2
-0.9610517,-0.9904716,-0.9414384,-0.98066497,-0.98066497,-0.98066497,-1.0493115,-1.0296983,-0.9904716,-0.98066497,-0.97085834,-1.0002782,-0.98066497,-1.0198916,-0.9904716,-0.98066497,-0.9904716,-1.0198916,-1.0296983,-0.98066497,-0.93163174,-0.98066497,-0.98066497,-1.0100849,-0.9904716,-1.0198916,-1.0002782,-0.9610517,-0.9512450000000001,-1.0100849,-0.9904716,-0.9610517,-0.9512450000000001,-0.9414384,-0.97085834,-0.9904716,-0.9904716,-0.9904716,-0.9414384,-0.9610517,-0.92182505,-0.9904716,-0.9904716,-1.0198916,-0.9904716,-1.0198916,-0.9610517,-0.9904716,-1.0002782,-0.98066497,2
-1.0198916,-1.0002782,-0.9610517,-0.9512450000000001,-1.0100849,-0.9904716,-0.9610517,-0.9512450000000001,-0.9414384,-0.97085834,-0.9904716,-0.9904716,-0.9904716,-0.9414384,-0.9610517,-0.92182505,-0.9904716,-0.9904716,-1.0198916,-0.9904716,-1.0198916,-0.9610517,-0.9904716,-1.0002782,-0.98066497,-1.0002782,-0.9904716,-0.97085834,-1.0395049,-1.0002782,-1.0002782,-1.0100849,-1.0395049,-0.9904716,-1.0002782,-0.9512450000000001,-0.9610517,-0.9904716,-1.0002782,-1.0100849,-1.0100849,-0.9904716,-1.0493115,-1.0198916,-0.98066497,-0.98066497,-0.9610517,-0.98066497,-0.9414384,-1.0100849,2
-1.0002782,-0.9904716,-0.97085834,-1.0395049,-1.0002782,-1.0002782,-1.0100849,-1.0395049,-0.9904716,-1.0002782,-0.9512450000000001,-0.9610517,-0.9904716,-1.0002782,-1.0100849,-1.0100849,-0.9904716,-1.0493115,-1.0198916,-0.98066497,-0.98066497,-0.9610517,-0.98066497,-0.9414384,-1.0100849,-0.93163174,-0.9904716,-0.9610517,-0.9610517,-1.0002782,-0.97085834,-1.0002782,-0.97085834,-0.9414384,-0.97085834,-0.98066497,-0.9904716,-0.97085834,-1.0002782,-0.9904716,-1.0100849,-0.9414384,-0.98066497,-0.9904716,-0.98066497,-0.9904716,-0.9610517,-0.97085834,-0.9512450000000001,-0.9512450000000001,2
-0.93163174,-0.9904716,-0.9610517,-0.9610517,-1.0002782,-0.97085834,-1.0002782,-0.97085834,-0.9414384,-0.97085834,-0.98066497,-0.9904716,-0.97085834,-1.0002782,-0.9904716,-1.0100849,-0.9414384,-0.98066497,-0.9904716,-0.98066497,-0.9904716,-0.9610517,-0.97085834,-0.9512450000000001,-0.9512450000000001,-0.98066497,-0.9904716,-1.0493115,-1.0395049,-1.0493115,-0.9904716,-0.97085834,-0.98066497,-0.9512450000000001,-0.98066497,-1.0100849,-1.0002782,-1.0100849,-0.98066497,-0.9904716,-1.0002782,-0.97085834,-0.97085834,-0.9512450000000001,-0.9610517,-0.9512450000000001,-1.0002782,-0.92182505,-0.98066497,-1.0296983,2
-0.98066497,-0.9904716,-1.0493115,-1.0395049,-1.0493115,-0.9904716,-0.97085834,-0.98066497,-0.9512450000000001,-0.98066497,-1.0100849,-1.0002782,-1.0100849,-0.98066497,-0.9904716,-1.0002782,-0.97085834,-0.97085834,-0.9512450000000001,-0.9610517,-0.9512450000000001,-1.0002782,-0.92182505,-0.98066497,-1.0296983,-1.0002782,-1.0002782,-0.9904716,-0.9904716,-1.0002782,-1.0002782,-0.9610517,-1.0100849,-0.93163174,-0.9904716,-1.0296983,-1.0002782,-1.0002782,-0.9904716,-0.9904716,-1.0198916,-1.0198916,-0.97085834,-1.0002782,-1.0100849,-1.0296983,-0.9512450000000001,-0.9904716,-0.98066497,-1.0002782,2
-1.0002782,-1.0002782,-0.9904716,-0.9904716,-1.0002782,-1.0002782,-0.9610517,-1.0100849,-0.93163174,-0.9904716,-1.0296983,-1.0002782,-1.0002782,-0.9904716,-0.9904716,-1.0198916,-1.0198916,-0.97085834,-1.0002782,-1.0100849,-1.0296983,-0.9512450000000001,-0.9904716,-0.98066497,-1.0002782,-1.0002782,-0.98066497,-0.97085834,-0.98066497,-0.97085834,-0.9414384,-0.9610517,-1.0100849,-1.0002782,-1.0100849,-0.97085834,-0.93163174,-0.9610517,-0.98066497,-1.0002782,-0.97085834,-0.9904716,-1.0198916,-0.97085834,-0.9610517,-0.9512450000000001,-1.0002782,-0.9904716,-0.98066497,-1.0395049,2
-1.0002782,-0.98066497,-0.97085834,-0.98066497,-0.97085834,-0.9414384,-0.9610517,-1.0100849,-1.0002782,-1.0100849,-0.97085834,-0.93163174,-0.9610517,-0.98066497,-1.0002782,-0.97085834,-0.9904716,-1.0198916,-0.97085834,-0.9610517,-0.9512450000000001,-1.0002782,-0.9904716,-0.98066497,-1.0395049,-0.9904716,-1.0395049,-1.0002782,-1.0100849,-0.97085834,-1.0002782,-0.9414384,-0.98066497,-1.0198916,-0.9904716,-0.98066497,-0.9904716,-0.9512450000000001,-1.0100849,-0.9904716,-1.0002782,-0.9610517,-0.9904716,-0.97085834,-1.0100849,-1.0591182,-1.0002782,-1.0002782,-0.9904716,-0.9904716,2
-0.9904716,-1.0395049,-1.0002782,-1.0100849,-0.97085834,-1.0002782,-0.9414384,-0.98066497,-1.0198916,-0.9904716,-0.98066497,-0.9904716,-0.9512450000000001,-1.0100849,-0.9904716,-1.0002782,-0.9610517,-0.9904716,-0.97085834,-1.0100849,-1.0591182,-1.0002782,-1.0002782,-0.9904716,-0.9904716,-0.9512450000000001,-0.97085834,-0.97085834,-1.0002782,-0.98066497,-1.0002782,-1.0296983,-0.9904716,-1.0198916,-1.0002782,-1.0002782,-0.98066497,-0.9904716,-0.9610517,-1.0100849,-0.9904716,-1.0100849,-0.98066497,-0.9904716,-0.9512450000000001,-0.98066497,-0.9904716,-1.0100849,-1.0395049,-1.0395049,2
-0.9512450000000001,-0.97085834,-0.97085834,-1.0002782,-0.98066497,-1.0002782,-1.0296983,-0.9904716,-1.0198916,-1.0002782,-1.0002782,-0.98066497,-0.9904716,-0.9610517,-1.0100849,-0.9904716,-1.0100849,-0.98066497,-0.9904716,-0.9512450000000001,-0.98066497,-0.9904716,-1.0100849,-1.0395049,-1.0395049,-1.0100849,-1.0002782,-0.97085834,-0.97085834,-0.98066497,-0.9512450000000001,-1.0100849,-1.0100849,-1.0100849,-0.9904716,-1.0100849,-0.9904716,-0.9904716,-0.9610517,-0.9512450000000001,-0.9610517,-0.97085834,-0.9904716,-1.0002782,-1.0198916,-1.0198916,-0.9904716,-1.0002782,-0.98066497,-0.98066497,2
-1.0100849,-1.0002782,-0.97085834,-0.97085834,-0.98066497,-0.9512450000000001,-1.0100849,-1.0100849,-1.0100849,-0.9904716,-1.0100849,-0.9904716,-0.9904716,-0.9610517,-0.9512450000000001,-0.9610517,-0.97085834,-0.9904716,-1.0002782,-1.0198916,-1.0198916,-0.9904716,-1.0002782,-0.98066497,-0.98066497,-0.9610517,-0.9904716,-0.93163174,-0.9414384,-0.98066497,-1.0002782,-1.0198916,-0.9904716,-1.0296983,-0.98066497,-1.0002782,-1.0002782,-0.97085834,-0.97085834,-0.9610517,-1.0002782,-0.9904716,-0.9904716,-1.0002782,-0.97085834,-0.9512450000000001,-0.97085834,-1.0198916,-0.98066497,-1.0002782,2
-0.9610517,-0.9904716,-0.93163174,-0.9414384,-0.98066497,-1.0002782,-1.0198916,-0.9904716,-1.0296983,-0.98066497,-1.0002782,-1.0002782,-0.97085834,-0.97085834,-0.9610517,-1.0002782,-0.9904716,-0.9904716,-1.0002782,-0.97085834,-0.9512450000000001,-0.97085834,-1.0198916,-0.98066497,-1.0002782,-0.97085834,-1.0002782,-0.98066497,-0.97085834,-0.9904716,-1.0198916,-1.0100849,-0.98066497,-1.0100849,-0.9610517,-1.0002782,-0.9512450000000001,-0.98066497,-0.97085834,-0.93163174,-0.97085834,-1.0296983,-1.0100849,-1.0002782,-0.9904716,-0.9414384,-0.89240515,-0.9904716,-0.9512450000000001,-0.97085834,2
-0.97085834,-1.0002782,-0.98066497,-0.97085834,-0.9904716,-1.0198916,-1.0100849,-0.98066497,-1.0100849,-0.9610517,-1.0002782,-0.9512450000000001,-0.98066497,-0.97085834,-0.93163174,-0.97085834,-1.0296983,-1.0100849,-1.0002782,-0.9904716,-0.9414384,-0.89240515,-0.9904716,-0.9512450000000001,-0.97085834,-0.97085834,-1.0002782,-1.0002782,-1.0002782,-0.9610517,-1.0002782,-1.0100849,-1.0198916,-0.98066497,-1.0002782,-0.97085834,-0.9610517,-1.0002782,-1.0002782,-1.0395049,-1.0296983,-1.0100849,-1.0198916,-1.0002782,-0.98066497,-0.9904716,-1.0002782,-1.0100849,-0.98066497,-0.97085834,2
-0.97085834,-1.0002782,-1.0002782,-1.0002782,-0.9610517,-1.0002782,-1.0100849,-1.0198916,-0.98066497,-1.0002782,-0.97085834,-0.9610517,-1.0002782,-1.0002782,-1.0395049,-1.0296983,-1.0100849,-1.0198916,-1.0002782,-0.98066497,-0.9904716,-1.0002782,-1.0100849,-0.98066497,-0.97085834,-0.98066497,-0.97085834,-0.98066497,-0.98066497,-0.9904716,-1.0002782,-0.9610517,-0.97085834,-0.97085834,-0.9610517,-0.9512450000000001,-0.9904716,-0.9512450000000001,-0.97085834,-0.9512450000000001,-0.98066497,-0.97085834,-0.93163174,-1.0198916,-0.9904716,-0.98066497,-1.0002782,-1.0100849,-1.0100849,-0.97085834,2
-0.98066497,-0.97085834,-0.98066497,-0.98066497,-0.9904716,-1.0002782,-0.9610517,-0.97085834,-0.97085834,-0.9610517,-0.9512450000000001,-0.9904716,-0.9512450000000001,-0.97085834,-0.9512450000000001,-0.98066497,-0.97085834,-0.93163174,-1.0198916,-0.9904716,-0.98066497,-1.0002782,-1.0100849,-1.0100849,-0.97085834,-1.0296983,-0.98066497,-0.9610517,-0.97085834,-0.9610517,-0.92182505,-0.92182505,-0.9414384,-0.92182505,-0.88259846,-1.0100849,-0.97085834,-0.9904716,-1.0002782,-0.98066497,-0.97085834,-1.0198916,-1.0100849,-1.0395049,-1.0983448,-1.0198916,-0.9904716,-0.9512450000000001,-0.9610517,-0.88259846,2
-1.0296983,-0.98066497,-0.9610517,-0.97085834,-0.9610517,-0.92182505,-0.92182505,-0.9414384,-0.92182505,-0.88259846,-1.0100849,-0.97085834,-0.9904716,-1.0002782,-0.98066497,-0.97085834,-1.0198916,-1.0100849,-1.0395049,-1.0983448,-1.0198916,-0.9904716,-0.9512450000000001,-0.9610517,-0.88259846,-0.89240515,-0.9414384,-0.98066497,-1.0395049,-1.0395049,-1.0100849,-0.9904716,-0.9512450000000001,-0.9610517,-1.0002782,-0.9022118,-0.92182505,-0.9512450000000001,-0.97085834,-0.9610517,-0.97085834,-0.92182505,-0.89240515,-0.8727918,-0.92182505,-0.93163174,-0.9512450000000001,-0.98066497,-0.98066497,-0.97085834,2
-0.89240515,-0.9414384,-0.98066497,-1.0395049,-1.0395049,-1.0100849,-0.9904716,-0.9512450000000001,-0.9610517,-1.0002782,-0.9022118,-0.92182505,-0.9512450000000001,-0.97085834,-0.9610517,-0.97085834,-0.92182505,-0.89240515,-0.8727918,-0.92182505,-0.93163174,-0.9512450000000001,-0.98066497,-0.98066497,-0.97085834,-1.0002782,-0.9610517,-0.98066497,-0.92182505,-0.9414384,-0.9512450000000001,-0.9414384,-0.9414384,-1.0296983,-1.0100849,-1.0100849,-0.97085834,-1.0002782,-0.98066497,-0.97085834,-0.9512450000000001,-0.9414384,-1.0002782,-0.93163174,-0.93163174,-0.92182505,-0.92182505,-0.9120184000000001,-0.89240515,-0.88259846,2
-1.0002782,-0.9610517,-0.98066497,-0.92182505,-0.9414384,-0.9512450000000001,-0.9414384,-0.9414384,-1.0296983,-1.0100849,-1.0100849,-0.97085834,-1.0002782,-0.98066497,-0.97085834,-0.9512450000000001,-0.9414384,-1.0002782,-0.93163174,-0.93163174,-0.92182505,-0.92182505,-0.9120184000000001,-0.89240515,-0.88259846,-0.92182505,-0.9904716,-0.9904716,-0.97085834,-0.98066497,-0.9904716,-0.9512450000000001,-0.9610517,-0.97085834,-0.93163174,-0.8629851999999999,-0.9022118,-0.8727918,-0.93163174,-0.8727918,-0.9022118,-0.88259846,-0.9022118,-0.9414384,-0.93163174,-0.9904716,-0.9512450000000001,-0.93163174,-0.9414384,-0.98066497,2
-0.92182505,-0.9904716,-0.9904716,-0.97085834,-0.98066497,-0.9904716,-0.9512450000000001,-0.9610517,-0.97085834,-0.93163174,-0.8629851999999999,-0.9022118,-0.8727918,-0.93163174,-0.8727918,-0.9022118,-0.88259846,-0.9022118,-0.9414384,-0.93163174,-0.9904716,-0.9512450000000001,-0.93163174,-0.9414384,-0.98066497,-0.98066497,-1.0100849,-1.0002782,-1.0395049,-1.0493115,-0.98066497,-0.9904716,-0.9512450000000001,-0.93163174,-0.9414384,-1.0002782,-0.9904716,-0.9904716,-0.93163174,-1.0198916,-0.97085834,-0.92182505,-0.9022118,-0.9022118,-0.93163174,-0.9610517,-0.97085834,-0.9610517,-0.9904716,-0.9414384,2
-0.98066497,-1.0100849,-1.0002782,-1.0395049,-1.0493115,-0.98066497,-0.9904716,-0.9512450000000001,-0.93163174,-0.9414384,-1.0002782,-0.9904716,-0.9904716,-0.93163174,-1.0198916,-0.97085834,-0.92182505,-0.9022118,-0.9022118,-0.93163174,-0.9610517,-0.97085834,-0.9610517,-0.9904716,-0.9414384,-0.9610517,-0.93163174,-0.9120184000000001,-0.9120184000000001,-0.9022118,-0.8727918,-0.88259846,-0.9022118,-0.92182505,-0.9414384,-0.97085834,-0.9610517,-1.0198916,-0.98066497,-0.9512450000000001,-0.98066497,-0.9904716,-0.9120184000000001,-0.89240515,-0.9512450000000001,-0.9610517,-0.98066497,-1.0296983,-1.0100849,-1.0100849,2
-0.9610517,-0.93163174,-0.9120184000000001,-0.9120184000000001,-0.9022118,-0.8727918,-0.88259846,-0.9022118,-0.92182505,-0.9414384,-0.97085834,-0.9610517,-1.0198916,-0.98066497,-0.9512450000000001,-0.98066497,-0.9904716,-0.9120184000000001,-0.89240515,-0.9512450000000001,-0.9610517,-0.98066497,-1.0296983,-1.0100849,-1.0100849,-0.9904716,-1.0198916,-0.9904716,-0.98066497,-0.97085834,-1.0100849,-0.97085834,-0.9904716,-0.93163174,-0.9120184000000001,-0.93163174,-0.9414384,-0.9610517,-1.0100849,-0.9512450000000001,-0.9904716,-0.9120184000000001,-0.9022118,-0.88259846,-0.8727918,-0.8531785,-0.8531785,-0.88259846,-0.9414384,-0.98066497,2
-0.9904716,-1.0198916,-0.9904716,-0.98066497,-0.97085834,-1.0100849,-0.97085834,-0.9904716,-0.93163174,-0.9120184000000001,-0.93163174,-0.9414384,-0.9610517,-1.0100849,-0.9512450000000001,-0.9904716,-0.9120184000000001,-0.9022118,-0.88259846,-0.8727918,-0.8531785,-0.8531785,-0.88259846,-0.9414384,-0.98066497,-1.0100849,-0.9610517,-0.9904716,-0.98066497,-1.0100849,-1.0198916,-1.0395049,-1.0787314,-1.0493115,-1.0100849,-0.9904716,-0.9512450000000001,-0.88259846,-0.88259846,-0.89240515,-0.9022118,-0.9904716,-0.9414384,-0.9610517,-0.9512450000000001,-0.92182505,-0.9512450000000001,-0.97085834,-0.92182505,-1.0100849,2
-1.0100849,-0.9610517,-0.9904716,-0.98066497,-1.0100849,-1.0198916,-1.0395049,-1.0787314,-1.0493115,-1.0100849,-0.9904716,-0.9512450000000001,-0.88259846,-0.88259846,-0.89240515,-0.9022118,-0.9904716,-0.9414384,-0.9610517,-0.9512450000000001,-0.92182505,-0.9512450000000001,-0.97085834,-0.92182505,-1.0100849,-0.9904716,-1.0395049,-1.0100849,-1.0198916,-1.0002782,-1.0198916,-1.0100849,-1.0100849,-1.0296983,-1.0395049,-1.0198916,-0.9904716,-0.98066497,-1.0100849,-1.0002782,-1.0002782,-1.0002782,-0.9414384,-0.93163174,-0.8629851999999999,-0.8041453000000001,-0.7747253000000001,-0.84337187,-0.89240515,-0.89240515,2
-0.9904716,-1.0395049,-1.0100849,-1.0198916,-1.0002782,-1.0198916,-1.0100849,-1.0100849,-1.0296983,-1.0395049,-1.0198916,-0.9904716,-0.98066497,-1.0100849,-1.0002782,-1.0002782,-1.0002782,-0.9414384,-0.93163174,-0.8629851999999999,-0.8041453000000001,-0.7747253000000001,-0.84337187,-0.89240515,-0.89240515,-0.9120184000000001,-0.98066497,-0.9610517,-0.9610517,-0.98066497,-0.93163174,-0.89240515,-0.8531785,-0.8237585999999999,-0.8629851999999999,-0.8629851999999999,-0.9512450000000001,-0.9610517,-0.9904716,-0.98066497,-1.0002782,-0.92182505,-0.9022118,-0.93163174,-0.9120184000000001,-1.0198916,-0.9904716,-1.0689248,-1.0885382,-1.0689248,2
-0.9120184000000001,-0.98066497,-0.9610517,-0.9610517,-0.98066497,-0.93163174,-0.89240515,-0.8531785,-0.8237585999999999,-0.8629851999999999,-0.8629851999999999,-0.9512450000000001,-0.9610517,-0.9904716,-0.98066497,-1.0002782,-0.92182505,-0.9022118,-0.93163174,-0.9120184000000001,-1.0198916,-0.9904716,-1.0689248,-1.0885382,-1.0689248,-1.0591182,-1.0296983,-1.0198916,-0.97085834,-0.9512450000000001,-0.9414384,-1.0100849,-1.0002782,-1.0100849,-1.0296983,-1.0002782,-0.98066497,-0.89240515,-0.9120184000000001,-0.9120184000000001,-1.0395049,-1.0002782,-1.0493115,-1.0002782,-1.0296983,-0.98066497,-0.9610517,-0.9120184000000001,-0.84337187,-0.8041453000000001,2
-1.0591182,-1.0296983,-1.0198916,-0.97085834,-0.9512450000000001,-0.9414384,-1.0100849,-1.0002782,-1.0100849,-1.0296983,-1.0002782,-0.98066497,-0.89240515,-0.9120184000000001,-0.9120184000000001,-1.0395049,-1.0002782,-1.0493115,-1.0002782,-1.0296983,-0.98066497,-0.9610517,-0.9120184000000001,-0.84337187,-0.8041453000000001,-0.83356524,-0.8041453000000001,-0.83356524,-0.8237585999999999,-0.8531785,-0.89240515,-0.9022118,-0.92182505,-0.97085834,-0.9512450000000001,-1.0296983,-1.0002782,-0.9904716,-0.9610517,-0.93163174,-0.9414384,-0.9414384,-0.92182505,-0.9414384,-0.97085834,-0.9610517,-0.9414384,-0.88259846,-0.9022118,-0.97085834,2
-0.83356524,-0.8041453000000001,-0.83356524,-0.8237585999999999,-0.8531785,-0.89240515,-0.9022118,-0.92182505,-0.97085834,-0.9512450000000001,-1.0296983,-1.0002782,-0.9904716,-0.9610517,-0.93163174,-0.9414384,-0.9414384,-0.92182505,-0.9414384,-0.97085834,-0.9610517,-0.9414384,-0.88259846,-0.9022118,-0.97085834,-0.9610517,-0.97085834,-0.9414384,-0.89240515,-0.8727918,-0.88259846,-0.9022118,-0.9414384,-0.9610517,-0.9610517,-1.0002782,-1.0002782,-1.0002782,-0.9904716,-1.0198916,-1.0493115,-1.0787314,-1.0591182,-1.0591182,-1.0395049,-0.9512450000000001,-0.9120184000000001,-0.97085834,-0.9904716,-1.0591182,2
-0.9610517,-0.97085834,-0.9414384,-0.89240515,-0.8727918,-0.88259846,-0.9022118,-0.9414384,-0.9610517,-0.9610517,-1.0002782,-1.0002782,-1.0002782,-0.9904716,-1.0198916,-1.0493115,-1.0787314,-1.0591182,-1.0591182,-1.0395049,-0.9512450000000001,-0.9120184000000001,-0.97085834,-0.9904716,-1.0591182,-1.0983448,-1.0787314,-1.0395049,-1.0002782,-0.98066497,-0.9022118,-0.9120184000000001,-0.93163174,-0.9414384,-0.88259846,-0.84337187,-0.8237585999999999,-0.78453195,-0.7747253000000001,-0.78453195,-0.8237585999999999,-0.89240515,-0.89240515,-0.93163174,-0.9414384,-0.9120184000000001,-0.9414384,-0.9904716,-0.9512450000000001,-0.9414384,2
-1.0983448,-1.0787314,-1.0395049,-1.0002782,-0.98066497,-0.9022118,-0.9120184000000001,-0.93163174,-0.9414384,-0.88259846,-0.84337187,-0.8237585999999999,-0.78453195,-0.7747253000000001,-0.78453195,-0.8237585999999999,-0.89240515,-0.89240515,-0.93163174,-0.9414384,-0.9120184000000001,-0.9414384,-0.9904716,-0.9512450000000001,-0.9414384,-0.9120184000000001,-0.9120184000000001,-0.9610517,-1.0198916,-0.9610517,-0.97085834,-0.98066497,-0.92182505,-0.92182505,-0.9022118,-0.88259846,-0.9022118,-0.9414384,-0.97085834,-0.9414384,-0.9022118,-0.93163174,-0.9512450000000001,-1.0198916,-0.9904716,-1.0395049,-1.0395049,-1.0395049,-1.0100849,-0.9904716,2
-0.9120184000000001,-0.9120184000000001,-0.9610517,-1.0198916,-0.9610517,-0.97085834,-0.98066497,-0.92182505,-0.92182505,-0.9022118,-0.88259846,-0.9022118,-0.9414384,-0.97085834,-0.9414384,-0.9022118,-0.93163174,-0.9512450000000001,-1.0198916,-0.9904716,-1.0395049,-1.0395049,-1.0395049,-1.0100849,-0.9904716,-1.0198916,-0.93163174,-0.9512450000000001,-0.9512450000000001,-0.92182505,-0.93163174,-0.93163174,-0.9022118,-0.9414384,-0.9904716,-0.9610517,-1.0198916,-0.9414384,-1.0198916,-1.0100849,-1.0296983,-1.0395049,-1.0787314,-1.0100849,-1.0002782,-1.0395049,-1.0591182,-1.0395049,-1.0689248,-1.0198916,2
-1.0198916,-0.93163174,-0.9512450000000001,-0.9512450000000001,-0.92182505,-0.93163174,-0.93163174,-0.9022118,-0.9414384,-0.9904716,-0.9610517,-1.0198916,-0.9414384,-1.0198916,-1.0100849,-1.0296983,-1.0395049,-1.0787314,-1.0100849,-1.0002782,-1.0395049,-1.0591182,-1.0395049,-1.0689248,-1.0198916,-1.0395049,-1.0100849,-0.98066497,-0.9610517,-0.84337187,-0.8531785,-0.8629851999999999,-0.8531785,-0.83356524,-0.88259846,-0.92182505,-0.93163174,-0.9120184000000001,-0.9022118,-0.92182505,-0.92182505,-0.9022118,-0.9414384,-0.9120184000000001,-0.92182505,-0.9610517,-0.9904716,-0.89240515,-0.93163174,-0.9904716,2
-1.0395049,-1.0100849,-0.98066497,-0.9610517,-0.84337187,-0.8531785,-0.8629851999999999,-0.8531785,-0.83356524,-0.88259846,-0.92182505,-0.93163174,-0.9120184000000001,-0.9022118,-0.92182505,-0.92182505,-0.9022118,-0.9414384,-0.9120184000000001,-0.92182505,-0.9610517,-0.9904716,-0.89240515,-0.93163174,-0.9904716,-0.97085834,-0.92182505,-0.9610517,-0.9120184000000001,-0.9022118,-0.9022118,-0.93163174,-0.9120184000000001,-0.9610517,-0.9610517,-0.9414384,-0.98066497,-1.0198916,-1.0395049,-1.0002782,-0.9904716,-0.98066497,-1.0100849,-0.98066497,-0.98066497,-0.98066497,-0.9904716,-0.97085834,-0.9512450000000001,-0.92182505,2
-0.97085834,-0.92182505,-0.9610517,-0.9120184000000001,-0.9022118,-0.9022118,-0.93163174,-0.9120184000000001,-0.9610517,-0.9610517,-0.9414384,-0.98066497,-1.0198916,-1.0395049,-1.0002782,-0.9904716,-0.98066497,-1.0100849,-0.98066497,-0.98066497,-0.98066497,-0.9904716,-0.97085834,-0.9512450000000001,-0.92182505,-0.9610517,-0.93163174,-0.92182505,-0.9904716,-0.9610517,-0.98066497,-1.0100849,-1.0198916,-1.0198916,-1.0198916,-0.98066497,-1.0198916,-0.9610517,-0.98066497,-0.93163174,-0.9120184000000001,-0.88259846,-0.9120184000000001,-0.9022118,-0.8727918,-0.93163174,-0.9414384,-0.9512450000000001,-0.9610517,-0.9022118,2
-0.9610517,-0.93163174,-0.92182505,-0.9904716,-0.9610517,-0.98066497,-1.0100849,-1.0198916,-1.0198916,-1.0198916,-0.98066497,-1.0198916,-0.9610517,-0.98066497,-0.93163174,-0.9120184000000001,-0.88259846,-0.9120184000000001,-0.9022118,-0.8727918,-0.93163174,-0.9414384,-0.9512450000000001,-0.9610517,-0.9022118,-0.93163174,-0.97085834,-0.9414384,-0.9022118,-0.9022118,-0.92182505,-0.88259846,-0.9512450000000001,-0.93163174,-0.93163174,-0.92182505,-0.97085834,-0.9904716,-0.9610517,-0.9610517,-0.9120184000000001,-0.9120184000000001,-0.89240515,-0.8629851999999999,-0.88259846,-0.89240515,-0.8531785,-0.88259846,-0.89240515,-0.8629851999999999,2
-0.93163174,-0.97085834,-0.9414384,-0.9022118,-0.9022118,-0.92182505,-0.88259846,-0.9512450000000001,-0.93163174,-0.93163174,-0.92182505,-0.97085834,-0.9904716,-0.9610517,-0.9610517,-0.9120184000000001,-0.9120184000000001,-0.89240515,-0.8629851999999999,-0.88259846,-0.89240515,-0.8531785,-0.88259846,-0.89240515,-0.8629851999999999,-0.9120184000000001,-0.9414384,-1.0002782,-1.0296983,-0.97085834,-0.98066497,-0.9904716,-0.9610517,-1.0296983,-0.9904716,-1.0002782,-0.9512450000000001,-1.0100849,-0.9610517,-0.9512450000000001,-0.98066497,-1.0296983,-0.98066497,-1.0100849,-1.0493115,-1.0296983,-1.0395049,-1.0591182,-1.0493115,-1.0198916,2
-0.9120184000000001,-0.9414384,-1.0002782,-1.0296983,-0.97085834,-0.98066497,-0.9904716,-0.9610517,-1.0296983,-0.9904716,-1.0002782,-0.9512450000000001,-1.0100849,-0.9610517,-0.9512450000000001,-0.98066497,-1.0296983,-0.98066497,-1.0100849,-1.0493115,-1.0296983,-1.0395049,-1.0591182,-1.0493115,-1.0198916,-0.9904716,-0.9610517,-0.9512450000000001,-0.9022118,-0.9120184000000001,-0.93163174,-0.93163174,-0.9610517,-0.9414384,-0.9120184000000001,-0.92182505,-0.9022118,-0.92182505,-0.9022118,-0.9610517,-0.9512450000000001,-0.97085834,-0.9610517,-0.9120184000000001,-0.9414384,-0.92182505,-0.9414384,-0.9414384,-0.98066497,-0.9414384,2
-0.9904716,-0.9610517,-0.9512450000000001,-0.9022118,-0.9120184000000001,-0.93163174,-0.93163174,-0.9610517,-0.9414384,-0.9120184000000001,-0.92182505,-0.9022118,-0.92182505,-0.9022118,-0.9610517,-0.9512450000000001,-0.97085834,-0.9610517,-0.9120184000000001,-0.9414384,-0.92182505,-0.9414384,-0.9414384,-0.98066497,-0.9414384,-0.9120184000000001,-0.93163174,-0.9512450000000001,-0.9120184000000001,-0.9512450000000001,-0.9414384,-0.9904716,-0.93163174,-0.9904716,-0.9414384,-0.9904716,-1.0100849,-0.98066497,-1.0100849,-1.0100849,-1.0100849,-1.0395049,-1.0296983,-1.0002782,-0.9610517,-0.9512450000000001,-0.9120184000000001,-0.97085834,-0.9610517,-0.9512450000000001,2
-0.9120184000000001,-0.93163174,-0.9512450000000001,-0.9120184000000001,-0.9512450000000001,-0.9414384,-0.9904716,-0.93163174,-0.9904716,-0.9414384,-0.9904716,-1.0100849,-0.98066497,-1.0100849,-1.0100849,-1.0100849,-1.0395049,-1.0296983,-1.0002782,-0.9610517,-0.9512450000000001,-0.9120184000000001,-0.97085834,-0.9610517,-0.9512450000000001,-0.9120184000000001,-0.9610517,-0.97085834,-0.9610517,-1.0198916,-0.9904716,-1.0100849,-0.98066497,-1.0296983,-0.9904716,-1.0002782,-0.93163174,-0.9610517,-0.98066497,-0.98066497,-0.93163174,-0.9610517,-0.92182505,-0.9120184000000001,-0.9022118,-0.9120184000000001,-0.92182505,-0.9120184000000001,-0.93163174,-0.9904716,2
-0.9120184000000001,-0.9610517,-0.97085834,-0.9610517,-1.0198916,-0.9904716,-1.0100849,-0.98066497,-1.0296983,-0.9904716,-1.0002782,-0.93163174,-0.9610517,-0.98066497,-0.98066497,-0.93163174,-0.9610517,-0.92182505,-0.9120184000000001,-0.9022118,-0.9120184000000001,-0.92182505,-0.9120184000000001,-0.93163174,-0.9904716,-0.9512450000000001,-0.9610517,-0.9610517,-0.9512450000000001,-0.9512450000000001,-0.93163174,-0.89240515,-0.97085834,-0.9904716,-0.9610517,-0.98066497,-0.98066497,-0.97085834,-0.9610517,-0.97085834,-0.9610517,-0.93163174,-0.9120184000000001,-0.98066497,-0.9610517,-1.0002782,-1.0296983,-1.0198916,-1.0296983,-0.98066497,2
-0.9512450000000001,-0.9610517,-0.9610517,-0.9512450000000001,-0.9512450000000001,-0.93163174,-0.89240515,-0.97085834,-0.9904716,-0.9610517,-0.98066497,-0.98066497,-0.97085834,-0.9610517,-0.97085834,-0.9610517,-0.93163174,-0.9120184000000001,-0.98066497,-0.9610517,-1.0002782,-1.0296983,-1.0198916,-1.0296983,-0.98066497,-0.98066497,-0.93163174,-0.93163174,-0.9904716,-0.92182505,-1.0100849,-1.0198916,-0.98066497,-0.98066497,-1.0100849,-1.0198916,-1.0002782,-1.0100849,-1.0198916,-0.98066497,-0.97085834,-0.98066497,-0.98066497,-0.9414384,-1.0198916,-1.0002782,-0.92182505,-0.9512450000000001,-0.9120184000000001,-0.9904716,2
-0.98066497,-0.93163174,-0.93163174,-0.9904716,-0.92182505,-1.0100849,-1.0198916,-0.98066497,-0.98066497,-1.0100849,-1.0198916,-1.0002782,-1.0100849,-1.0198916,-0.98066497,-0.97085834,-0.98066497,-0.98066497,-0.9414384,-1.0198916,-1.0002782,-0.92182505,-0.9512450000000001,-0.9120184000000001,-0.9904716,-1.0002782,-0.98066497,-0.97085834,-0.9610517,-0.9610517,-0.92182505,-0.9610517,-0.9610517,-0.9904716,-0.97085834,-0.93163174,-0.93163174,-0.9022118,-0.92182505,-0.92182505,-0.92182505,-0.9610517,-0.9512450000000001,-0.9610517,-0.9414384,-0.89240515,-0.8727918,-0.8727918,-0.9512450000000001,-0.97085834,2
-1.0002782,-0.98066497,-0.97085834,-0.9610517,-0.9610517,-0.92182505,-0.9610517,-0.9610517,-0.9904716,-0.97085834,-0.93163174,-0.93163174,-0.9022118,-0.92182505,-0.92182505,-0.92182505,-0.9610517,-0.9512450000000001,-0.9610517,-0.9414384,-0.89240515,-0.8727918,-0.8727918,-0.9512450000000001,-0.97085834,-0.9610517,-0.9610517,-0.97085834,-1.0002782,-0.9610517,-0.92182505,-0.92182505,-0.97085834,-0.98066497,-0.9414384,-0.9414384,-0.9512450000000001,-0.9904716,-0.98066497,-0.9904716,-0.9610517,-1.0198916,-0.97085834,-1.0591182,-1.0689248,-0.98066497,-0.9610517,-0.92182505,-0.9120184000000001,-0.89240515,2
-0.9610517,-0.9610517,-0.97085834,-1.0002782,-0.9610517,-0.92182505,-0.92182505,-0.97085834,-0.98066497,-0.9414384,-0.9414384,-0.9512450000000001,-0.9904716,-0.98066497,-0.9904716,-0.9610517,-1.0198916,-0.97085834,-1.0591182,-1.0689248,-0.98066497,-0.9610517,-0.92182505,-0.9120184000000001,-0.89240515,-0.8629851999999999,-0.89240515,-0.92182505,-0.97085834,-0.98066497,-0.9904716,-1.0100849,-0.9120184000000001,-1.0002782,-0.93163174,-0.9610517,-0.9610517,-0.98066497,-0.98066497,-0.9904716,-0.9512450000000001,-0.9512450000000001,-0.97085834,-0.9610517,-0.9610517,-0.97085834,-1.0002782,-1.0100849,-1.0100849,-1.0395049,2
-0.8629851999999999,-0.89240515,-0.92182505,-0.97085834,-0.98066497,-0.9904716,-1.0100849,-0.9120184000000001,-1.0002782,-0.93163174,-0.9610517,-0.9610517,-0.98066497,-0.98066497,-0.9904716,-0.9512450000000001,-0.9512450000000001,-0.97085834,-0.9610517,-0.9610517,-0.97085834,-1.0002782,-1.0100849,-1.0100849,-1.0395049,-1.0100849,-1.0296983,-1.0395049,-0.9904716,-0.97085834,-0.9904716,-0.98066497,-0.9904716,-0.9610517,-0.9610517,-0.9512450000000001,-0.9022118,-0.92182505,-0.88259846,-0.8727918,-0.9022118,-0.9610517,-0.9512450000000001,-0.9512450000000001,-1.0002782,-0.92182505,-0.92182505,-0.9610517,-0.93163174,-0.97085834,2
-1.0100849,-1.0296983,-1.0395049,-0.9904716,-0.97085834,-0.9904716,-0.98066497,-0.9904716,-0.9610517,-0.9610517,-0.9512450000000001,-0.9022118,-0.92182505,-0.88259846,-0.8727918,-0.9022118,-0.9610517,-0.9512450000000001,-0.9512450000000001,-1.0002782,-0.92182505,-0.92182505,-0.9610517,-0.93163174,-0.97085834,-1.0395049,-1.0100849,-0.98066497,-0.9414384,-0.92182505,-0.92182505,-0.9022118,-0.9610517,-1.0100849,-1.0198916,-1.0395049,-1.0296983,-1.0591182,-1.0689248,-1.0100849,-1.0198916,-1.0002782,-1.0198916,-0.9120184000000001,-0.92182505,-0.92182505,-0.9610517,-0.9904716,-0.9904716,-0.9904716,2
-1.0395049,-1.0100849,-0.98066497,-0.9414384,-0.92182505,-0.92182505,-0.9022118,-0.9610517,-1.0100849,-1.0198916,-1.0395049,-1.0296983,-1.0591182,-1.0689248,-1.0100849,-1.0198916,-1.0002782,-1.0198916,-0.9120184000000001,-0.92182505,-0.92182505,-0.9610517,-0.9904716,-0.9904716,-0.9904716,-0.9610517,-0.93163174,-0.9512450000000001,-0.9610517,-0.92182505,-0.98066497,-1.0002782,-0.9610517,-0.9414384,-0.9022118,-0.92182505,-0.9610517,-0.9610517,-0.9610517,-0.9904716,-0.93163174,-0.98066497,-0.98066497,-0.9414384,-0.93163174,-0.9512450000000001,-0.9512450000000001,-0.9904716,-1.0296983,-0.97085834,2
-0.9610517,-0.93163174,-0.9512450000000001,-0.9610517,-0.92182505,-0.98066497,-1.0002782,-0.9610517,-0.9414384,-0.9022118,-0.92182505,-0.9610517,-0.9610517,-0.9610517,-0.9904716,-0.93163174,-0.98066497,-0.98066497,-0.9414384,-0.93163174,-0.9512450000000001,-0.9512450000000001,-0.9904716,-1.0296983,-0.97085834,-0.9512450000000001,-0.93163174,-0.9610517,-0.9904716,-1.0002782,-0.9904716,-1.0198916,-1.0002782,-1.0395049,-1.0002782,-0.9512450000000001,-0.93163174,-0.92182505,-0.9512450000000001,-0.93163174,-0.9610517,-0.9512450000000001,-0.9512450000000001,-0.9512450000000001,-0.9512450000000001,-0.9414384,-0.93163174,-0.92182505,-0.9022118,-0.88259846,2
-0.9512450000000001,-0.93163174,-0.9610517,-0.9904716,-1.0002782,-0.9904716,-1.0198916,-1.0002782,-1.0395049,-1.0002782,-0.9512450000000001,-0.93163174,-0.92182505,-0.9512450000000001,-0.93163174,-0.9610517,-0.9512450000000001,-0.9512450000000001,-0.9512450000000001,-0.9512450000000001,-0.9414384,-0.93163174,-0.92182505,-0.9022118,-0.88259846,-1.0395049,-1.147378,-1.0395049,-1.0296983,-1.0100849,-0.9610517,-0.9022118,-0.88259846,-0.84337187,-0.84337187,-0.9414384,-1.0395049,-1.0395049,-1.0198916,-1.0198916,-0.98066497,-0.9512450000000001,-0.92182505,-0.9120184000000001,-0.9120184000000001,-0.97085834,-0.9512450000000001,-0.97085834,-0.9904716,-0.9610517,2
-1.0395049,-1.147378,-1.0395049,-1.0296983,-1.0100849,-0.9610517,-0.9022118,-0.88259846,-0.84337187,-0.84337187,-0.9414384,-1.0395049,-1.0395049,-1.0198916,-1.0198916,-0.98066497,-0.9512450000000001,-0.92182505,-0.9120184000000001,-0.9120184000000001,-0.97085834,-0.9512450000000001,-0.97085834,-0.9904716,-0.9610517,-1.0198916,-1.0395049,-1.0198916,-0.9904716,-1.0395049,-1.0296983,-1.0395049,-1.0002782,-1.0100849,-0.97085834,-0.9610517,-0.89240515,-0.9120184000000001,-0.9022118,-0.9414384,-0.9610517,-0.9610517,-0.9610517,-0.9904716,-0.9414384,-0.9904716,-0.9414384,-1.0395049,-1.0395049,-0.9904716,2
-1.0198916,-1.0395049,-1.0198916,-0.9904716,-1.0395049,-1.0296983,-1.0395049,-1.0002782,-1.0100849,-0.97085834,-0.9610517,-0.89240515,-0.9120184000000001,-0.9022118,-0.9414384,-0.9610517,-0.9610517,-0.9610517,-0.9904716,-0.9414384,-0.9904716,-0.9414384,-1.0395049,-1.0395049,-0.9904716,-0.97085834,-0.9904716,-0.9022118,-0.92182505,-0.8531785,-0.89240515,-0.9610517,-0.9904716,-1.0002782,-0.98066497,-0.9512450000000001,-0.9414384,-0.9414384,-0.9512450000000001,-0.9610517,-0.9610517,-0.98066497,-1.0100849,-1.0002782,-0.98066497,-1.0395049,-1.0198916,-1.0296983,-1.0395049,-1.0002782,2
-0.97085834,-0.9904716,-0.9022118,-0.92182505,-0.8531785,-0.89240515,-0.9610517,-0.9904716,-1.0002782,-0.98066497,-0.9512450000000001,-0.9414384,-0.9414384,-0.9512450000000001,-0.9610517,-0.9610517,-0.98066497,-1.0100849,-1.0002782,-0.98066497,-1.0395049,-1.0198916,-1.0296983,-1.0395049,-1.0002782,-0.9904716,-0.98066497,-0.98066497,-0.9120184000000001,-0.9512450000000001,-0.97085834,-0.9610517,-1.0002782,-0.97085834,-1.0100849,-1.0395049,-1.0100849,-1.0002782,-0.9904716,-0.98066497,-0.9610517,-0.97085834,-0.93163174,-0.92182505,-0.89240515,-0.9414384,-0.9512450000000001,-0.97085834,-0.97085834,-0.9610517,2
-0.9904716,-0.98066497,-0.98066497,-0.9120184000000001,-0.9512450000000001,-0.97085834,-0.9610517,-1.0002782,-0.97085834,-1.0100849,-1.0395049,-1.0100849,-1.0002782,-0.9904716,-0.98066497,-0.9610517,-0.97085834,-0.93163174,-0.92182505,-0.89240515,-0.9414384,-0.9512450000000001,-0.97085834,-0.97085834,-0.9610517,-0.9512450000000001,-0.93163174,-0.9610517,-0.9414384,-0.9512450000000001,-0.9512450000000001,-0.98066497,-0.9610517,-0.9610517,-1.0002782,-0.98066497,-0.97085834,-0.97085834,-0.9610517,-0.97085834,-0.97085834,-0.9610517,-0.97085834,-0.97085834,-0.9610517,-1.0002782,-0.98066497,-0.97085834,-1.0002782,-1.0100849,2
-0.9512450000000001,-0.93163174,-0.9610517,-0.9414384,-0.9512450000000001,-0.9512450000000001,-0.98066497,-0.9610517,-0.9610517,-1.0002782,-0.98066497,-0.97085834,-0.97085834,-0.9610517,-0.97085834,-0.97085834,-0.9610517,-0.97085834,-0.97085834,-0.9610517,-1.0002782,-0.98066497,-0.97085834,-1.0002782,-1.0100849,-0.98066497,-0.9904716,-0.9904716,-0.9904716,-0.9512450000000001,-1.0198916,-0.93163174,-1.0002782,-1.0100849,-0.98066497,-0.98066497,-1.0198916,-1.0100849,-1.0198916,-0.98066497,-0.97085834,-0.98066497,-0.97085834,-0.92182505,-0.98066497,-0.97085834,-0.9610517,-0.9610517,-0.9904716,-0.9512450000000001,2
-0.98066497,-0.9904716,-0.9904716,-0.9904716,-0.9512450000000001,-1.0198916,-0.93163174,-1.0002782,-1.0100849,-0.98066497,-0.98066497,-1.0198916,-1.0100849,-1.0198916,-0.98066497,-0.97085834,-0.98066497,-0.97085834,-0.92182505,-0.98066497,-0.97085834,-0.9610517,-0.9610517,-0.9904716,-0.9512450000000001,-1.0002782,-1.0002782,-1.0002782,-1.0100849,-0.9904716,-0.98066497,-1.0002782,-0.9512450000000001,-0.9512450000000001,-0.93163174,-0.9610517,-1.0100849,-0.9120184000000001,-0.97085834,-1.0198916,-0.98066497,-0.9610517,-1.0002782,-0.9512450000000001,-0.9414384,-1.0002782,-0.93163174,-0.9904716,-0.9904716,-0.9512450000000001,2
-1.0002782,-1.0002782,-1.0002782,-1.0100849,-0.9904716,-0.98066497,-1.0002782,-0.9512450000000001,-0.9512450000000001,-0.93163174,-0.9610517,-1.0100849,-0.9120184000000001,-0.97085834,-1.0198916,-0.98066497,-0.9610517,-1.0002782,-0.9512450000000001,-0.9414384,-1.0002782,-0.93163174,-0.9904716,-0.9904716,-0.9512450000000001,-0.9610517,-0.9414384,-0.9512450000000001,-0.9414384,-1.0100849,-0.9904716,-0.9512450000000001,-1.0002782,-0.98066497,-0.98066497,-0.9610517,-0.9414384,-0.9904716,-1.0002782,-0.97085834,-0.9904716,-0.97085834,-0.9512450000000001,-1.0100849,-0.98066497,-0.9904716,-0.97085834,-1.0100849,-0.9610517,-1.0100849,2
-0.9610517,-0.9414384,-0.9512450000000001,-0.9414384,-1.0100849,-0.9904716,-0.9512450000000001,-1.0002782,-0.98066497,-0.98066497,-0.9610517,-0.9414384,-0.9904716,-1.0002782,-0.97085834,-0.9904716,-0.97085834,-0.9512450000000001,-1.0100849,-0.98066497,-0.9904716,-0.97085834,-1.0100849,-0.9610517,-1.0100849,-0.9512450000000001,-0.97085834,-0.9904716,-0.9512450000000001,-0.9610517,-1.0100849,-1.0100849,-1.0296983,-1.0395049,-0.98066497,-1.0002782,-0.9512450000000001,-0.97085834,-0.9610517,-0.9414384,-0.98066497,-0.98066497,-0.98066497,-0.98066497,-1.0002782,-1.0002782,-0.97085834,-0.9610517,-0.97085834,-0.98066497,2
-0.9512450000000001,-0.97085834,-0.9904716,-0.9512450000000001,-0.9610517,-1.0100849,-1.0100849,-1.0296983,-1.0395049,-0.98066497,-1.0002782,-0.9512450000000001,-0.97085834,-0.9610517,-0.9414384,-0.98066497,-0.98066497,-0.98066497,-0.98066497,-1.0002782,-1.0002782,-0.97085834,-0.9610517,-0.97085834,-0.98066497,-0.9512450000000001,-0.92182505,-1.0002782,-0.9610517,-0.97085834,-0.98066497,-0.9610517,-0.9414384,-0.9414384,-0.97085834,-0.97085834,-0.9512450000000001,-0.98066497,-0.9610517,-0.9610517,-0.97085834,-1.0002782,-1.0198916,-0.97085834,-0.9610517,-0.97085834,-0.98066497,-0.97085834,-0.9414384,-0.98066497,2
-0.9512450000000001,-0.92182505,-1.0002782,-0.9610517,-0.97085834,-0.98066497,-0.9610517,-0.9414384,-0.9414384,-0.97085834,-0.97085834,-0.9512450000000001,-0.98066497,-0.9610517,-0.9610517,-0.97085834,-1.0002782,-1.0198916,-0.97085834,-0.9610517,-0.97085834,-0.98066497,-0.97085834,-0.9414384,-0.98066497,-1.0002782,-0.97085834,-0.97085834,-0.9904716,-1.0100849,-1.0100849,-0.9414384,-0.9904716,-0.9904716,-0.98066497,-0.9512450000000001,-0.98066497,-0.9414384,-0.97085834,-0.97085834,-0.97085834,-0.9512450000000001,-1.0002782,-0.9610517,-1.0100849,-0.98066497,-0.93163174,-0.92182505,-0.98066497,-0.97085834,2
-1.0002782,-0.97085834,-0.97085834,-0.9904716,-1.0100849,-1.0100849,-0.9414384,-0.9904716,-0.9904716,-0.98066497,-0.9512450000000001,-0.98066497,-0.9414384,-0.97085834,-0.97085834,-0.97085834,-0.9512450000000001,-1.0002782,-0.9610517,-1.0100849,-0.98066497,-0.93163174,-0.92182505,-0.98066497,-0.97085834,-0.9512450000000001,-0.9120184000000001,-0.9610517,-0.97085834,-0.9414384,-0.97085834,-1.0395049,-1.0395049,-1.0493115,-1.0100849,-1.0296983,-1.0296983,-1.0002782,-1.0395049,-1.0198916,-1.0493115,-0.9904716,-1.0296983,-0.9904716,-0.9610517,-0.98066497,-0.98066497,-0.97085834,-0.9414384,-0.97085834,2
-0.9512450000000001,-0.9120184000000001,-0.9610517,-0.97085834,-0.9414384,-0.97085834,-1.0395049,-1.0395049,-1.0493115,-1.0100849,-1.0296983,-1.0296983,-1.0002782,-1.0395049,-1.0198916,-1.0493115,-0.9904716,-1.0296983,-0.9904716,-0.9610517,-0.98066497,-0.98066497,-0.97085834,-0.9414384,-0.97085834,-0.9610517,-0.9904716,-0.9512450000000001,-0.9512450000000001,-0.93163174,-0.9414384,-0.9512450000000001,-0.9512450000000001,-0.9414384,-1.0002782,-0.9610517,-0.9414384,-0.9610517,-0.98066497,-0.9512450000000001,-0.9512450000000001,-0.9512450000000001,-1.0002782,-1.0002782,-0.9904716,-0.9904716,-0.97085834,-0.97085834,-0.97085834,-1.0002782,2
-0.9610517,-0.9904716,-0.9512450000000001,-0.9512450000000001,-0.93163174,-0.9414384,-0.9512450000000001,-0.9512450000000001,-0.9414384,-1.0002782,-0.9610517,-0.9414384,-0.9610517,-0.98066497,-0.9512450000000001,-0.9512450000000001,-0.9512450000000001,-1.0002782,-1.0002782,-0.9904716,-0.9904716,-0.97085834,-0.97085834,-0.97085834,-1.0002782,-1.0100849,-0.97085834,-0.97085834,-0.9904716,-1.0002782,-0.98066497,-1.0395049,-1.0002782,-1.0395049,-0.98066497,-0.92182505,-0.9610517,-0.93163174,-0.97085834,-0.9414384,-0.93163174,-0.9610517,-1.0198916,-1.0100849,-0.9610517,-0.9904716,-0.9414384,-0.9610517,-0.9512450000000001,-0.98066497,2
-1.0100849,-0.97085834,-0.97085834,-0.9904716,-1.0002782,-0.98066497,-1.0395049,-1.0002782,-1.0395049,-0.98066497,-0.92182505,-0.9610517,-0.93163174,-0.97085834,-0.9414384,-0.93163174,-0.9610517,-1.0198916,-1.0100849,-0.9610517,-0.9904716,-0.9414384,-0.9610517,-0.9512450000000001,-0.98066497,-0.9512450000000001,-0.98066497,-0.9904716,-0.9512450000000001,-0.97085834,-0.93163174,-1.0100849,-1.0002782,-0.97085834,-0.98066497,-1.0296983,-0.98066497,-0.98066497,-1.0002782,-1.0395049,-1.0002782,-0.9512450000000001,-0.98066497,-0.9512450000000001,-0.9610517,-0.98066497,-0.9904716,-0.98066497,-1.0198916,-1.0198916,2
-0.9512450000000001,-0.98066497,-0.9904716,-0.9512450000000001,-0.97085834,-0.93163174,-1.0100849,-1.0002782,-0.97085834,-0.98066497,-1.0296983,-0.98066497,-0.98066497,-1.0002782,-1.0395049,-1.0002782,-0.9512450000000001,-0.98066497,-0.9512450000000001,-0.9610517,-0.98066497,-0.9904716,-0.98066497,-1.0198916,-1.0198916,-0.9904716,-0.93163174,-0.9414384,-0.93163174,-0.8629851999999999,-0.9120184000000001,-0.93163174,-0.93163174,-0.9414384,-1.0002782,-1.0198916,-0.97085834,-0.98066497,-1.0002782,-0.93163174,-0.9414384,-0.97085834,-0.97085834,-0.98066497,-0.9610517,-0.9414384,-0.9904716,-0.97085834,-0.93163174,-1.0198916,2
-0.9904716,-0.93163174,-0.9414384,-0.93163174,-0.8629851999999999,-0.9120184000000001,-0.93163174,-0.93163174,-0.9414384,-1.0002782,-1.0198916,-0.97085834,-0.98066497,-1.0002782,-0.93163174,-0.9414384,-0.97085834,-0.97085834,-0.98066497,-0.9610517,-0.9414384,-0.9904716,-0.97085834,-0.93163174,-1.0198916,-1.0296983,-0.9512450000000001,-1.0002782,-0.9904716,-1.0100849,-1.0296983,-0.97085834,-1.0100849,-1.0395049,-0.9904716,-0.97085834,-0.97085834,-0.93163174,-0.9512450000000001,-0.9512450000000001,-0.92182505,-0.9512450000000001,-0.9904716,-0.98066497,-1.0002782,-1.0002782,-0.9904716,-1.0100849,-1.0002782,-0.9610517,2
-1.0296983,-0.9512450000000001,-1.0002782,-0.9904716,-1.0100849,-1.0296983,-0.97085834,-1.0100849,-1.0395049,-0.9904716,-0.97085834,-0.97085834,-0.93163174,-0.9512450000000001,-0.9512450000000001,-0.92182505,-0.9512450000000001,-0.9904716,-0.98066497,-1.0002782,-1.0002782,-0.9904716,-1.0100849,-1.0002782,-0.9610517,-1.0100849,-1.0198916,-1.0002782,-0.9610517,-0.9610517,-1.0100849,-1.0198916,-1.0395049,-0.9610517,-0.97085834,-0.98066497,-0.97085834,-0.98066497,-0.9904716,-0.98066497,-0.9904716,-0.9414384,-0.97085834,-0.98066497,-0.9904716,-1.0100849,-1.0002782,-1.0198916,-0.98066497,-0.9512450000000001,2
-1.0100849,-1.0198916,-1.0002782,-0.9610517,-0.9610517,-1.0100849,-1.0198916,-1.0395049,-0.9610517,-0.97085834,-0.98066497,-0.97085834,-0.98066497,-0.9904716,-0.98066497,-0.9904716,-0.9414384,-0.97085834,-0.98066497,-0.9904716,-1.0100849,-1.0002782,-1.0198916,-0.98066497,-0.9512450000000001,-0.92182505,-0.93163174,-0.9414384,-0.9414384,-0.9414384,-0.9414384,-0.97085834,-0.9120184000000001,-0.92182505,-0.9414384,-0.9904716,-0.9904716,-1.0395049,-0.98066497,-0.9904716,-0.9610517,-0.9414384,-0.9610517,-0.9512450000000001,-1.0002782,-0.9904716,-0.97085834,-0.9512450000000001,-0.9610517,-1.0002782,2
-0.92182505,-0.93163174,-0.9414384,-0.9414384,-0.9414384,-0.9414384,-0.97085834,-0.9120184000000001,-0.92182505,-0.9414384,-0.9904716,-0.9904716,-1.0395049,-0.98066497,-0.9904716,-0.9610517,-0.9414384,-0.9610517,-0.9512450000000001,-1.0002782,-0.9904716,-0.97085834,-0.9512450000000001,-0.9610517,-1.0002782,-0.97085834,-0.9512450000000001,-0.98066497,-1.0100849,-1.0002782,-1.0100849,-1.0100849,-0.98066497,-0.97085834,-1.0002782,-0.97085834,-0.98066497,-0.9512450000000001,-0.97085834,-0.9610517,-0.97085834,-0.97085834,-0.97085834,-0.9414384,-0.9610517,-0.9414384,-0.9610517,-0.9414384,-0.9610517,-0.97085834,2
-0.97085834,-0.9512450000000001,-0.98066497,-1.0100849,-1.0002782,-1.0100849,-1.0100849,-0.98066497,-0.97085834,-1.0002782,-0.97085834,-0.98066497,-0.9512450000000001,-0.97085834,-0.9610517,-0.97085834,-0.97085834,-0.97085834,-0.9414384,-0.9610517,-0.9414384,-0.9610517,-0.9414384,-0.9610517,-0.97085834,-0.9610517,-1.0100849,-0.9904716,-1.0100849,-1.0198916,-0.97085834,-0.9904716,-0.98066497,-0.98066497,-1.0100849,-0.9904716,-0.9512450000000001,-0.97085834,-1.0296983,-0.9610517,-1.0100849,-1.0100849,-1.0296983,-0.9610517,-0.9904716,-1.0002782,-0.9414384,-0.9904716,-0.98066497,-0.98066497,2
-0.9610517,-1.0100849,-0.9904716,-1.0100849,-1.0198916,-0.97085834,-0.9904716,-0.98066497,-0.98066497,-1.0100849,-0.9904716,-0.9512450000000001,-0.97085834,-1.0296983,-0.9610517,-1.0100849,-1.0100849,-1.0296983,-0.9610517,-0.9904716,-1.0002782,-0.9414384,-0.9904716,-0.98066497,-0.98066497,-1.0002782,-0.98066497,-1.0002782,-0.92182505,-0.9512450000000001,-0.93163174,-0.9120184000000001,-0.9610517,-1.0100849,-0.93163174,-0.9120184000000001,-0.97085834,-0.97085834,-0.98066497,-1.0198916,-1.0100849,-1.0198916,-1.0296983,-1.0002782,-1.0198916,-0.98066497,-0.9120184000000001,-0.98066497,-0.9414384,-0.9414384,2
-1.0002782,-0.98066497,-1.0002782,-0.92182505,-0.9512450000000001,-0.93163174,-0.9120184000000001,-0.9610517,-1.0100849,-0.93163174,-0.9120184000000001,-0.97085834,-0.97085834,-0.98066497,-1.0198916,-1.0100849,-1.0198916,-1.0296983,-1.0002782,-1.0198916,-0.98066497,-0.9120184000000001,-0.98066497,-0.9414384,-0.9414384,-1.0100849,-0.9904716,-0.9904716,-1.0100849,-0.9904716,-0.9904716,-0.97085834,-1.0002782,-1.0100849,-1.0002782,-0.9904716,-1.0100849,-0.97085834,-0.9610517,-0.9414384,-0.9904716,-0.9414384,-0.98066497,-0.98066497,-0.97085834,-0.93163174,-0.9120184000000001,-0.89240515,-0.9120184000000001,-0.97085834,2
-1.0100849,-0.9904716,-0.9904716,-1.0100849,-0.9904716,-0.9904716,-0.97085834,-1.0002782,-1.0100849,-1.0002782,-0.9904716,-1.0100849,-0.97085834,-0.9610517,-0.9414384,-0.9904716,-0.9414384,-0.98066497,-0.98066497,-0.97085834,-0.93163174,-0.9120184000000001,-0.89240515,-0.9120184000000001,-0.97085834,-0.98066497,-0.9512450000000001,-0.9512450000000001,-1.0296983,-0.97085834,-0.9512450000000001,-0.9414384,-0.97085834,-0.93163174,-0.98066497,-0.9610517,-0.9904716,-0.97085834,-1.0100849,-0.9610517,-0.9414384,-0.9414384,-0.9022118,-0.9610517,-0.9610517,-1.0002782,-1.0002782,-0.98066497,-0.9904716,-0.9904716,2
-0.98066497,-0.9512450000000001,-0.9512450000000001,-1.0296983,-0.97085834,-0.9512450000000001,-0.9414384,-0.97085834,-0.93163174,-0.98066497,-0.9610517,-0.9904716,-0.97085834,-1.0100849,-0.9610517,-0.9414384,-0.9414384,-0.9022118,-0.9610517,-0.9610517,-1.0002782,-1.0002782,-0.98066497,-0.9904716,-0.9904716,-1.0395049,-0.9414384,-1.0100849,-0.9904716,-0.98066497,-0.9610517,-0.9512450000000001,-0.9610517,-0.93163174,-0.9904716,-0.9904716,-0.98066497,-0.98066497,-1.0002782,-0.9904716,-0.97085834,-0.97085834,-0.92182505,-0.9610517,-1.0100849,-1.0002782,-1.0395049,-1.0198916,-0.9904716,-0.9512450000000001,2
-1.0395049,-0.9414384,-1.0100849,-0.9904716,-0.98066497,-0.9610517,-0.9512450000000001,-0.9610517,-0.93163174,-0.9904716,-0.9904716,-0.98066497,-0.98066497,-1.0002782,-0.9904716,-0.97085834,-0.97085834,-0.92182505,-0.9610517,-1.0100849,-1.0002782,-1.0395049,-1.0198916,-0.9904716,-0.9512450000000001,-0.9904716,-0.98066497,-0.97085834,-0.9904716,-0.98066497,-0.9414384,-0.9904716,-0.97085834,-0.98066497,-0.9904716,-1.0002782,-0.9904716,-1.0100849,-0.9610517,-0.9414384,-0.9512450000000001,-1.0002782,-0.97085834,-1.0002782,-1.0395049,-1.0002782,-0.97085834,-0.92182505,-0.9414384,-0.9414384,2
-0.9904716,-0.98066497,-0.97085834,-0.9904716,-0.98066497,-0.9414384,-0.9904716,-0.97085834,-0.98066497,-0.9904716,-1.0002782,-0.9904716,-1.0100849,-0.9610517,-0.9414384,-0.9512450000000001,-1.0002782,-0.97085834,-1.0002782,-1.0395049,-1.0002782,-0.97085834,-0.92182505,-0.9414384,-0.9414384,-0.97085834,-0.97085834,-0.97085834,-0.97085834,-1.0296983,-1.0002782,-1.0002782,-0.97085834,-0.9414384,-0.9512450000000001,-1.0002782,-0.9512450000000001,-0.97085834,-0.9512450000000001,-0.9904716,-0.93163174,-0.97085834,-0.9414384,-1.0100849,-0.9904716,-1.0198916,-1.0002782,-1.0198916,-0.98066497,-0.9512450000000001,2
-0.97085834,-0.97085834,-0.97085834,-0.97085834,-1.0296983,-1.0002782,-1.0002782,-0.97085834,-0.9414384,-0.9512450000000001,-1.0002782,-0.9512450000000001,-0.97085834,-0.9512450000000001,-0.9904716,-0.93163174,-0.97085834,-0.9414384,-1.0100849,-0.9904716,-1.0198916,-1.0002782,-1.0198916,-0.98066497,-0.9512450000000001,-0.93163174,-0.9610517,-0.97085834,-0.9904716,-1.0296983,-0.98066497,-1.0002782,-1.0100849,-0.93163174,-0.9414384,-0.9512450000000001,-0.9904716,-0.98066497,-1.0002782,-1.0198916,-1.0296983,-1.0100849,-1.0296983,-1.0002782,-1.0100849,-1.0296983,-1.0198916,-0.9904716,-0.9610517,-0.92182505,2
-0.93163174,-0.9610517,-0.97085834,-0.9904716,-1.0296983,-0.98066497,-1.0002782,-1.0100849,-0.93163174,-0.9414384,-0.9512450000000001,-0.9904716,-0.98066497,-1.0002782,-1.0198916,-1.0296983,-1.0100849,-1.0296983,-1.0002782,-1.0100849,-1.0296983,-1.0198916,-0.9904716,-0.9610517,-0.92182505,-0.92182505,-0.9414384,-0.98066497,-0.9610517,-0.93163174,-0.9610517,-0.9512450000000001,-0.92182505,-0.9512450000000001,-1.0002782,-0.9414384,-0.9904716,-0.9904716,-0.9512450000000001,-1.0198916,-0.9610517,-0.9904716,-0.97085834,-0.93163174,-0.9512450000000001,-0.97085834,-0.97085834,-0.97085834,-0.9610517,-0.98066497,2
-0.92182505,-0.9414384,-0.98066497,-0.9610517,-0.93163174,-0.9610517,-0.9512450000000001,-0.92182505,-0.9512450000000001,-1.0002782,-0.9414384,-0.9904716,-0.9904716,-0.9512450000000001,-1.0198916,-0.9610517,-0.9904716,-0.97085834,-0.93163174,-0.9512450000000001,-0.97085834,-0.97085834,-0.97085834,-0.9610517,-0.98066497,-0.9904716,-1.0296983,-1.0002782,-1.0002782,-0.98066497,-1.0198916,-1.0002782,-0.9512450000000001,-0.98066497,-0.97085834,-0.9512450000000001,-1.0002782,-0.98066497,-1.0395049,-0.9904716,-0.9512450000000001,-0.89240515,-0.88259846,-0.92182505,-0.9512450000000001,-0.97085834,-0.98066497,-0.98066497,-0.97085834,-0.98066497,2
-0.9904716,-1.0296983,-1.0002782,-1.0002782,-0.98066497,-1.0198916,-1.0002782,-0.9512450000000001,-0.98066497,-0.97085834,-0.9512450000000001,-1.0002782,-0.98066497,-1.0395049,-0.9904716,-0.9512450000000001,-0.89240515,-0.88259846,-0.92182505,-0.9512450000000001,-0.97085834,-0.98066497,-0.98066497,-0.97085834,-0.98066497,-0.97085834,-0.98066497,-0.9512450000000001,-0.93163174,-0.97085834,-0.98066497,-0.97085834,-1.0100849,-1.0395049,-0.97085834,-0.9414384,-0.9610517,-0.97085834,-0.9904716,-0.98066497,-0.9904716,-1.0198916,-1.0395049,-1.0002782,-0.98066497,-1.0002782,-0.9414384,-0.9414384,-0.89240515,-0.9414384,2
-0.97085834,-0.98066497,-0.9512450000000001,-0.93163174,-0.97085834,-0.98066497,-0.97085834,-1.0100849,-1.0395049,-0.97085834,-0.9414384,-0.9610517,-0.97085834,-0.9904716,-0.98066497,-0.9904716,-1.0198916,-1.0395049,-1.0002782,-0.98066497,-1.0002782,-0.9414384,-0.9414384,-0.89240515,-0.9414384,-0.98066497,-0.9120184000000001,-0.9120184000000001,-0.9610517,-0.98066497,-0.9904716,-0.97085834,-0.97085834,-0.92182505,-0.97085834,-0.98066497,-0.9904716,-0.97085834,-0.98066497,-1.0002782,-0.9610517,-0.97085834,-0.9610517,-0.92182505,-0.98066497,-0.92182505,-0.9512450000000001,-0.98066497,-1.0002782,-1.0100849,2
-0.98066497,-0.9120184000000001,-0.9120184000000001,-0.9610517,-0.98066497,-0.9904716,-0.97085834,-0.97085834,-0.92182505,-0.97085834,-0.98066497,-0.9904716,-0.97085834,-0.98066497,-1.0002782,-0.9610517,-0.97085834,-0.9610517,-0.92182505,-0.98066497,-0.92182505,-0.9512450000000001,-0.98066497,-1.0002782,-1.0100849,-1.0198916,-1.0395049,-1.0395049,-1.0100849,-0.97085834,-1.0002782,-1.0002782,-0.9414384,-0.9610517,-0.92182505,-0.9022118,-0.9022118,-0.92182505,-0.9610517,-0.9610517,-0.9414384,-0.9414384,-0.97085834,-0.9610517,-0.97085834,-0.9904716,-0.97085834,-0.97085834,-1.0100849,-0.9414384,2
-1.0198916,-1.0395049,-1.0395049,-1.0100849,-0.97085834,-1.0002782,-1.0002782,-0.9414384,-0.9610517,-0.92182505,-0.9022118,-0.9022118,-0.92182505,-0.9610517,-0.9610517,-0.9414384,-0.9414384,-0.97085834,-0.9610517,-0.97085834,-0.9904716,-0.97085834,-0.97085834,-1.0100849,-0.9414384,-1.0198916,-0.9512450000000001,-0.97085834,-1.0002782,-0.98066497,-0.9512450000000001,-0.9904716,-0.9904716,-0.98066497,-0.98066497,-0.98066497,-0.9904716,-0.9610517,-0.9120184000000001,-0.9512450000000001,-0.97085834,-0.98066497,-0.97085834,-0.9904716,-0.9904716,-0.97085834,-0.9414384,-0.93163174,-0.9414384,-0.97085834,2
-1.0198916,-0.9512450000000001,-0.97085834,-1.0002782,-0.98066497,-0.9512450000000001,-0.9904716,-0.9904716,-0.98066497,-0.98066497,-0.98066497,-0.9904716,-0.9610517,-0.9120184000000001,-0.9512450000000001,-0.97085834,-0.98066497,-0.97085834,-0.9904716,-0.9904716,-0.97085834,-0.9414384,-0.93163174,-0.9414384,-0.97085834,-0.97085834,-0.98066497,-0.9414384,-0.93163174,-1.0002782,-0.9904716,-0.9904716,-1.0296983,-1.0198916,-1.0395049,-0.98066497,-0.9120184000000001,-0.9414384,-0.93163174,-0.89240515,-0.93163174,-0.93163174,-0.9512450000000001,-0.97085834,-0.9904716,-0.97085834,-0.9610517,-0.9610517,-0.9610517,-0.97085834,2
-0.97085834,-0.98066497,-0.9414384,-0.93163174,-1.0002782,-0.9904716,-0.9904716,-1.0296983,-1.0198916,-1.0395049,-0.98066497,-0.9120184000000001,-0.9414384,-0.93163174,-0.89240515,-0.93163174,-0.93163174,-0.9512450000000001,-0.97085834,-0.9904716,-0.97085834,-0.9610517,-0.9610517,-0.9610517,-0.97085834,-1.0100849,-0.9610517,-0.97085834,-0.9610517,-0.9610517,-0.98066497,-0.9512450000000001,-1.0296983,-1.0002782,-0.98066497,-1.0100849,-0.97085834,-1.0198916,-0.97085834,-0.92182505,-0.9022118,-0.97085834,-0.97085834,-0.9414384,-0.9512450000000001,-0.93163174,-0.9610517,-0.9610517,-0.9414384,-0.9610517,2
-1.0100849,-0.9610517,-0.97085834,-0.9610517,-0.9610517,-0.98066497,-0.9512450000000001,-1.0296983,-1.0002782,-0.98066497,-1.0100849,-0.97085834,-1.0198916,-0.97085834,-0.92182505,-0.9022118,-0.97085834,-0.97085834,-0.9414384,-0.9512450000000001,-0.93163174,-0.9610517,-0.9610517,-0.9414384,-0.9610517,-0.9120184000000001,-0.9414384,-0.98066497,-1.0002782,-0.98066497,-0.98066497,-1.0100849,-0.9904716,-0.97085834,-0.97085834,-0.9610517,-0.98066497,-1.0198916,-1.0198916,-1.0100849,-1.0100849,-1.0100849,-1.0100849,-0.9904716,-0.9610517,-0.9414384,-0.9414384,-0.9414384,-0.9904716,-0.98066497,2
-0.9120184000000001,-0.9414384,-0.98066497,-1.0002782,-0.98066497,-0.98066497,-1.0100849,-0.9904716,-0.97085834,-0.97085834,-0.9610517,-0.98066497,-1.0198916,-1.0198916,-1.0100849,-1.0100849,-1.0100849,-1.0100849,-0.9904716,-0.9610517,-0.9414384,-0.9414384,-0.9414384,-0.9904716,-0.98066497,-1.0002782,-0.9610517,-0.9414384,-0.9512450000000001,-0.9512450000000001,-0.9414384,-0.9512450000000001,-0.9414384,-0.9512450000000001,-0.9120184000000001,-0.92182505,-0.9904716,-0.97085834,-0.98066497,-1.0198916,-0.9610517,-1.0002782,-0.9904716,-0.9904716,-0.97085834,-0.9414384,-0.9904716,-0.9610517,-0.97085834,-0.98066497,2
-1.0002782,-0.9610517,-0.9414384,-0.9512450000000001,-0.9512450000000001,-0.9414384,-0.9512450000000001,-0.9414384,-0.9512450000000001,-0.9120184000000001,-0.92182505,-0.9904716,-0.97085834,-0.98066497,-1.0198916,-0.9610517,-1.0002782,-0.9904716,-0.9904716,-0.97085834,-0.9414384,-0.9904716,-0.9610517,-0.97085834,-0.98066497,-1.0100849,-1.0002782,-0.9610517,-0.9512450000000001,-0.97085834,-0.9414384,-0.9610517,-0.9022118,-0.9414384,-0.9904716,-0.98066497,-0.98066497,-0.98066497,-0.9414384,-1.0002782,-0.97085834,-0.92182505,-0.97085834,-0.9512450000000001,-0.9512450000000001,-0.9414384,-0.97085834,-0.9610517,-0.9904716,-0.98066497,2
-1.0100849,-1.0002782,-0.9610517,-0.9512450000000001,-0.97085834,-0.9414384,-0.9610517,-0.9022118,-0.9414384,-0.9904716,-0.98066497,-0.98066497,-0.98066497,-0.9414384,-1.0002782,-0.97085834,-0.92182505,-0.97085834,-0.9512450000000001,-0.9512450000000001,-0.9414384,-0.97085834,-0.9610517,-0.9904716,-0.98066497,-0.9610517,-0.98066497,-0.9904716,-1.0100849,-1.0100849,-1.0198916,-1.0198916,-0.97085834,-1.0296983,-1.0002782,-0.98066497,-0.9904716,-1.0002782,-0.9610517,-0.97085834,-1.0002782,-0.9610517,-0.97085834,-0.92182505,-0.9414384,-0.97085834,-0.98066497,-0.9414384,-0.9512450000000001,-0.9022118,2
-0.9610517,-0.98066497,-0.9904716,-1.0100849,-1.0100849,-1.0198916,-1.0198916,-0.97085834,-1.0296983,-1.0002782,-0.98066497,-0.9904716,-1.0002782,-0.9610517,-0.97085834,-1.0002782,-0.9610517,-0.97085834,-0.92182505,-0.9414384,-0.97085834,-0.98066497,-0.9414384,-0.9512450000000001,-0.9022118,-0.9512450000000001,-0.9414384,-0.9022118,-0.9414384,-0.89240515,-0.9120184000000001,-0.93163174,-0.9120184000000001,-0.92182505,-0.9610517,-0.9904716,-0.9904716,-0.9904716,-0.9414384,-0.97085834,-0.93163174,-0.9512450000000001,-0.9904716,-0.97085834,-0.97085834,-1.0002782,-1.0296983,-1.0100849,-0.9904716,-1.0002782,2
-0.9512450000000001,-0.9414384,-0.9022118,-0.9414384,-0.89240515,-0.9120184000000001,-0.93163174,-0.9120184000000001,-0.92182505,-0.9610517,-0.9904716,-0.9904716,-0.9904716,-0.9414384,-0.97085834,-0.93163174,-0.9512450000000001,-0.9904716,-0.97085834,-0.97085834,-1.0002782,-1.0296983,-1.0100849,-0.9904716,-1.0002782,-0.9512450000000001,-0.97085834,-0.97085834,-0.98066497,-0.93163174,-0.97085834,-1.0002782,-1.0002782,-1.0100849,-1.0100849,-0.9610517,-0.93163174,-0.92182505,-0.9414384,-0.9120184000000001,-0.92182505,-0.9414384,-0.92182505,-0.9512450000000001,-0.9904716,-1.0296983,-1.0002782,-0.9904716,-1.0198916,-1.0198916,2
-0.9512450000000001,-0.97085834,-0.97085834,-0.98066497,-0.93163174,-0.97085834,-1.0002782,-1.0002782,-1.0100849,-1.0100849,-0.9610517,-0.93163174,-0.92182505,-0.9414384,-0.9120184000000001,-0.92182505,-0.9414384,-0.92182505,-0.9512450000000001,-0.9904716,-1.0296983,-1.0002782,-0.9904716,-1.0198916,-1.0198916,-1.0002782,-0.9904716,-0.9512450000000001,-0.9414384,-0.9610517,-0.9512450000000001,-0.9512450000000001,-0.98066497,-0.97085834,-0.97085834,-0.9120184000000001,-0.97085834,-0.97085834,-0.9512450000000001,-0.97085834,-0.97085834,-0.9610517,-0.97085834,-0.9120184000000001,-0.9512450000000001,-0.9610517,-0.97085834,-0.9512450000000001,-0.98066497,-0.93163174,2
-1.0002782,-0.9904716,-0.9512450000000001,-0.9414384,-0.9610517,-0.9512450000000001,-0.9512450000000001,-0.98066497,-0.97085834,-0.97085834,-0.9120184000000001,-0.97085834,-0.97085834,-0.9512450000000001,-0.97085834,-0.97085834,-0.9610517,-0.97085834,-0.9120184000000001,-0.9512450000000001,-0.9610517,-0.97085834,-0.9512450000000001,-0.98066497,-0.93163174,-0.97085834,-0.98066497,-0.9904716,-0.9610517,-1.0100849,-0.97085834,-0.98066497,-0.9120184000000001,-0.9512450000000001,-0.97085834,-0.9904716,-1.0002782,-1.0395049,-1.0395049,-0.9904716,-0.9904716,-1.0002782,-0.9904716,-0.9512450000000001,-0.98066497,-1.0100849,-0.9512450000000001,-0.9610517,-1.0100849,-1.0002782,2
-0.97085834,-0.98066497,-0.9904716,-0.9610517,-1.0100849,-0.97085834,-0.98066497,-0.9120184000000001,-0.9512450000000001,-0.97085834,-0.9904716,-1.0002782,-1.0395049,-1.0395049,-0.9904716,-0.9904716,-1.0002782,-0.9904716,-0.9512450000000001,-0.98066497,-1.0100849,-0.9512450000000001,-0.9610517,-1.0100849,-1.0002782,-1.0002782,-0.9414384,-0.8629851999999999,-0.8727918,-0.93163174,-0.9512450000000001,-0.9414384,-0.9610517,-0.93163174,-0.9512450000000001,-0.98066497,-1.0100849,-1.0100849,-0.9904716,-0.98066497,-1.0002782,-0.97085834,-0.92182505,-0.9512450000000001,-0.9022118,-0.98066497,-0.9414384,-0.98066497,-0.98066497,-0.98066497,2
-1.0002782,-0.9414384,-0.8629851999999999,-0.8727918,-0.93163174,-0.9512450000000001,-0.9414384,-0.9610517,-0.93163174,-0.9512450000000001,-0.98066497,-1.0100849,-1.0100849,-0.9904716,-0.98066497,-1.0002782,-0.97085834,-0.92182505,-0.9512450000000001,-0.9022118,-0.98066497,-0.9414384,-0.98066497,-0.98066497,-0.98066497,-0.97085834,-1.0100849,-1.0198916,-0.9904716,-1.0100849,-1.0002782,-0.9414384,-0.9512450000000001,-0.9904716,-0.98066497,-0.97085834,-0.9414384,-0.9414384,-0.9904716,-0.9610517,-0.97085834,-0.97085834,-0.93163174,-0.97085834,-0.9414384,-0.9414384,-0.92182505,-0.97085834,-0.97085834,-0.98066497,2
-0.97085834,-1.0100849,-1.0198916,-0.9904716,-1.0100849,-1.0002782,-0.9414384,-0.9512450000000001,-0.9904716,-0.98066497,-0.97085834,-0.9414384,-0.9414384,-0.9904716,-0.9610517,-0.97085834,-0.97085834,-0.93163174,-0.97085834,-0.9414384,-0.9414384,-0.92182505,-0.97085834,-0.97085834,-0.98066497,-1.0002782,-0.9610517,-0.9512450000000001,-0.98066497,-0.98066497,-0.97085834,-0.9414384,-0.9512450000000001,-0.9610517,-0.9904716,-0.9610517,-0.98066497,-0.9904716,-0.9904716,-1.0100849,-1.0296983,-0.9610517,-0.93163174,-0.9120184000000001,-0.9414384,-0.9512450000000001,-1.0002782,-1.0395049,-0.98066497,-0.9610517,2
-1.0002782,-0.9610517,-0.9512450000000001,-0.98066497,-0.98066497,-0.97085834,-0.9414384,-0.9512450000000001,-0.9610517,-0.9904716,-0.9610517,-0.98066497,-0.9904716,-0.9904716,-1.0100849,-1.0296983,-0.9610517,-0.93163174,-0.9120184000000001,-0.9414384,-0.9512450000000001,-1.0002782,-1.0395049,-0.98066497,-0.9610517,-0.93163174,-0.9512450000000001,-0.92182505,-0.9414384,-0.9610517,-0.93163174,-0.9904716,-0.97085834,-0.93163174,-0.9610517,-0.93163174,-1.0002782,-0.9904716,-0.97085834,-1.0100849,-0.9904716,-1.0002782,-0.97085834,-0.93163174,-1.0100849,-1.0296983,-0.9904716,-1.0002782,-1.0002782,-0.97085834,2
-0.93163174,-0.9512450000000001,-0.92182505,-0.9414384,-0.9610517,-0.93163174,-0.9904716,-0.97085834,-0.93163174,-0.9610517,-0.93163174,-1.0002782,-0.9904716,-0.97085834,-1.0100849,-0.9904716,-1.0002782,-0.97085834,-0.93163174,-1.0100849,-1.0296983,-0.9904716,-1.0002782,-1.0002782,-0.97085834,-0.98066497,-0.98066497,-1.0002782,-0.97085834,-0.9610517,-0.9414384,-0.9610517,-0.9512450000000001,-0.9414384,-0.9414384,-0.97085834,-0.9120184000000001,-0.98066497,-0.97085834,-0.9904716,-0.98066497,-0.9120184000000001,-0.9414384,-0.92182505,-0.9512450000000001,-0.9414384,-0.9414384,-0.9610517,-0.9414384,-0.97085834,2
-0.98066497,-0.98066497,-1.0002782,-0.97085834,-0.9610517,-0.9414384,-0.9610517,-0.9512450000000001,-0.9414384,-0.9414384,-0.97085834,-0.9120184000000001,-0.98066497,-0.97085834,-0.9904716,-0.98066497,-0.9120184000000001,-0.9414384,-0.92182505,-0.9512450000000001,-0.9414384,-0.9414384,-0.9610517,-0.9414384,-0.97085834,-0.9610517,-0.97085834,-0.9414384,-0.97085834,-0.97085834,-0.97085834,-1.0002782,-0.98066497,-1.0100849,-1.0100849,-0.97085834,-1.0002782,-0.97085834,-0.9610517,-0.9610517,-0.97085834,-1.0002782,-0.98066497,-1.0002782,-0.9610517,-0.9512450000000001,-0.97085834,-0.9414384,-0.9512450000000001,-0.9414384,2
-0.9610517,-0.97085834,-0.9414384,-0.97085834,-0.97085834,-0.97085834,-1.0002782,-0.98066497,-1.0100849,-1.0100849,-0.97085834,-1.0002782,-0.97085834,-0.9610517,-0.9610517,-0.97085834,-1.0002782,-0.98066497,-1.0002782,-0.9610517,-0.9512450000000001,-0.97085834,-0.9414384,-0.9512450000000001,-0.9414384,-0.9120184000000001,-0.9610517,-0.9512450000000001,-0.98066497,-1.0100849,-1.0296983,-1.0198916,-1.0198916,-0.9904716,-0.9512450000000001,-0.9512450000000001,-0.93163174,-0.93163174,-0.9120184000000001,-0.93163174,-0.98066497,-1.0002782,-1.0198916,-0.9904716,-0.9512450000000001,-1.0002782,-0.9512450000000001,-0.9512450000000001,-0.9414384,-0.93163174,2
-0.9120184000000001,-0.9610517,-0.9512450000000001,-0.98066497,-1.0100849,-1.0296983,-1.0198916,-1.0198916,-0.9904716,-0.9512450000000001,-0.9512450000000001,-0.93163174,-0.93163174,-0.9120184000000001,-0.93163174,-0.98066497,-1.0002782,-1.0198916,-0.9904716,-0.9512450000000001,-1.0002782,-0.9512450000000001,-0.9512450000000001,-0.9414384,-0.93163174,-0.98066497,-0.9904716,-0.98066497,-0.9512450000000001,-0.9512450000000001,-0.9414384,-0.9610517,-0.9610517,-0.9610517,-0.97085834,-0.93163174,-0.9512450000000001,-0.9414384,-0.9610517,-0.9512450000000001,-0.9414384,-0.98066497,-0.9512450000000001,-0.9904716,-0.9414384,-1.0395049,-1.0198916,-1.0296983,-1.0198916,-1.0395049,2
-0.98066497,-0.9904716,-0.98066497,-0.9512450000000001,-0.9512450000000001,-0.9414384,-0.9610517,-0.9610517,-0.9610517,-0.97085834,-0.93163174,-0.9512450000000001,-0.9414384,-0.9610517,-0.9512450000000001,-0.9414384,-0.98066497,-0.9512450000000001,-0.9904716,-0.9414384,-1.0395049,-1.0198916,-1.0296983,-1.0198916,-1.0395049,-0.97085834,-0.9512450000000001,-0.9904716,-0.9414384,-0.9414384,-0.9512450000000001,-0.9512450000000001,-0.9904716,-1.0100849,-1.0198916,-0.98066497,-0.9414384,-0.9610517,-0.92182505,-0.9414384,-0.98066497,-0.9120184000000001,-0.9414384,-0.9414384,-0.98066497,-0.92182505,-0.9512450000000001,-0.9610517,-0.98066497,-0.98066497,2
-0.97085834,-0.9512450000000001,-0.9904716,-0.9414384,-0.9414384,-0.9512450000000001,-0.9512450000000001,-0.9904716,-1.0100849,-1.0198916,-0.98066497,-0.9414384,-0.9610517,-0.92182505,-0.9414384,-0.98066497,-0.9120184000000001,-0.9414384,-0.9414384,-0.98066497,-0.92182505,-0.9512450000000001,-0.9610517,-0.98066497,-0.98066497,-0.9904716,-0.98066497,-0.9512450000000001,-0.92182505,-0.9512450000000001,-0.97085834,-0.98066497,-0.9610517,-0.9512450000000001,-0.9512450000000001,-0.98066497,-0.9610517,-1.0296983,-0.9904716,-0.9610517,-0.9610517,-0.9512450000000001,-0.9512450000000001,-0.97085834,-0.97085834,-1.0100849,-0.9904716,-1.0002782,-0.97085834,-0.9512450000000001,2
-0.9904716,-0.98066497,-0.9512450000000001,-0.92182505,-0.9512450000000001,-0.97085834,-0.98066497,-0.9610517,-0.9512450000000001,-0.9512450000000001,-0.98066497,-0.9610517,-1.0296983,-0.9904716,-0.9610517,-0.9610517,-0.9512450000000001,-0.9512450000000001,-0.97085834,-0.97085834,-1.0100849,-0.9904716,-1.0002782,-0.97085834,-0.9512450000000001,-0.9512450000000001,-0.9512450000000001,-0.98066497,-0.9904716,-0.92182505,-1.0002782,-0.98066497,-0.97085834,-0.9904716,-0.9512450000000001,-0.98066497,-1.0002782,-0.98066497,-0.98066497,-0.97085834,-0.97085834,-0.9904716,-0.9414384,-0.9022118,-0.9022118,-0.93163174,-0.9610517,-0.9610517,-1.0198916,-0.9512450000000001,2
-0.9512450000000001,-0.9512450000000001,-0.98066497,-0.9904716,-0.92182505,-1.0002782,-0.98066497,-0.97085834,-0.9904716,-0.9512450000000001,-0.98066497,-1.0002782,-0.98066497,-0.98066497,-0.97085834,-0.97085834,-0.9904716,-0.9414384,-0.9022118,-0.9022118,-0.93163174,-0.9610517,-0.9610517,-1.0198916,-0.9512450000000001,-0.98066497,-0.98066497,-0.9022118,-0.89240515,-0.92182505,-0.9512450000000001,-0.9120184000000001,-0.97085834,-0.9512450000000001,-0.9414384,-0.9610517,-1.0100849,-1.0002782,-0.98066497,-1.0100849,-0.9904716,-0.9904716,-0.92182505,-0.92182505,-0.9414384,-0.9414384,-0.98066497,-0.9610517,-0.9904716,-0.9904716,2
-0.98066497,-0.98066497,-0.9022118,-0.89240515,-0.92182505,-0.9512450000000001,-0.9120184000000001,-0.97085834,-0.9512450000000001,-0.9414384,-0.9610517,-1.0100849,-1.0002782,-0.98066497,-1.0100849,-0.9904716,-0.9904716,-0.92182505,-0.92182505,-0.9414384,-0.9414384,-0.98066497,-0.9610517,-0.9904716,-0.9904716,-1.0002782,-0.9904716,-0.98066497,-0.9904716,-0.98066497,-1.0002782,-0.9904716,-1.0296983,-0.9904716,-0.98066497,-0.98066497,-0.97085834,-0.98066497,-0.9414384,-0.9512450000000001,-0.9610517,-0.9414384,-0.9610517,-0.9610517,-0.92182505,-0.9414384,-0.9120184000000001,-0.9610517,-0.9414384,-0.9512450000000001,2
-1.0002782,-0.9904716,-0.98066497,-0.9904716,-0.98066497,-1.0002782,-0.9904716,-1.0296983,-0.9904716,-0.98066497,-0.98066497,-0.97085834,-0.98066497,-0.9414384,-0.9512450000000001,-0.9610517,-0.9414384,-0.9610517,-0.9610517,-0.92182505,-0.9414384,-0.9120184000000001,-0.9610517,-0.9414384,-0.9512450000000001,-0.93163174,-0.9610517,-0.9904716,-0.9610517,-0.93163174,-0.92182505,-0.9610517,-0.9022118,-0.9512450000000001,-0.98066497,-0.97085834,-0.9610517,-0.98066497,-1.0100849,-0.97085834,-0.93163174,-0.92182505,-0.89240515,-0.9512450000000001,-0.9610517,-1.0198916,-0.9904716,-1.0100849,-1.0198916,-1.0100849,2
-0.93163174,-0.9610517,-0.9904716,-0.9610517,-0.93163174,-0.92182505,-0.9610517,-0.9022118,-0.9512450000000001,-0.98066497,-0.97085834,-0.9610517,-0.98066497,-1.0100849,-0.97085834,-0.93163174,-0.92182505,-0.89240515,-0.9512450000000001,-0.9610517,-1.0198916,-0.9904716,-1.0100849,-1.0198916,-1.0100849,-1.0198916,-1.0100849,-0.97085834,-0.98066497,-1.0100849,-0.9512450000000001,-1.0100849,-0.92182505,-0.98066497,-0.9610517,-0.97085834,-0.97085834,-0.9610517,-0.9610517,-0.9512450000000001,-0.9120184000000001,-0.93163174,-1.0002782,-0.9512450000000001,-1.0100849,-0.9904716,-1.0395049,-0.97085834,-0.9512450000000001,-1.0100849,2
-1.0198916,-1.0100849,-0.97085834,-0.98066497,-1.0100849,-0.9512450000000001,-1.0100849,-0.92182505,-0.98066497,-0.9610517,-0.97085834,-0.97085834,-0.9610517,-0.9610517,-0.9512450000000001,-0.9120184000000001,-0.93163174,-1.0002782,-0.9512450000000001,-1.0100849,-0.9904716,-1.0395049,-0.97085834,-0.9512450000000001,-1.0100849,-0.97085834,-0.9904716,-0.9610517,-1.0296983,-0.9512450000000001,-1.0198916,-0.9610517,-0.93163174,-0.97085834,-1.0002782,-0.98066497,-0.97085834,-0.9610517,-0.9120184000000001,-0.89240515,-0.9022118,-0.9022118,-0.9022118,-0.9414384,-0.97085834,-0.98066497,-0.93163174,-0.9610517,-0.9610517,-0.92182505,2
-0.97085834,-0.9904716,-0.9610517,-1.0296983,-0.9512450000000001,-1.0198916,-0.9610517,-0.93163174,-0.97085834,-1.0002782,-0.98066497,-0.97085834,-0.9610517,-0.9120184000000001,-0.89240515,-0.9022118,-0.9022118,-0.9022118,-0.9414384,-0.97085834,-0.98066497,-0.93163174,-0.9610517,-0.9610517,-0.92182505,-0.9414384,-0.9512450000000001,-0.9512450000000001,-0.9512450000000001,-0.9904716,-0.98066497,-0.9414384,-0.97085834,-0.93163174,-0.98066497,-0.9610517,-0.9414384,-0.9610517,-0.98066497,-0.9610517,-0.9414384,-1.0002782,-1.0002782,-1.0100849,-1.0198916,-1.0395049,-1.0493115,-1.0395049,-1.0493115,-1.0100849,2
-0.9414384,-0.9512450000000001,-0.9512450000000001,-0.9512450000000001,-0.9904716,-0.98066497,-0.9414384,-0.97085834,-0.93163174,-0.98066497,-0.9610517,-0.9414384,-0.9610517,-0.98066497,-0.9610517,-0.9414384,-1.0002782,-1.0002782,-1.0100849,-1.0198916,-1.0395049,-1.0493115,-1.0395049,-1.0493115,-1.0100849,-0.9610517,-1.0296983,-0.98066497,-0.98066497,-0.92182505,-0.9120184000000001,-1.0296983,-1.0296983,-1.0395049,-0.98066497,-0.9904716,-0.9610517,-0.97085834,-0.9610517,-0.89240515,-0.93163174,-0.89240515,-0.9512450000000001,-0.89240515,-0.9120184000000001,-0.9120184000000001,-0.93163174,-0.92182505,-0.9414384,-0.92182505,2
-0.9610517,-1.0296983,-0.98066497,-0.98066497,-0.92182505,-0.9120184000000001,-1.0296983,-1.0296983,-1.0395049,-0.98066497,-0.9904716,-0.9610517,-0.97085834,-0.9610517,-0.89240515,-0.93163174,-0.89240515,-0.9512450000000001,-0.89240515,-0.9120184000000001,-0.9120184000000001,-0.93163174,-0.92182505,-0.9414384,-0.92182505,-0.93163174,-0.9022118,-0.92182505,-0.93163174,-0.9610517,-0.9904716,-1.0198916,-1.0395049,-0.97085834,-1.0002782,-0.98066497,-0.97085834,-0.9904716,-1.0100849,-0.9904716,-1.0002782,-0.9610517,-1.0198916,-1.0198916,-1.0395049,-1.0100849,-1.0296983,-1.0100849,-1.0100849,-0.9904716,2
-0.93163174,-0.9022118,-0.92182505,-0.93163174,-0.9610517,-0.9904716,-1.0198916,-1.0395049,-0.97085834,-1.0002782,-0.98066497,-0.97085834,-0.9904716,-1.0100849,-0.9904716,-1.0002782,-0.9610517,-1.0198916,-1.0198916,-1.0395049,-1.0100849,-1.0296983,-1.0100849,-1.0100849,-0.9904716,-0.97085834,-0.9904716,-0.93163174,-0.9414384,-0.9022118,-0.92182505,-0.9022118,-0.9512450000000001,-0.93163174,-0.93163174,-0.93163174,-0.97085834,-0.9414384,-0.8727918,-0.8727918,-0.8629851999999999,-0.89240515,-0.9022118,-0.9022118,-1.0100849,-0.9610517,-0.9904716,-1.0395049,-1.0395049,-1.0100849,2
-0.97085834,-0.9904716,-0.93163174,-0.9414384,-0.9022118,-0.92182505,-0.9022118,-0.9512450000000001,-0.93163174,-0.93163174,-0.93163174,-0.97085834,-0.9414384,-0.8727918,-0.8727918,-0.8629851999999999,-0.89240515,-0.9022118,-0.9022118,-1.0100849,-0.9610517,-0.9904716,-1.0395049,-1.0395049,-1.0100849,-0.9904716,-0.9904716,-0.9120184000000001,-0.98066497,-0.9610517,-0.9904716,-0.9610517,-0.93163174,-0.93163174,-0.9512450000000001,-1.0100849,-1.0002782,-0.9904716,-1.0198916,-1.0296983,-1.0198916,-1.0395049,-1.0198916,-1.0395049,-1.0591182,-1.0493115,-1.0395049,-1.0296983,-1.0493115,-0.9610517,2
-0.9904716,-0.9904716,-0.9120184000000001,-0.98066497,-0.9610517,-0.9904716,-0.9610517,-0.93163174,-0.93163174,-0.9512450000000001,-1.0100849,-1.0002782,-0.9904716,-1.0198916,-1.0296983,-1.0198916,-1.0395049,-1.0198916,-1.0395049,-1.0591182,-1.0493115,-1.0395049,-1.0296983,-1.0493115,-0.9610517,-0.8727918,-0.9022118,-0.8629851999999999,-0.8727918,-0.89240515,-0.9022118,-0.93163174,-0.98066497,-0.97085834,-1.0100849,-0.97085834,-1.0002782,-0.9610517,-0.92182505,-0.88259846,-0.8629851999999999,-0.8629851999999999,-0.88259846,-0.8629851999999999,-0.9022118,-0.9022118,-0.9414384,-0.9610517,-0.9904716,-0.9512450000000001,2
-0.8727918,-0.9022118,-0.8629851999999999,-0.8727918,-0.89240515,-0.9022118,-0.93163174,-0.98066497,-0.97085834,-1.0100849,-0.97085834,-1.0002782,-0.9610517,-0.92182505,-0.88259846,-0.8629851999999999,-0.8629851999999999,-0.88259846,-0.8629851999999999,-0.9022118,-0.9022118,-0.9414384,-0.9610517,-0.9904716,-0.9512450000000001,-0.9022118,-0.97085834,-0.97085834,-0.93163174,-0.98066497,-1.0198916,-1.0493115,-0.9904716,-1.0100849,-1.0395049,-0.9512450000000001,-1.0296983,-0.97085834,-0.9904716,-1.0100849,-0.9904716,-0.9904716,-1.0002782,-1.0198916,-0.97085834,-0.98066497,-0.98066497,-0.98066497,-0.97085834,-0.9512450000000001,2
-0.9022118,-0.97085834,-0.97085834,-0.93163174,-0.98066497,-1.0198916,-1.0493115,-0.9904716,-1.0100849,-1.0395049,-0.9512450000000001,-1.0296983,-0.97085834,-0.9904716,-1.0100849,-0.9904716,-0.9904716,-1.0002782,-1.0198916,-0.97085834,-0.98066497,-0.98066497,-0.98066497,-0.97085834,-0.9512450000000001,-0.9022118,-0.9120184000000001,-0.93163174,-0.9610517,-1.0198916,-0.9904716,-1.0198916,-0.9610517,-0.92182505,-0.9414384,-0.98066497,-0.9414384,-0.9414384,-0.93163174,-0.98066497,-0.92182505,-0.97085834,-0.9610517,-1.0395049,-1.0198916,-1.0100849,-1.0002782,-1.0100849,-0.9414384,-0.9610517,2
-0.9022118,-0.9120184000000001,-0.93163174,-0.9610517,-1.0198916,-0.9904716,-1.0198916,-0.9610517,-0.92182505,-0.9414384,-0.98066497,-0.9414384,-0.9414384,-0.93163174,-0.98066497,-0.92182505,-0.97085834,-0.9610517,-1.0395049,-1.0198916,-1.0100849,-1.0002782,-1.0100849,-0.9414384,-0.9610517,-0.9022118,-0.89240515,-0.9022118,-0.9414384,-0.92182505,-0.88259846,-0.92182505,-0.89240515,-0.89240515,-0.9120184000000001,-1.0002782,-0.9904716,-1.0002782,-1.0395049,-1.0198916,-1.0296983,-0.9512450000000001,-0.9414384,-0.9512450000000001,-0.92182505,-0.9610517,-0.9512450000000001,-0.9120184000000001,-0.9414384,-0.9610517,2
-0.9022118,-0.89240515,-0.9022118,-0.9414384,-0.92182505,-0.88259846,-0.92182505,-0.89240515,-0.89240515,-0.9120184000000001,-1.0002782,-0.9904716,-1.0002782,-1.0395049,-1.0198916,-1.0296983,-0.9512450000000001,-0.9414384,-0.9512450000000001,-0.92182505,-0.9610517,-0.9512450000000001,-0.9120184000000001,-0.9414384,-0.9610517,-0.98066497,-1.0002782,-0.9904716,-1.0198916,-1.0787314,-1.0787314,-1.0395049,-1.0395049,-1.0493115,-1.0296983,-0.9610517,-0.98066497,-0.9414384,-0.92182505,-0.93163174,-0.92182505,-0.9512450000000001,-0.9512450000000001,-0.9904716,-1.0296983,-1.0002782,-1.0002782,-0.97085834,-0.9610517,-0.9610517,2
-0.98066497,-1.0002782,-0.9904716,-1.0198916,-1.0787314,-1.0787314,-1.0395049,-1.0395049,-1.0493115,-1.0296983,-0.9610517,-0.98066497,-0.9414384,-0.92182505,-0.93163174,-0.92182505,-0.9512450000000001,-0.9512450000000001,-0.9904716,-1.0296983,-1.0002782,-1.0002782,-0.97085834,-0.9610517,-0.9610517,-0.9512450000000001,-0.9414384,-0.97085834,-0.9414384,-0.97085834,-0.9512450000000001,-1.0002782,-0.97085834,-1.0100849,-0.9904716,-0.98066497,-0.9610517,-0.9512450000000001,-0.9414384,-0.97085834,-0.9512450000000001,-0.9512450000000001,-0.9610517,-0.9414384,-0.9610517,-0.9414384,-0.98066497,-1.0002782,-1.0100849,-0.97085834,2
-0.9512450000000001,-0.9414384,-0.97085834,-0.9414384,-0.97085834,-0.9512450000000001,-1.0002782,-0.97085834,-1.0100849,-0.9904716,-0.98066497,-0.9610517,-0.9512450000000001,-0.9414384,-0.97085834,-0.9512450000000001,-0.9512450000000001,-0.9610517,-0.9414384,-0.9610517,-0.9414384,-0.98066497,-1.0002782,-1.0100849,-0.97085834,-0.98066497,-0.97085834,-1.0002782,-0.93163174,-0.93163174,-0.9610517,-0.97085834,-0.92182505,-0.9610517,-0.9120184000000001,-0.93163174,-0.98066497,-0.93163174,-0.9512450000000001,-0.9512450000000001,-0.9414384,-0.98066497,-0.9904716,-0.9610517,-0.9610517,-0.98066497,-0.98066497,-0.9904716,-0.98066497,-0.9512450000000001,2
-0.98066497,-0.97085834,-1.0002782,-0.93163174,-0.93163174,-0.9610517,-0.97085834,-0.92182505,-0.9610517,-0.9120184000000001,-0.93163174,-0.98066497,-0.93163174,-0.9512450000000001,-0.9512450000000001,-0.9414384,-0.98066497,-0.9904716,-0.9610517,-0.9610517,-0.98066497,-0.98066497,-0.9904716,-0.98066497,-0.9512450000000001,-0.93163174,-0.9512450000000001,-0.9610517,-0.92182505,-0.98066497,-0.9512450000000001,-0.9904716,-1.0296983,-0.98066497,-1.0395049,-1.0198916,-0.97085834,-0.92182505,-0.9512450000000001,-0.9022118,-0.9120184000000001,-0.92182505,-1.0198916,-0.97085834,-1.0002782,-0.98066497,-0.9512450000000001,-0.98066497,-0.9610517,-0.98066497,2
-1.6627731,-1.6627731,-1.6627731,-1.0115502,-1.6639702,-3.855862,-3.2806550000000003,-0.61650693,-0.8888474000000001,-1.8734628,-1.4616601,-3.1597476,-1.4766238999999999,0.37289690000000003,-0.20709845,-1.7172412000000001,-2.834735,-2.0488381,-1.3569138,-0.8379706,-0.46208093,-0.25917232,0.08798691,0.16519992,0.16938977,-0.3477578,-0.27892449999999996,0.25737667,0.8343792999999999,0.7565677,2.3576900000000003,2.7216089,1.7124528,-2.6833014,-1.9841946,0.16699557,0.98581254,1.9560628,0.1412579,-1.2395979,-2.2421699,-1.4161704,0.044891283,0.58418524,0.49260699999999996,0.21428105,-0.46148238,-1.3694833999999998,-2.1589713,-2.8042088,3
-0.3477578,-0.27892449999999996,0.25737667,0.8343792999999999,0.7565677,2.3576900000000003,2.7216089,1.7124528,-2.6833014,-1.9841946,0.16699557,0.98581254,1.9560628,0.1412579,-1.2395979,-2.2421699,-1.4161704,0.044891283,0.58418524,0.49260699999999996,0.21428105,-0.46148238,-1.3694833999999998,-2.1589713,-2.8042088,-2.9819782000000004,-2.4528596,-1.5735891000000002,-0.6997054,-0.5919664000000001,-0.8343792999999999,-3.5416229,-5.4934959999999995,-3.198055,0.48662150000000004,-0.61291564,-1.2904748,-2.1015105,-3.1992521000000003,-0.84575176,0.5626374,-0.037110128,-1.5448587,-2.1398177000000005,-1.5424645000000001,-1.2958617000000001,-1.1204863999999999,-0.9175778,-0.44352585,0.073023155,3
-2.9819782000000004,-2.4528596,-1.5735891000000002,-0.6997054,-0.5919664000000001,-0.8343792999999999,-3.5416229,-5.4934959999999995,-3.198055,0.48662150000000004,-0.61291564,-1.2904748,-2.1015105,-3.1992521000000003,-0.84575176,0.5626374,-0.037110128,-1.5448587,-2.1398177000000005,-1.5424645000000001,-1.2958617000000001,-1.1204863999999999,-0.9175778,-0.44352585,0.073023155,0.350152,0.23283611,0.18375498,0.5117606,0.7158663000000001,0.21547815,0.31064767,2.0572178,2.4642322,1.8052281000000003,-1.7872716,-1.7417817,0.4405331,1.4197617,2.1146786,-0.17776948,-0.9319430000000001,-1.8997990000000002,-1.1839328000000002,0.2885013,0.825401,0.42437226,-0.025139118,-0.7733272,-1.4077905000000002,3
0.350152,0.23283611,0.18375498,0.5117606,0.7158663000000001,0.21547815,0.31064767,2.0572178,2.4642322,1.8052281000000003,-1.7872716,-1.7417817,0.4405331,1.4197617,2.1146786,-0.17776948,-0.9319430000000001,-1.8997990000000002,-1.1839328000000002,0.2885013,0.825401,0.42437226,-0.025139118,-0.7733272,-1.4077905000000002,-2.0859482,-2.7138276,-3.2411506,-2.7132292000000002,-1.8608932,-1.4239515,-1.1982979999999999,-1.2330139,-1.8626889,-4.4400473,-4.365228,-1.3257892,0.31483752,-1.1408371000000002,-1.7501613999999999,-2.8754362999999996,-1.353921,1.1240777,1.2324153,-0.80325466,-2.3116016,-2.1960813999999997,-1.5885528,-0.9792285,-0.7152678000000001,3
-2.0859482,-2.7138276,-3.2411506,-2.7132292000000002,-1.8608932,-1.4239515,-1.1982979999999999,-1.2330139,-1.8626889,-4.4400473,-4.365228,-1.3257892,0.31483752,-1.1408371000000002,-1.7501613999999999,-2.8754362999999996,-1.353921,1.1240777,1.2324153,-0.80325466,-2.3116016,-2.1960813999999997,-1.5885528,-0.9792285,-0.7152678000000001,-0.36511576,-0.076015905,0.19093758,0.30286652,0.35194764,0.43275195,0.17836803,0.53330845,-0.010175358,1.1037270000000001,2.280477,2.5821466,0.61411273,-2.520496,-0.23762453,1.1366472,1.3904326,0.10654198,-1.3030443,-1.5460558,-0.55844754,0.38845924,0.25198972,-0.34356794,-0.89423436,3
-0.36511576,-0.076015905,0.19093758,0.30286652,0.35194764,0.43275195,0.17836803,0.53330845,-0.010175358,1.1037270000000001,2.280477,2.5821466,0.61411273,-2.520496,-0.23762453,1.1366472,1.3904326,0.10654198,-1.3030443,-1.5460558,-0.55844754,0.38845924,0.25198972,-0.34356794,-0.89423436,-1.1043254999999998,-1.3772645000000001,-1.6980876,-2.3319526,-2.6779146000000003,-2.4624363999999996,-1.8016368000000003,-1.8124107,-2.0075380000000003,-2.6007016,-2.006341,-3.957017,-3.5703532999999994,-0.32501290000000005,1.1719618,-0.84814596,-1.7764976000000003,-3.6721067,-2.3582888,-0.18195933,-0.50637364,-1.6412252,-2.1906946,-1.496376,-0.82779527,3
-1.1043254999999998,-1.3772645000000001,-1.6980876,-2.3319526,-2.6779146000000003,-2.4624363999999996,-1.8016368000000003,-1.8124107,-2.0075380000000003,-2.6007016,-2.006341,-3.957017,-3.5703532999999994,-0.32501290000000005,1.1719618,-0.84814596,-1.7764976000000003,-3.6721067,-2.3582888,-0.18195933,-0.50637364,-1.6412252,-2.1906946,-1.496376,-0.82779527,-0.6326678000000001,-0.47524905,-0.55246204,-0.46806642,-0.39384618,-0.09696517,0.046686932,0.58538234,0.6254852,1.0307038,-0.24839842,0.7308300999999999,2.054225,2.8939912,-0.39923313,-2.9903579,0.41000703,0.57161564,1.0588357,-0.076015905,-0.9235633,-1.5628152,-1.7723078,-0.46686932,-0.23882163,3
-0.6326678000000001,-0.47524905,-0.55246204,-0.46806642,-0.39384618,-0.09696517,0.046686932,0.58538234,0.6254852,1.0307038,-0.24839842,0.7308300999999999,2.054225,2.8939912,-0.39923313,-2.9903579,0.41000703,0.57161564,1.0588357,-0.076015905,-0.9235633,-1.5628152,-1.7723078,-0.46686932,-0.23882163,-0.007182605,0.0796072,-0.11911154,-0.6913256999999999,-1.4227544,-2.111686,-2.7712884,-2.8862102000000003,-2.2391772,-1.2384008,-1.0319009,-1.2521674999999999,-1.1737574,-3.2555158,-4.3113589999999995,-2.5306710999999997,-0.65301853,-1.429937,-1.7184383,-2.7754784,-1.7220296000000002,0.86370826,1.2030864,-0.6751649000000001,-2.268506,3
-0.007182605,0.0796072,-0.11911154,-0.6913256999999999,-1.4227544,-2.111686,-2.7712884,-2.8862102000000003,-2.2391772,-1.2384008,-1.0319009,-1.2521674999999999,-1.1737574,-3.2555158,-4.3113589999999995,-2.5306710999999997,-0.65301853,-1.429937,-1.7184383,-2.7754784,-1.7220296000000002,0.86370826,1.2030864,-0.6751649000000001,-2.268506,-2.3708582000000002,-1.6675615000000001,-1.1863270000000001,-0.87089086,-0.8283938,-0.3357868,0.15981296,0.350152,0.18136078,-0.017357962,-0.14305355,-0.16579847,-0.29568392,0.9379284999999999,2.3558946,2.730587,1.3682863,-1.8052281000000003,-1.513734,0.075417355,2.1499932,1.4287398999999998,-0.074220255,-1.6986861,-2.4785974,3
-2.3708582000000002,-1.6675615000000001,-1.1863270000000001,-0.87089086,-0.8283938,-0.3357868,0.15981296,0.350152,0.18136078,-0.017357962,-0.14305355,-0.16579847,-0.29568392,0.9379284999999999,2.3558946,2.730587,1.3682863,-1.8052281000000003,-1.513734,0.075417355,2.1499932,1.4287398999999998,-0.074220255,-1.6986861,-2.4785974,-1.9674352,-0.75118077,0.15861586,0.34237084,-0.12509704,-0.84575176,-1.3712790000000001,-2.2864625,-2.8401217,-3.2615013,-2.7042507999999996,-1.1569979,-0.2813187,-0.31004912,-0.94211835,-3.6272156000000004,-5.8963203,-4.233547,-0.47285482,0.6607997,-1.8818424999999999,-2.9855695,-1.7429788,1.1935096,2.9167361,3
-1.9674352,-0.75118077,0.15861586,0.34237084,-0.12509704,-0.84575176,-1.3712790000000001,-2.2864625,-2.8401217,-3.2615013,-2.7042507999999996,-1.1569979,-0.2813187,-0.31004912,-0.94211835,-3.6272156000000004,-5.8963203,-4.233547,-0.47285482,0.6607997,-1.8818424999999999,-2.9855695,-1.7429788,1.1935096,2.9167361,1.4975731,-1.0516531,-2.2164322999999997,-2.160767,-1.6980876,-1.3545196000000002,-1.1773487,-0.6931214,0.009576807,0.45130703,0.6039374,0.25617957,-0.39923313,-0.46567222,0.006584055,-0.36511576,0.7703344,2.178125,2.2361843999999995,0.688333,-2.6270377999999996,-0.6572084,0.55964464,2.3511062000000003,1.9991584,3
1.4975731,-1.0516531,-2.2164322999999997,-2.160767,-1.6980876,-1.3545196000000002,-1.1773487,-0.6931214,0.009576807,0.45130703,0.6039374,0.25617957,-0.39923313,-0.46567222,0.006584055,-0.36511576,0.7703344,2.178125,2.2361843999999995,0.688333,-2.6270377999999996,-0.6572084,0.55964464,2.3511062000000003,1.9991584,-0.023343466,-0.8822633,-1.3844471,-0.7410054,0.25917232,0.54288524,0.32441434,0.16579847,-0.32920274,-0.96187055,-1.541866,-2.380435,-3.0974984,-2.9442697,-2.3900118,-1.958457,-1.429937,-0.7505821999999999,-2.622848,-4.8386817,-3.6984432000000003,-0.37588966,0.51355624,-0.98222125,-2.5486276,3
-0.023343466,-0.8822633,-1.3844471,-0.7410054,0.25917232,0.54288524,0.32441434,0.16579847,-0.32920274,-0.96187055,-1.541866,-2.380435,-3.0974984,-2.9442697,-2.3900118,-1.958457,-1.429937,-0.7505821999999999,-2.622848,-4.8386817,-3.6984432000000003,-0.37588966,0.51355624,-0.98222125,-2.5486276,-3.1004913,-1.1851299,1.4167688999999999,1.8405426,-0.18854338,-2.4133554,-3.0639796,-2.3032220000000003,-1.6424223000000002,-1.0151415000000001,-0.57041854,-0.07003039999999999,0.42317516,0.5991489999999999,0.6003460999999999,0.38726214,-0.12090719,-0.3453636,0.31783026,-0.694917,0.9612719999999999,2.0925324,2.384625,-0.4357447,-1.429937,3
-3.1004913,-1.1851299,1.4167688999999999,1.8405426,-0.18854338,-2.4133554,-3.0639796,-2.3032220000000003,-1.6424223000000002,-1.0151415000000001,-0.57041854,-0.07003039999999999,0.42317516,0.5991489999999999,0.6003460999999999,0.38726214,-0.12090719,-0.3453636,0.31783026,-0.694917,0.9612719999999999,2.0925324,2.384625,-0.4357447,-1.429937,0.4141969,3.7116113,2.3139958,-0.9540894,-3.4871547,-4.180875,-1.5837643999999997,0.97862995,1.4700398000000001,0.717662,-0.007781155400000001,-0.6063316,-1.4024036,-1.8261773999999997,-2.461838,-3.0065188,-3.098097,-2.5923218999999995,-1.5143325,-0.8960299999999999,-1.0031705,-0.91099375,-1.9901801,-4.4125137,-4.1545385999999995,3
0.4141969,3.7116113,2.3139958,-0.9540894,-3.4871547,-4.180875,-1.5837643999999997,0.97862995,1.4700398000000001,0.717662,-0.007781155400000001,-0.6063316,-1.4024036,-1.8261773999999997,-2.461838,-3.0065188,-3.098097,-2.5923218999999995,-1.5143325,-0.8960299999999999,-1.0031705,-0.91099375,-1.9901801,-4.4125137,-4.1545385999999995,-0.93852705,0.007182605,0.38307226,-1.5502456,-2.0159178,-0.46986207,1.3670892,0.019752163,-2.0386627,-3.4596214,-2.5049335999999998,-1.2318168,-0.6326678000000001,-0.46926352,-0.44173019999999996,-0.09816227,0.25917232,0.28191724,0.010773907,-0.08080431,0.18854338,0.7673416999999999,0.32142156,0.42556936,1.6597804,3
-0.93852705,0.007182605,0.38307226,-1.5502456,-2.0159178,-0.46986207,1.3670892,0.019752163,-2.0386627,-3.4596214,-2.5049335999999998,-1.2318168,-0.6326678000000001,-0.46926352,-0.44173019999999996,-0.09816227,0.25917232,0.28191724,0.010773907,-0.08080431,0.18854338,0.7673416999999999,0.32142156,0.42556936,1.6597804,1.8471266,0.81043726,-2.72939,-0.8379706,0.7116765,1.5119383,0.9732430000000001,-0.7679402,-1.4520833,-1.5753847,-0.5793968,0.30526072,0.5165489999999999,0.03232172,-0.40162733,-0.9935937,-1.3856442,-1.8142063999999998,-2.3259668,-2.717419,-2.1877017000000003,-1.3383588,-1.2072762,-1.2282255,-1.0289081,3
1.8471266,0.81043726,-2.72939,-0.8379706,0.7116765,1.5119383,0.9732430000000001,-0.7679402,-1.4520833,-1.5753847,-0.5793968,0.30526072,0.5165489999999999,0.03232172,-0.40162733,-0.9935937,-1.3856442,-1.8142063999999998,-2.3259668,-2.717419,-2.1877017000000003,-1.3383588,-1.2072762,-1.2282255,-1.0289081,-2.9352913,-4.584896,-3.2561142000000003,-0.5955577,-0.079008654,-0.31244332,-1.7160441000000002,-1.929128,-0.5117606,0.017956512,-1.8064252,-2.9592332999999997,-2.7425580000000003,-1.5682021000000002,-0.6937199000000001,-0.2885013,-0.27174190000000004,-0.338181,0.089782566,0.29867667,0.39803603,0.26336220000000005,0.12868834,0.20470424,0.9720459000000001,3
-2.9352913,-4.584896,-3.2561142000000003,-0.5955577,-0.079008654,-0.31244332,-1.7160441000000002,-1.929128,-0.5117606,0.017956512,-1.8064252,-2.9592332999999997,-2.7425580000000003,-1.5682021000000002,-0.6937199000000001,-0.2885013,-0.27174190000000004,-0.338181,0.089782566,0.29867667,0.39803603,0.26336220000000005,0.12868834,0.20470424,0.9720459000000001,-0.05865794,1.1408371000000002,1.9009962,2.7377696,0.18854338,-2.4762032000000005,-0.18136078,2.2637177000000004,2.1260512,-0.7637503000000001,-2.6779146000000003,-3.1088709999999997,-1.7190368000000003,0.2885013,0.52852005,-0.026934769,-0.42916065,-0.7493850999999999,-1.0696096000000002,-1.5508442,-2.0470424,-2.6036943999999997,-2.9646204,-2.707842,-1.9021933000000002,3
-0.05865794,1.1408371000000002,1.9009962,2.7377696,0.18854338,-2.4762032000000005,-0.18136078,2.2637177000000004,2.1260512,-0.7637503000000001,-2.6779146000000003,-3.1088709999999997,-1.7190368000000003,0.2885013,0.52852005,-0.026934769,-0.42916065,-0.7493850999999999,-1.0696096000000002,-1.5508442,-2.0470424,-2.6036943999999997,-2.9646204,-2.707842,-1.9021933000000002,-1.347337,-0.96905315,-1.0857705,-2.1721394,-4.528632599999999,-3.6559459999999997,-0.4950012,0.5907693,-1.9255368000000002,-0.6596026,-2.112883,-0.6889314999999999,2.441487,1.2252326999999998,-0.4369418,-1.8938134999999998,-1.7555484000000001,-1.6735470000000001,-1.650802,-1.4012065,-0.9331401,-0.24121583,0.24181437,0.4405331,0.17776948,3
-1.347337,-0.96905315,-1.0857705,-2.1721394,-4.528632599999999,-3.6559459999999997,-0.4950012,0.5907693,-1.9255368000000002,-0.6596026,-2.112883,-0.6889314999999999,2.441487,1.2252326999999998,-0.4369418,-1.8938134999999998,-1.7555484000000001,-1.6735470000000001,-1.650802,-1.4012065,-0.9331401,-0.24121583,0.24181437,0.4405331,0.17776948,-0.11671733,-0.16819267,0.051475335,-0.770933,0.521936,2.9586349,3.6996403,1.7914615000000003,-1.0175357,0.50637364,1.5496471,0.7398083000000001,0.08678981,-2.0428526000000002,-2.1841104,-1.1701661,-0.007781155400000001,0.62488663,0.62847793,0.12689269,-0.26276365,-0.7194576,-1.3587095,-1.9925743000000002,-2.0422540000000002,3
-0.11671733,-0.16819267,0.051475335,-0.770933,0.521936,2.9586349,3.6996403,1.7914615000000003,-1.0175357,0.50637364,1.5496471,0.7398083000000001,0.08678981,-2.0428526000000002,-2.1841104,-1.1701661,-0.007781155400000001,0.62488663,0.62847793,0.12689269,-0.26276365,-0.7194576,-1.3587095,-1.9925743000000002,-2.0422540000000002,-1.7166426,-1.0720038,-1.3096284,-2.0248961,-1.8411411,-1.6861166,-3.3913867,-4.9320555,-2.2218192,0.61530983,-1.5999253,-1.7980455000000002,-2.8933928,-0.3764882,2.5701754,0.55964464,-1.1234791000000002,-2.3289597,-2.3241713,-1.6376339,-1.2695253999999998,-1.3210008,-0.98581254,-0.32022446,0.7092823,3
-1.7166426,-1.0720038,-1.3096284,-2.0248961,-1.8411411,-1.6861166,-3.3913867,-4.9320555,-2.2218192,0.61530983,-1.5999253,-1.7980455000000002,-2.8933928,-0.3764882,2.5701754,0.55964464,-1.1234791000000002,-2.3289597,-2.3241713,-1.6376339,-1.2695253999999998,-1.3210008,-0.98581254,-0.32022446,0.7092823,0.66858083,0.7086836999999999,0.93493575,0.7098808000000001,0.19812019,-0.11432313,1.4030021000000001,3.0729580000000003,1.7986441000000002,-1.9566613000000002,-0.23283611,0.3633201,1.411382,0.9876082,0.40162733,0.12509704,-0.45070848,-0.6913256999999999,-0.75477207,-0.07062895,0.28670564,0.4381389,0.22266077,-0.52373165,-1.2234371000000002,3
0.66858083,0.7086836999999999,0.93493575,0.7098808000000001,0.19812019,-0.11432313,1.4030021000000001,3.0729580000000003,1.7986441000000002,-1.9566613000000002,-0.23283611,0.3633201,1.411382,0.9876082,0.40162733,0.12509704,-0.45070848,-0.6913256999999999,-0.75477207,-0.07062895,0.28670564,0.4381389,0.22266077,-0.52373165,-1.2234371000000002,-2.1787236,-3.1214404,-3.1501707999999997,-2.3403322999999996,-1.6950948000000001,-1.0720038,-0.84096336,-1.435324,-4.279635400000001,-3.8241386,-1.0295067,0.5626374,-2.147599,-1.1911154,-1.6837223999999997,-1.3784616000000003,1.0402806,0.48482585,-1.0031705,-2.2559366,-2.3876176,-1.4395138,-1.1605892,-1.0576386,-0.9708488000000001,3
-2.1787236,-3.1214404,-3.1501707999999997,-2.3403322999999996,-1.6950948000000001,-1.0720038,-0.84096336,-1.435324,-4.279635400000001,-3.8241386,-1.0295067,0.5626374,-2.147599,-1.1911154,-1.6837223999999997,-1.3784616000000003,1.0402806,0.48482585,-1.0031705,-2.2559366,-2.3876176,-1.4395138,-1.1605892,-1.0576386,-0.9708488000000001,-0.40761283,0.12210429,0.26156655,-0.1945289,-0.40821138,-0.109534726,1.0498575,0.40761283,1.9560628,2.8850130000000003,3.244742,0.12449849,-2.6844985,-1.0402806,-0.18914193,0.43514615,1.1408371000000002,0.33997664,-0.04369418,-0.6889314999999999,-0.6715736,-0.3333926,-0.029927522,0.18555063,0.08080431,3
-0.40761283,0.12210429,0.26156655,-0.1945289,-0.40821138,-0.109534726,1.0498575,0.40761283,1.9560628,2.8850130000000003,3.244742,0.12449849,-2.6844985,-1.0402806,-0.18914193,0.43514615,1.1408371000000002,0.33997664,-0.04369418,-0.6889314999999999,-0.6715736,-0.3333926,-0.029927522,0.18555063,0.08080431,-0.40761283,-1.0480618,-1.9548656999999998,-2.9682117000000003,-3.7038300000000004,-3.127426,-2.3247697,-1.0875661,-0.61650693,-0.5231331,-4.2981906,-4.7141833,-1.5526398000000001,0.19572599,-2.1392192999999997,-2.2541409,-1.9716251,-1.6885108,0.5386954,1.3030443,0.7212533,-0.80564886,-2.2319946,-2.3948002,-2.272696,3
-0.40761283,-1.0480618,-1.9548656999999998,-2.9682117000000003,-3.7038300000000004,-3.127426,-2.3247697,-1.0875661,-0.61650693,-0.5231331,-4.2981906,-4.7141833,-1.5526398000000001,0.19572599,-2.1392192999999997,-2.2541409,-1.9716251,-1.6885108,0.5386954,1.3030443,0.7212533,-0.80564886,-2.2319946,-2.3948002,-2.272696,-1.9369092,-1.4065934,-0.79367787,-0.011971008,0.88525605,1.4969746000000002,1.3521253999999998,0.7846996,0.43035775,0.57999533,-0.35913026,1.1725603,1.8315643,1.6723499,-0.7392098000000001,-1.9027918999999998,0.014963761,1.1270704,2.131438,0.53689975,-0.86729956,-1.3748703000000002,-1.532289,-0.46866497,-0.260968,3
-1.9369092,-1.4065934,-0.79367787,-0.011971008,0.88525605,1.4969746000000002,1.3521253999999998,0.7846996,0.43035775,0.57999533,-0.35913026,1.1725603,1.8315643,1.6723499,-0.7392098000000001,-1.9027918999999998,0.014963761,1.1270704,2.131438,0.53689975,-0.86729956,-1.3748703000000002,-1.532289,-0.46866497,-0.260968,-0.14604631,-0.14305355,-0.47884035,-0.81881696,-1.4778209999999998,-2.095525,-2.6755204,-2.492364,-1.762731,-1.2988545,-0.9498995000000001,-1.2677298000000001,-2.959832,-5.1170077,-4.187459,-0.3824737,-0.3788824,-1.4024036,-0.7990648,-1.7220296000000002,0.07062895,1.4347253999999998,1.0600328,-0.97264445,-2.5887306,3
-0.14604631,-0.14305355,-0.47884035,-0.81881696,-1.4778209999999998,-2.095525,-2.6755204,-2.492364,-1.762731,-1.2988545,-0.9498995000000001,-1.2677298000000001,-2.959832,-5.1170077,-4.187459,-0.3824737,-0.3788824,-1.4024036,-0.7990648,-1.7220296000000002,0.07062895,1.4347253999999998,1.0600328,-0.97264445,-2.5887306,-2.759916,-2.2272062000000004,-1.6071079,-1.1055226,-0.56802434,-0.14724341,0.36930559999999996,0.6278794,0.6560113000000001,0.49559975,0.31064767,0.6727706999999999,-0.19871874,1.2898762,1.8848352,1.8638860000000002,-1.073201,-2.6629508,1.5101427,1.9470845,1.3162124,0.15682021,-1.2312181999999998,-2.1068976000000004,-1.441908,3
-2.759916,-2.2272062000000004,-1.6071079,-1.1055226,-0.56802434,-0.14724341,0.36930559999999996,0.6278794,0.6560113000000001,0.49559975,0.31064767,0.6727706999999999,-0.19871874,1.2898762,1.8848352,1.8638860000000002,-1.073201,-2.6629508,1.5101427,1.9470845,1.3162124,0.15682021,-1.2312181999999998,-2.1068976000000004,-1.441908,-0.17118542,0.22984336,0.2765303,0.10833762599999999,-0.20949265,-0.8523358,-1.8177976999999998,-2.3624785,-2.8652607999999997,-2.5737667,-1.5861586,-1.0929531000000001,-1.1324573999999998,-1.4239515,-2.529474,-4.5914803,-4.0994720000000004,-1.0983399999999999,-0.5835866999999999,-2.0428526000000002,-0.86610246,-1.650802,-1.3431472,0.9415198,0.6452374,3
-0.17118542,0.22984336,0.2765303,0.10833762599999999,-0.20949265,-0.8523358,-1.8177976999999998,-2.3624785,-2.8652607999999997,-2.5737667,-1.5861586,-1.0929531000000001,-1.1324573999999998,-1.4239515,-2.529474,-4.5914803,-4.0994720000000004,-1.0983399999999999,-0.5835866999999999,-2.0428526000000002,-0.86610246,-1.650802,-1.3431472,0.9415198,0.6452374,-0.52253455,-2.0398598000000003,-2.0171148999999997,-1.4275428,-1.146224,-1.2054806,-1.2264298,-0.6751649000000001,0.019752163,0.5279215,0.54767364,0.45609543,0.3657143,0.6691794,0.074818805,1.0073603000000002,2.4181437000000003,2.508525,0.6823475,-2.4516625,0.46986207,2.1649568,1.7106571,0.36870706,-1.5472529,3
-0.52253455,-2.0398598000000003,-2.0171148999999997,-1.4275428,-1.146224,-1.2054806,-1.2264298,-0.6751649000000001,0.019752163,0.5279215,0.54767364,0.45609543,0.3657143,0.6691794,0.074818805,1.0073603000000002,2.4181437000000003,2.508525,0.6823475,-2.4516625,0.46986207,2.1649568,1.7106571,0.36870706,-1.5472529,-2.5181017000000003,-2.2373814999999997,-0.82480246,0.16879122,0.55844754,0.54647654,0.24899697,-0.24600422,-1.2042834999999998,-2.1398177000000005,-2.967613,-3.3680432000000002,-2.5941176,-1.5795746000000002,-0.9804255999999999,-0.81881696,-1.1569979,-3.4697970000000002,-5.5042696,-3.6493617999999994,-0.11133038,-0.51235914,-0.45669398,-1.6382325,-1.9285294999999998,3
-2.5181017000000003,-2.2373814999999997,-0.82480246,0.16879122,0.55844754,0.54647654,0.24899697,-0.24600422,-1.2042834999999998,-2.1398177000000005,-2.967613,-3.3680432000000002,-2.5941176,-1.5795746000000002,-0.9804255999999999,-0.81881696,-1.1569979,-3.4697970000000002,-5.5042696,-3.6493617999999994,-0.11133038,-0.51235914,-0.45669398,-1.6382325,-1.9285294999999998,0.6015432,1.2264298,0.09696517,-1.6376339,-2.4319102999999997,-2.0518308000000003,-1.7316063999999998,-1.3856442,-0.99060094,-0.37469256,0.41479546,0.86490536,0.7823054,0.28909984,0.08499416,0.31364042,0.32621,0.55964464,1.8423381999999997,1.857302,1.2294226000000001,-2.0925324,-3.6750996,1.4622587,2.6803088,3
0.6015432,1.2264298,0.09696517,-1.6376339,-2.4319102999999997,-2.0518308000000003,-1.7316063999999998,-1.3856442,-0.99060094,-0.37469256,0.41479546,0.86490536,0.7823054,0.28909984,0.08499416,0.31364042,0.32621,0.55964464,1.8423381999999997,1.857302,1.2294226000000001,-2.0925324,-3.6750996,1.4622587,2.6803088,2.2296004000000003,0.31364042,-1.4239515,-2.4785974,-1.869273,-0.46926352,0.16400282,0.50158525,0.62488663,0.29388827,-0.52373165,-1.6412252,-2.409764,-3.0214825000000003,-3.5314474000000002,-2.7096379,-1.7088615000000003,-0.7092823,-0.024540568,-0.52492875,-3.7900212,-5.1768627,-2.8808231,-0.11791443,-2.0057424999999998,3
2.2296004000000003,0.31364042,-1.4239515,-2.4785974,-1.869273,-0.46926352,0.16400282,0.50158525,0.62488663,0.29388827,-0.52373165,-1.6412252,-2.409764,-3.0214825000000003,-3.5314474000000002,-2.7096379,-1.7088615000000003,-0.7092823,-0.024540568,-0.52492875,-3.7900212,-5.1768627,-2.8808231,-0.11791443,-2.0057424999999998,-1.2850877,-1.5897499,-1.6813281999999998,0.5315128,0.42078096,-0.4429273,-1.567005,-2.2026656000000004,-2.0087352,-1.8076223000000002,-1.5436616,-1.0869676000000001,-0.3854665,0.30825347,0.6536171,0.46088383,0.17298107,0.009576807,-0.16160862,0.17776948,-0.9139864999999999,0.49739540000000004,2.0015526,3.0154970000000003,-0.61650693,3
-1.2850877,-1.5897499,-1.6813281999999998,0.5315128,0.42078096,-0.4429273,-1.567005,-2.2026656000000004,-2.0087352,-1.8076223000000002,-1.5436616,-1.0869676000000001,-0.3854665,0.30825347,0.6536171,0.46088383,0.17298107,0.009576807,-0.16160862,0.17776948,-0.9139864999999999,0.49739540000000004,2.0015526,3.0154970000000003,-0.61650693,-2.2577322,1.1001357,0.89184016,-0.19871874,-1.4502877,-2.4121582999999998,-0.82001406,0.81522566,1.7070657999999999,1.0109516,0.28371290000000005,0.18914193,0.19393034,-0.9900024,-1.9668366999999998,-2.540248,-2.825158,-3.1860838,-3.3375172999999996,-2.3331497000000003,-1.1558008,-1.4185646,-2.3379380000000003,-3.2423477000000003,-1.8770541,3
-2.2577322,1.1001357,0.89184016,-0.19871874,-1.4502877,-2.4121582999999998,-0.82001406,0.81522566,1.7070657999999999,1.0109516,0.28371290000000005,0.18914193,0.19393034,-0.9900024,-1.9668366999999998,-2.540248,-2.825158,-3.1860838,-3.3375172999999996,-2.3331497000000003,-1.1558008,-1.4185646,-2.3379380000000003,-3.2423477000000003,-1.8770541,-1.9590555,-2.7742812999999997,-0.60932434,-1.1139023000000001,-0.007781155400000001,0.2172738,-1.2629413999999999,-1.882441,-1.7824832,-1.2515688999999999,-0.5805939,-0.37469256,-0.3357868,-0.44173019999999996,-0.44592008,-0.30226797,0.15382746,0.47345337,0.62129533,0.7398083000000001,0.8834603999999999,0.6781576,-0.8595184000000001,-1.3239936,-0.38965634,3
-1.9590555,-2.7742812999999997,-0.60932434,-1.1139023000000001,-0.007781155400000001,0.2172738,-1.2629413999999999,-1.882441,-1.7824832,-1.2515688999999999,-0.5805939,-0.37469256,-0.3357868,-0.44173019999999996,-0.44592008,-0.30226797,0.15382746,0.47345337,0.62129533,0.7398083000000001,0.8834603999999999,0.6781576,-0.8595184000000001,-1.3239936,-0.38965634,1.0809821000000002,1.0965444,-0.93134445,0.64942724,2.7287915000000003,0.9708488000000001,1.1552023,0.7015011,-0.84575176,-1.0402806,-1.0187328000000002,-0.5506664000000001,0.06464344,0.60693014,0.61411273,-0.13347675,-1.0648212,-1.9644424999999999,-2.5600002,-2.8329391,-2.825158,-2.047641,-0.8948328999999999,-0.10175357,0.7015011,3
1.0809821000000002,1.0965444,-0.93134445,0.64942724,2.7287915000000003,0.9708488000000001,1.1552023,0.7015011,-0.84575176,-1.0402806,-1.0187328000000002,-0.5506664000000001,0.06464344,0.60693014,0.61411273,-0.13347675,-1.0648212,-1.9644424999999999,-2.5600002,-2.8329391,-2.825158,-2.047641,-0.8948328999999999,-0.10175357,0.7015011,-2.4007857000000006,-5.346252400000001,-5.3139305,-1.809418,-0.9552864999999999,-1.3449427999999999,0.8511386999999999,0.16220717,0.59495914,1.2162545,-0.25438392,-0.8583213,-1.4622587,-1.1552023,-0.6572084,-0.5578489999999999,-0.44951138,-0.53211135,-0.44891283,0.022146367,0.28550854,0.24121583,0.10115502,0.06284779,0.7757214,3
-2.4007857000000006,-5.346252400000001,-5.3139305,-1.809418,-0.9552864999999999,-1.3449427999999999,0.8511386999999999,0.16220717,0.59495914,1.2162545,-0.25438392,-0.8583213,-1.4622587,-1.1552023,-0.6572084,-0.5578489999999999,-0.44951138,-0.53211135,-0.44891283,0.022146367,0.28550854,0.24121583,0.10115502,0.06284779,0.7757214,-0.14664486,0.022146367,0.9900024,1.4490906000000001,-0.60214174,-2.8275523,0.56682724,2.6378117000000003,2.8508956000000003,1.6927006000000002,0.24121583,-0.5069722,-1.1923125,-1.3994108,-0.93014735,-0.45070848,0.3716998,0.9660603999999999,0.6697779,-0.21607670000000004,-1.1611878,-1.751957,-2.3840263,-3.0005333,-2.4552537999999995,3
-0.14664486,0.022146367,0.9900024,1.4490906000000001,-0.60214174,-2.8275523,0.56682724,2.6378117000000003,2.8508956000000003,1.6927006000000002,0.24121583,-0.5069722,-1.1923125,-1.3994108,-0.93014735,-0.45070848,0.3716998,0.9660603999999999,0.6697779,-0.21607670000000004,-1.1611878,-1.751957,-2.3840263,-3.0005333,-2.4552537999999995,-1.5813701999999998,-0.8379706,-0.6679823,-1.3682863,-3.9773676,-1.6627731,-1.6627731,-1.6627731,-1.0115502,-1.6639702,-3.855862,-3.2806550000000003,-0.61650693,-0.8888474000000001,-1.8734628,-1.4616601,-3.1597476,-1.4766238999999999,0.37289690000000003,-0.20709845,-1.7172412000000001,-2.834735,-2.0488381,-1.3569138,-0.8379706,3
-1.5813701999999998,-0.8379706,-0.6679823,-1.3682863,-3.9773676,-1.6627731,-1.6627731,-1.6627731,-1.0115502,-1.6639702,-3.855862,-3.2806550000000003,-0.61650693,-0.8888474000000001,-1.8734628,-1.4616601,-3.1597476,-1.4766238999999999,0.37289690000000003,-0.20709845,-1.7172412000000001,-2.834735,-2.0488381,-1.3569138,-0.8379706,-0.46208093,-0.25917232,0.08798691,0.16519992,0.16938977,-0.3477578,-0.27892449999999996,0.25737667,0.8343792999999999,0.7565677,2.3576900000000003,2.7216089,1.7124528,-2.6833014,-1.9841946,0.16699557,0.98581254,1.9560628,0.1412579,-1.2395979,-2.2421699,-1.4161704,0.044891283,0.58418524,0.49260699999999996,3
-0.46208093,-0.25917232,0.08798691,0.16519992,0.16938977,-0.3477578,-0.27892449999999996,0.25737667,0.8343792999999999,0.7565677,2.3576900000000003,2.7216089,1.7124528,-2.6833014,-1.9841946,0.16699557,0.98581254,1.9560628,0.1412579,-1.2395979,-2.2421699,-1.4161704,0.044891283,0.58418524,0.49260699999999996,0.21428105,-0.46148238,-1.3694833999999998,-2.1589713,-2.8042088,-2.9819782000000004,-2.4528596,-1.5735891000000002,-0.6997054,-0.5919664000000001,-0.8343792999999999,-3.5416229,-5.4934959999999995,-3.198055,0.48662150000000004,-0.61291564,-1.2904748,-2.1015105,-3.1992521000000003,-0.84575176,0.5626374,-0.037110128,-1.5448587,-2.1398177000000005,-1.5424645000000001,3
0.21428105,-0.46148238,-1.3694833999999998,-2.1589713,-2.8042088,-2.9819782000000004,-2.4528596,-1.5735891000000002,-0.6997054,-0.5919664000000001,-0.8343792999999999,-3.5416229,-5.4934959999999995,-3.198055,0.48662150000000004,-0.61291564,-1.2904748,-2.1015105,-3.1992521000000003,-0.84575176,0.5626374,-0.037110128,-1.5448587,-2.1398177000000005,-1.5424645000000001,-1.2958617000000001,-1.1204863999999999,-0.9175778,-0.44352585,0.073023155,0.350152,0.23283611,0.18375498,0.5117606,0.7158663000000001,0.21547815,0.31064767,2.0572178,2.4642322,1.8052281000000003,-1.7872716,-1.7417817,0.4405331,1.4197617,2.1146786,-0.17776948,-0.9319430000000001,-1.8997990000000002,-1.1839328000000002,0.2885013,3
-1.2958617000000001,-1.1204863999999999,-0.9175778,-0.44352585,0.073023155,0.350152,0.23283611,0.18375498,0.5117606,0.7158663000000001,0.21547815,0.31064767,2.0572178,2.4642322,1.8052281000000003,-1.7872716,-1.7417817,0.4405331,1.4197617,2.1146786,-0.17776948,-0.9319430000000001,-1.8997990000000002,-1.1839328000000002,0.2885013,0.825401,0.42437226,-0.025139118,-0.7733272,-1.4077905000000002,-2.0859482,-2.7138276,-3.2411506,-2.7132292000000002,-1.8608932,-1.4239515,-1.1982979999999999,-1.2330139,-1.8626889,-4.4400473,-4.365228,-1.3257892,0.31483752,-1.1408371000000002,-1.7501613999999999,-2.8754362999999996,-1.353921,1.1240777,1.2324153,-0.80325466,3
0.825401,0.42437226,-0.025139118,-0.7733272,-1.4077905000000002,-2.0859482,-2.7138276,-3.2411506,-2.7132292000000002,-1.8608932,-1.4239515,-1.1982979999999999,-1.2330139,-1.8626889,-4.4400473,-4.365228,-1.3257892,0.31483752,-1.1408371000000002,-1.7501613999999999,-2.8754362999999996,-1.353921,1.1240777,1.2324153,-0.80325466,-2.3116016,-2.1960813999999997,-1.5885528,-0.9792285,-0.7152678000000001,-0.36511576,-0.076015905,0.19093758,0.30286652,0.35194764,0.43275195,0.17836803,0.53330845,-0.010175358,1.1037270000000001,2.280477,2.5821466,0.61411273,-2.520496,-0.23762453,1.1366472,1.3904326,0.10654198,-1.3030443,-1.5460558,3
-2.3116016,-2.1960813999999997,-1.5885528,-0.9792285,-0.7152678000000001,-0.36511576,-0.076015905,0.19093758,0.30286652,0.35194764,0.43275195,0.17836803,0.53330845,-0.010175358,1.1037270000000001,2.280477,2.5821466,0.61411273,-2.520496,-0.23762453,1.1366472,1.3904326,0.10654198,-1.3030443,-1.5460558,-0.55844754,0.38845924,0.25198972,-0.34356794,-0.89423436,-1.1043254999999998,-1.3772645000000001,-1.6980876,-2.3319526,-2.6779146000000003,-2.4624363999999996,-1.8016368000000003,-1.8124107,-2.0075380000000003,-2.6007016,-2.006341,-3.957017,-3.5703532999999994,-0.32501290000000005,1.1719618,-0.84814596,-1.7764976000000003,-3.6721067,-2.3582888,-0.18195933,3
-0.55844754,0.38845924,0.25198972,-0.34356794,-0.89423436,-1.1043254999999998,-1.3772645000000001,-1.6980876,-2.3319526,-2.6779146000000003,-2.4624363999999996,-1.8016368000000003,-1.8124107,-2.0075380000000003,-2.6007016,-2.006341,-3.957017,-3.5703532999999994,-0.32501290000000005,1.1719618,-0.84814596,-1.7764976000000003,-3.6721067,-2.3582888,-0.18195933,-0.50637364,-1.6412252,-2.1906946,-1.496376,-0.82779527,-0.6326678000000001,-0.47524905,-0.55246204,-0.46806642,-0.39384618,-0.09696517,0.046686932,0.58538234,0.6254852,1.0307038,-0.24839842,0.7308300999999999,2.054225,2.8939912,-0.39923313,-2.9903579,0.41000703,0.57161564,1.0588357,-0.076015905,3
-0.50637364,-1.6412252,-2.1906946,-1.496376,-0.82779527,-0.6326678000000001,-0.47524905,-0.55246204,-0.46806642,-0.39384618,-0.09696517,0.046686932,0.58538234,0.6254852,1.0307038,-0.24839842,0.7308300999999999,2.054225,2.8939912,-0.39923313,-2.9903579,0.41000703,0.57161564,1.0588357,-0.076015905,-0.9235633,-1.5628152,-1.7723078,-0.46686932,-0.23882163,-0.007182605,0.0796072,-0.11911154,-0.6913256999999999,-1.4227544,-2.111686,-2.7712884,-2.8862102000000003,-2.2391772,-1.2384008,-1.0319009,-1.2521674999999999,-1.1737574,-3.2555158,-4.3113589999999995,-2.5306710999999997,-0.65301853,-1.429937,-1.7184383,-2.7754784,3
-0.9235633,-1.5628152,-1.7723078,-0.46686932,-0.23882163,-0.007182605,0.0796072,-0.11911154,-0.6913256999999999,-1.4227544,-2.111686,-2.7712884,-2.8862102000000003,-2.2391772,-1.2384008,-1.0319009,-1.2521674999999999,-1.1737574,-3.2555158,-4.3113589999999995,-2.5306710999999997,-0.65301853,-1.429937,-1.7184383,-2.7754784,-1.7220296000000002,0.86370826,1.2030864,-0.6751649000000001,-2.268506,-2.3708582000000002,-1.6675615000000001,-1.1863270000000001,-0.87089086,-0.8283938,-0.3357868,0.15981296,0.350152,0.18136078,-0.017357962,-0.14305355,-0.16579847,-0.29568392,0.9379284999999999,2.3558946,2.730587,1.3682863,-1.8052281000000003,-1.513734,0.075417355,3
-1.7220296000000002,0.86370826,1.2030864,-0.6751649000000001,-2.268506,-2.3708582000000002,-1.6675615000000001,-1.1863270000000001,-0.87089086,-0.8283938,-0.3357868,0.15981296,0.350152,0.18136078,-0.017357962,-0.14305355,-0.16579847,-0.29568392,0.9379284999999999,2.3558946,2.730587,1.3682863,-1.8052281000000003,-1.513734,0.075417355,2.1499932,1.4287398999999998,-0.074220255,-1.6986861,-2.4785974,-1.9674352,-0.75118077,0.15861586,0.34237084,-0.12509704,-0.84575176,-1.3712790000000001,-2.2864625,-2.8401217,-3.2615013,-2.7042507999999996,-1.1569979,-0.2813187,-0.31004912,-0.94211835,-3.6272156000000004,-5.8963203,-4.233547,-0.47285482,0.6607997,3
2.1499932,1.4287398999999998,-0.074220255,-1.6986861,-2.4785974,-1.9674352,-0.75118077,0.15861586,0.34237084,-0.12509704,-0.84575176,-1.3712790000000001,-2.2864625,-2.8401217,-3.2615013,-2.7042507999999996,-1.1569979,-0.2813187,-0.31004912,-0.94211835,-3.6272156000000004,-5.8963203,-4.233547,-0.47285482,0.6607997,-1.8818424999999999,-2.9855695,-1.7429788,1.1935096,2.9167361,1.4975731,-1.0516531,-2.2164322999999997,-2.160767,-1.6980876,-1.3545196000000002,-1.1773487,-0.6931214,0.009576807,0.45130703,0.6039374,0.25617957,-0.39923313,-0.46567222,0.006584055,-0.36511576,0.7703344,2.178125,2.2361843999999995,0.688333,3
-1.8818424999999999,-2.9855695,-1.7429788,1.1935096,2.9167361,1.4975731,-1.0516531,-2.2164322999999997,-2.160767,-1.6980876,-1.3545196000000002,-1.1773487,-0.6931214,0.009576807,0.45130703,0.6039374,0.25617957,-0.39923313,-0.46567222,0.006584055,-0.36511576,0.7703344,2.178125,2.2361843999999995,0.688333,-2.6270377999999996,-0.6572084,0.55964464,2.3511062000000003,1.9991584,-0.023343466,-0.8822633,-1.3844471,-0.7410054,0.25917232,0.54288524,0.32441434,0.16579847,-0.32920274,-0.96187055,-1.541866,-2.380435,-3.0974984,-2.9442697,-2.3900118,-1.958457,-1.429937,-0.7505821999999999,-2.622848,-4.8386817,3
-2.6270377999999996,-0.6572084,0.55964464,2.3511062000000003,1.9991584,-0.023343466,-0.8822633,-1.3844471,-0.7410054,0.25917232,0.54288524,0.32441434,0.16579847,-0.32920274,-0.96187055,-1.541866,-2.380435,-3.0974984,-2.9442697,-2.3900118,-1.958457,-1.429937,-0.7505821999999999,-2.622848,-4.8386817,-3.6984432000000003,-0.37588966,0.51355624,-0.98222125,-2.5486276,-3.1004913,-1.1851299,1.4167688999999999,1.8405426,-0.18854338,-2.4133554,-3.0639796,-2.3032220000000003,-1.6424223000000002,-1.0151415000000001,-0.57041854,-0.07003039999999999,0.42317516,0.5991489999999999,0.6003460999999999,0.38726214,-0.12090719,-0.3453636,0.31783026,-0.694917,3
-3.6984432000000003,-0.37588966,0.51355624,-0.98222125,-2.5486276,-3.1004913,-1.1851299,1.4167688999999999,1.8405426,-0.18854338,-2.4133554,-3.0639796,-2.3032220000000003,-1.6424223000000002,-1.0151415000000001,-0.57041854,-0.07003039999999999,0.42317516,0.5991489999999999,0.6003460999999999,0.38726214,-0.12090719,-0.3453636,0.31783026,-0.694917,0.9612719999999999,2.0925324,2.384625,-0.4357447,-1.429937,0.4141969,3.7116113,2.3139958,-0.9540894,-3.4871547,-4.180875,-1.5837643999999997,0.97862995,1.4700398000000001,0.717662,-0.007781155400000001,-0.6063316,-1.4024036,-1.8261773999999997,-2.461838,-3.0065188,-3.098097,-2.5923218999999995,-1.5143325,-0.8960299999999999,3
0.9612719999999999,2.0925324,2.384625,-0.4357447,-1.429937,0.4141969,3.7116113,2.3139958,-0.9540894,-3.4871547,-4.180875,-1.5837643999999997,0.97862995,1.4700398000000001,0.717662,-0.007781155400000001,-0.6063316,-1.4024036,-1.8261773999999997,-2.461838,-3.0065188,-3.098097,-2.5923218999999995,-1.5143325,-0.8960299999999999,-1.0031705,-0.91099375,-1.9901801,-4.4125137,-4.1545385999999995,-0.93852705,0.007182605,0.38307226,-1.5502456,-2.0159178,-0.46986207,1.3670892,0.019752163,-2.0386627,-3.4596214,-2.5049335999999998,-1.2318168,-0.6326678000000001,-0.46926352,-0.44173019999999996,-0.09816227,0.25917232,0.28191724,0.010773907,-0.08080431,3
-1.0031705,-0.91099375,-1.9901801,-4.4125137,-4.1545385999999995,-0.93852705,0.007182605,0.38307226,-1.5502456,-2.0159178,-0.46986207,1.3670892,0.019752163,-2.0386627,-3.4596214,-2.5049335999999998,-1.2318168,-0.6326678000000001,-0.46926352,-0.44173019999999996,-0.09816227,0.25917232,0.28191724,0.010773907,-0.08080431,0.18854338,0.7673416999999999,0.32142156,0.42556936,1.6597804,1.8471266,0.81043726,-2.72939,-0.8379706,0.7116765,1.5119383,0.9732430000000001,-0.7679402,-1.4520833,-1.5753847,-0.5793968,0.30526072,0.5165489999999999,0.03232172,-0.40162733,-0.9935937,-1.3856442,-1.8142063999999998,-2.3259668,-2.717419,3
0.18854338,0.7673416999999999,0.32142156,0.42556936,1.6597804,1.8471266,0.81043726,-2.72939,-0.8379706,0.7116765,1.5119383,0.9732430000000001,-0.7679402,-1.4520833,-1.5753847,-0.5793968,0.30526072,0.5165489999999999,0.03232172,-0.40162733,-0.9935937,-1.3856442,-1.8142063999999998,-2.3259668,-2.717419,-2.1877017000000003,-1.3383588,-1.2072762,-1.2282255,-1.0289081,-2.9352913,-4.584896,-3.2561142000000003,-0.5955577,-0.079008654,-0.31244332,-1.7160441000000002,-1.929128,-0.5117606,0.017956512,-1.8064252,-2.9592332999999997,-2.7425580000000003,-1.5682021000000002,-0.6937199000000001,-0.2885013,-0.27174190000000004,-0.338181,0.089782566,0.29867667,3
-2.1877017000000003,-1.3383588,-1.2072762,-1.2282255,-1.0289081,-2.9352913,-4.584896,-3.2561142000000003,-0.5955577,-0.079008654,-0.31244332,-1.7160441000000002,-1.929128,-0.5117606,0.017956512,-1.8064252,-2.9592332999999997,-2.7425580000000003,-1.5682021000000002,-0.6937199000000001,-0.2885013,-0.27174190000000004,-0.338181,0.089782566,0.29867667,0.39803603,0.26336220000000005,0.12868834,0.20470424,0.9720459000000001,-0.05865794,1.1408371000000002,1.9009962,2.7377696,0.18854338,-2.4762032000000005,-0.18136078,2.2637177000000004,2.1260512,-0.7637503000000001,-2.6779146000000003,-3.1088709999999997,-1.7190368000000003,0.2885013,0.52852005,-0.026934769,-0.42916065,-0.7493850999999999,-1.0696096000000002,-1.5508442,3
0.39803603,0.26336220000000005,0.12868834,0.20470424,0.9720459000000001,-0.05865794,1.1408371000000002,1.9009962,2.7377696,0.18854338,-2.4762032000000005,-0.18136078,2.2637177000000004,2.1260512,-0.7637503000000001,-2.6779146000000003,-3.1088709999999997,-1.7190368000000003,0.2885013,0.52852005,-0.026934769,-0.42916065,-0.7493850999999999,-1.0696096000000002,-1.5508442,-2.0470424,-2.6036943999999997,-2.9646204,-2.707842,-1.9021933000000002,-1.347337,-0.96905315,-1.0857705,-2.1721394,-4.528632599999999,-3.6559459999999997,-0.4950012,0.5907693,-1.9255368000000002,-0.6596026,-2.112883,-0.6889314999999999,2.441487,1.2252326999999998,-0.4369418,-1.8938134999999998,-1.7555484000000001,-1.6735470000000001,-1.650802,-1.4012065,3
-2.0470424,-2.6036943999999997,-2.9646204,-2.707842,-1.9021933000000002,-1.347337,-0.96905315,-1.0857705,-2.1721394,-4.528632599999999,-3.6559459999999997,-0.4950012,0.5907693,-1.9255368000000002,-0.6596026,-2.112883,-0.6889314999999999,2.441487,1.2252326999999998,-0.4369418,-1.8938134999999998,-1.7555484000000001,-1.6735470000000001,-1.650802,-1.4012065,-0.9331401,-0.24121583,0.24181437,0.4405331,0.17776948,-0.11671733,-0.16819267,0.051475335,-0.770933,0.521936,2.9586349,3.6996403,1.7914615000000003,-1.0175357,0.50637364,1.5496471,0.7398083000000001,0.08678981,-2.0428526000000002,-2.1841104,-1.1701661,-0.007781155400000001,0.62488663,0.62847793,0.12689269,3
-0.9331401,-0.24121583,0.24181437,0.4405331,0.17776948,-0.11671733,-0.16819267,0.051475335,-0.770933,0.521936,2.9586349,3.6996403,1.7914615000000003,-1.0175357,0.50637364,1.5496471,0.7398083000000001,0.08678981,-2.0428526000000002,-2.1841104,-1.1701661,-0.007781155400000001,0.62488663,0.62847793,0.12689269,-0.26276365,-0.7194576,-1.3587095,-1.9925743000000002,-2.0422540000000002,-1.7166426,-1.0720038,-1.3096284,-2.0248961,-1.8411411,-1.6861166,-3.3913867,-4.9320555,-2.2218192,0.61530983,-1.5999253,-1.7980455000000002,-2.8933928,-0.3764882,2.5701754,0.55964464,-1.1234791000000002,-2.3289597,-2.3241713,-1.6376339,3
-0.26276365,-0.7194576,-1.3587095,-1.9925743000000002,-2.0422540000000002,-1.7166426,-1.0720038,-1.3096284,-2.0248961,-1.8411411,-1.6861166,-3.3913867,-4.9320555,-2.2218192,0.61530983,-1.5999253,-1.7980455000000002,-2.8933928,-0.3764882,2.5701754,0.55964464,-1.1234791000000002,-2.3289597,-2.3241713,-1.6376339,-1.2695253999999998,-1.3210008,-0.98581254,-0.32022446,0.7092823,0.66858083,0.7086836999999999,0.93493575,0.7098808000000001,0.19812019,-0.11432313,1.4030021000000001,3.0729580000000003,1.7986441000000002,-1.9566613000000002,-0.23283611,0.3633201,1.411382,0.9876082,0.40162733,0.12509704,-0.45070848,-0.6913256999999999,-0.75477207,-0.07062895,3
-1.2695253999999998,-1.3210008,-0.98581254,-0.32022446,0.7092823,0.66858083,0.7086836999999999,0.93493575,0.7098808000000001,0.19812019,-0.11432313,1.4030021000000001,3.0729580000000003,1.7986441000000002,-1.9566613000000002,-0.23283611,0.3633201,1.411382,0.9876082,0.40162733,0.12509704,-0.45070848,-0.6913256999999999,-0.75477207,-0.07062895,0.28670564,0.4381389,0.22266077,-0.52373165,-1.2234371000000002,-2.1787236,-3.1214404,-3.1501707999999997,-2.3403322999999996,-1.6950948000000001,-1.0720038,-0.84096336,-1.435324,-4.279635400000001,-3.8241386,-1.0295067,0.5626374,-2.147599,-1.1911154,-1.6837223999999997,-1.3784616000000003,1.0402806,0.48482585,-1.0031705,-2.2559366,3
0.28670564,0.4381389,0.22266077,-0.52373165,-1.2234371000000002,-2.1787236,-3.1214404,-3.1501707999999997,-2.3403322999999996,-1.6950948000000001,-1.0720038,-0.84096336,-1.435324,-4.279635400000001,-3.8241386,-1.0295067,0.5626374,-2.147599,-1.1911154,-1.6837223999999997,-1.3784616000000003,1.0402806,0.48482585,-1.0031705,-2.2559366,-2.3876176,-1.4395138,-1.1605892,-1.0576386,-0.9708488000000001,-0.40761283,0.12210429,0.26156655,-0.1945289,-0.40821138,-0.109534726,1.0498575,0.40761283,1.9560628,2.8850130000000003,3.244742,0.12449849,-2.6844985,-1.0402806,-0.18914193,0.43514615,1.1408371000000002,0.33997664,-0.04369418,-0.6889314999999999,3
-2.3876176,-1.4395138,-1.1605892,-1.0576386,-0.9708488000000001,-0.40761283,0.12210429,0.26156655,-0.1945289,-0.40821138,-0.109534726,1.0498575,0.40761283,1.9560628,2.8850130000000003,3.244742,0.12449849,-2.6844985,-1.0402806,-0.18914193,0.43514615,1.1408371000000002,0.33997664,-0.04369418,-0.6889314999999999,-0.6715736,-0.3333926,-0.029927522,0.18555063,0.08080431,-0.40761283,-1.0480618,-1.9548656999999998,-2.9682117000000003,-3.7038300000000004,-3.127426,-2.3247697,-1.0875661,-0.61650693,-0.5231331,-4.2981906,-4.7141833,-1.5526398000000001,0.19572599,-2.1392192999999997,-2.2541409,-1.9716251,-1.6885108,0.5386954,1.3030443,3
-0.6715736,-0.3333926,-0.029927522,0.18555063,0.08080431,-0.40761283,-1.0480618,-1.9548656999999998,-2.9682117000000003,-3.7038300000000004,-3.127426,-2.3247697,-1.0875661,-0.61650693,-0.5231331,-4.2981906,-4.7141833,-1.5526398000000001,0.19572599,-2.1392192999999997,-2.2541409,-1.9716251,-1.6885108,0.5386954,1.3030443,0.7212533,-0.80564886,-2.2319946,-2.3948002,-2.272696,-1.9369092,-1.4065934,-0.79367787,-0.011971008,0.88525605,1.4969746000000002,1.3521253999999998,0.7846996,0.43035775,0.57999533,-0.35913026,1.1725603,1.8315643,1.6723499,-0.7392098000000001,-1.9027918999999998,0.014963761,1.1270704,2.131438,0.53689975,3
0.7212533,-0.80564886,-2.2319946,-2.3948002,-2.272696,-1.9369092,-1.4065934,-0.79367787,-0.011971008,0.88525605,1.4969746000000002,1.3521253999999998,0.7846996,0.43035775,0.57999533,-0.35913026,1.1725603,1.8315643,1.6723499,-0.7392098000000001,-1.9027918999999998,0.014963761,1.1270704,2.131438,0.53689975,-0.86729956,-1.3748703000000002,-1.532289,-0.46866497,-0.260968,-0.14604631,-0.14305355,-0.47884035,-0.81881696,-1.4778209999999998,-2.095525,-2.6755204,-2.492364,-1.762731,-1.2988545,-0.9498995000000001,-1.2677298000000001,-2.959832,-5.1170077,-4.187459,-0.3824737,-0.3788824,-1.4024036,-0.7990648,-1.7220296000000002,3
-0.86729956,-1.3748703000000002,-1.532289,-0.46866497,-0.260968,-0.14604631,-0.14305355,-0.47884035,-0.81881696,-1.4778209999999998,-2.095525,-2.6755204,-2.492364,-1.762731,-1.2988545,-0.9498995000000001,-1.2677298000000001,-2.959832,-5.1170077,-4.187459,-0.3824737,-0.3788824,-1.4024036,-0.7990648,-1.7220296000000002,0.07062895,1.4347253999999998,1.0600328,-0.97264445,-2.5887306,-2.759916,-2.2272062000000004,-1.6071079,-1.1055226,-0.56802434,-0.14724341,0.36930559999999996,0.6278794,0.6560113000000001,0.49559975,0.31064767,0.6727706999999999,-0.19871874,1.2898762,1.8848352,1.8638860000000002,-1.073201,-2.6629508,1.5101427,1.9470845,3
0.07062895,1.4347253999999998,1.0600328,-0.97264445,-2.5887306,-2.759916,-2.2272062000000004,-1.6071079,-1.1055226,-0.56802434,-0.14724341,0.36930559999999996,0.6278794,0.6560113000000001,0.49559975,0.31064767,0.6727706999999999,-0.19871874,1.2898762,1.8848352,1.8638860000000002,-1.073201,-2.6629508,1.5101427,1.9470845,1.3162124,0.15682021,-1.2312181999999998,-2.1068976000000004,-1.441908,-0.17118542,0.22984336,0.2765303,0.10833762599999999,-0.20949265,-0.8523358,-1.8177976999999998,-2.3624785,-2.8652607999999997,-2.5737667,-1.5861586,-1.0929531000000001,-1.1324573999999998,-1.4239515,-2.529474,-4.5914803,-4.0994720000000004,-1.0983399999999999,-0.5835866999999999,-2.0428526000000002,3
1.3162124,0.15682021,-1.2312181999999998,-2.1068976000000004,-1.441908,-0.17118542,0.22984336,0.2765303,0.10833762599999999,-0.20949265,-0.8523358,-1.8177976999999998,-2.3624785,-2.8652607999999997,-2.5737667,-1.5861586,-1.0929531000000001,-1.1324573999999998,-1.4239515,-2.529474,-4.5914803,-4.0994720000000004,-1.0983399999999999,-0.5835866999999999,-2.0428526000000002,-0.86610246,-1.650802,-1.3431472,0.9415198,0.6452374,-0.52253455,-2.0398598000000003,-2.0171148999999997,-1.4275428,-1.146224,-1.2054806,-1.2264298,-0.6751649000000001,0.019752163,0.5279215,0.54767364,0.45609543,0.3657143,0.6691794,0.074818805,1.0073603000000002,2.4181437000000003,2.508525,0.6823475,-2.4516625,3
-0.86610246,-1.650802,-1.3431472,0.9415198,0.6452374,-0.52253455,-2.0398598000000003,-2.0171148999999997,-1.4275428,-1.146224,-1.2054806,-1.2264298,-0.6751649000000001,0.019752163,0.5279215,0.54767364,0.45609543,0.3657143,0.6691794,0.074818805,1.0073603000000002,2.4181437000000003,2.508525,0.6823475,-2.4516625,0.46986207,2.1649568,1.7106571,0.36870706,-1.5472529,-2.5181017000000003,-2.2373814999999997,-0.82480246,0.16879122,0.55844754,0.54647654,0.24899697,-0.24600422,-1.2042834999999998,-2.1398177000000005,-2.967613,-3.3680432000000002,-2.5941176,-1.5795746000000002,-0.9804255999999999,-0.81881696,-1.1569979,-3.4697970000000002,-5.5042696,-3.6493617999999994,3
0.46986207,2.1649568,1.7106571,0.36870706,-1.5472529,-2.5181017000000003,-2.2373814999999997,-0.82480246,0.16879122,0.55844754,0.54647654,0.24899697,-0.24600422,-1.2042834999999998,-2.1398177000000005,-2.967613,-3.3680432000000002,-2.5941176,-1.5795746000000002,-0.9804255999999999,-0.81881696,-1.1569979,-3.4697970000000002,-5.5042696,-3.6493617999999994,-0.11133038,-0.51235914,-0.45669398,-1.6382325,-1.9285294999999998,0.6015432,1.2264298,0.09696517,-1.6376339,-2.4319102999999997,-2.0518308000000003,-1.7316063999999998,-1.3856442,-0.99060094,-0.37469256,0.41479546,0.86490536,0.7823054,0.28909984,0.08499416,0.31364042,0.32621,0.55964464,1.8423381999999997,1.857302,3
-0.11133038,-0.51235914,-0.45669398,-1.6382325,-1.9285294999999998,0.6015432,1.2264298,0.09696517,-1.6376339,-2.4319102999999997,-2.0518308000000003,-1.7316063999999998,-1.3856442,-0.99060094,-0.37469256,0.41479546,0.86490536,0.7823054,0.28909984,0.08499416,0.31364042,0.32621,0.55964464,1.8423381999999997,1.857302,1.2294226000000001,-2.0925324,-3.6750996,1.4622587,2.6803088,2.2296004000000003,0.31364042,-1.4239515,-2.4785974,-1.869273,-0.46926352,0.16400282,0.50158525,0.62488663,0.29388827,-0.52373165,-1.6412252,-2.409764,-3.0214825000000003,-3.5314474000000002,-2.7096379,-1.7088615000000003,-0.7092823,-0.024540568,-0.52492875,3
1.2294226000000001,-2.0925324,-3.6750996,1.4622587,2.6803088,2.2296004000000003,0.31364042,-1.4239515,-2.4785974,-1.869273,-0.46926352,0.16400282,0.50158525,0.62488663,0.29388827,-0.52373165,-1.6412252,-2.409764,-3.0214825000000003,-3.5314474000000002,-2.7096379,-1.7088615000000003,-0.7092823,-0.024540568,-0.52492875,-3.7900212,-5.1768627,-2.8808231,-0.11791443,-2.0057424999999998,-1.2850877,-1.5897499,-1.6813281999999998,0.5315128,0.42078096,-0.4429273,-1.567005,-2.2026656000000004,-2.0087352,-1.8076223000000002,-1.5436616,-1.0869676000000001,-0.3854665,0.30825347,0.6536171,0.46088383,0.17298107,0.009576807,-0.16160862,0.17776948,3
-3.7900212,-5.1768627,-2.8808231,-0.11791443,-2.0057424999999998,-1.2850877,-1.5897499,-1.6813281999999998,0.5315128,0.42078096,-0.4429273,-1.567005,-2.2026656000000004,-2.0087352,-1.8076223000000002,-1.5436616,-1.0869676000000001,-0.3854665,0.30825347,0.6536171,0.46088383,0.17298107,0.009576807,-0.16160862,0.17776948,-0.9139864999999999,0.49739540000000004,2.0015526,3.0154970000000003,-0.61650693,-2.2577322,1.1001357,0.89184016,-0.19871874,-1.4502877,-2.4121582999999998,-0.82001406,0.81522566,1.7070657999999999,1.0109516,0.28371290000000005,0.18914193,0.19393034,-0.9900024,-1.9668366999999998,-2.540248,-2.825158,-3.1860838,-3.3375172999999996,-2.3331497000000003,3
-0.9139864999999999,0.49739540000000004,2.0015526,3.0154970000000003,-0.61650693,-2.2577322,1.1001357,0.89184016,-0.19871874,-1.4502877,-2.4121582999999998,-0.82001406,0.81522566,1.7070657999999999,1.0109516,0.28371290000000005,0.18914193,0.19393034,-0.9900024,-1.9668366999999998,-2.540248,-2.825158,-3.1860838,-3.3375172999999996,-2.3331497000000003,-1.1558008,-1.4185646,-2.3379380000000003,-3.2423477000000003,-1.8770541,-1.9590555,-2.7742812999999997,-0.60932434,-1.1139023000000001,-0.007781155400000001,0.2172738,-1.2629413999999999,-1.882441,-1.7824832,-1.2515688999999999,-0.5805939,-0.37469256,-0.3357868,-0.44173019999999996,-0.44592008,-0.30226797,0.15382746,0.47345337,0.62129533,0.7398083000000001,3
-1.1558008,-1.4185646,-2.3379380000000003,-3.2423477000000003,-1.8770541,-1.9590555,-2.7742812999999997,-0.60932434,-1.1139023000000001,-0.007781155400000001,0.2172738,-1.2629413999999999,-1.882441,-1.7824832,-1.2515688999999999,-0.5805939,-0.37469256,-0.3357868,-0.44173019999999996,-0.44592008,-0.30226797,0.15382746,0.47345337,0.62129533,0.7398083000000001,0.8834603999999999,0.6781576,-0.8595184000000001,-1.3239936,-0.38965634,1.0809821000000002,1.0965444,-0.93134445,0.64942724,2.7287915000000003,0.9708488000000001,1.1552023,0.7015011,-0.84575176,-1.0402806,-1.0187328000000002,-0.5506664000000001,0.06464344,0.60693014,0.61411273,-0.13347675,-1.0648212,-1.9644424999999999,-2.5600002,-2.8329391,3
0.8834603999999999,0.6781576,-0.8595184000000001,-1.3239936,-0.38965634,1.0809821000000002,1.0965444,-0.93134445,0.64942724,2.7287915000000003,0.9708488000000001,1.1552023,0.7015011,-0.84575176,-1.0402806,-1.0187328000000002,-0.5506664000000001,0.06464344,0.60693014,0.61411273,-0.13347675,-1.0648212,-1.9644424999999999,-2.5600002,-2.8329391,-2.825158,-2.047641,-0.8948328999999999,-0.10175357,0.7015011,-2.4007857000000006,-5.346252400000001,-5.3139305,-1.809418,-0.9552864999999999,-1.3449427999999999,0.8511386999999999,0.16220717,0.59495914,1.2162545,-0.25438392,-0.8583213,-1.4622587,-1.1552023,-0.6572084,-0.5578489999999999,-0.44951138,-0.53211135,-0.44891283,0.022146367,3
-2.825158,-2.047641,-0.8948328999999999,-0.10175357,0.7015011,-2.4007857000000006,-5.346252400000001,-5.3139305,-1.809418,-0.9552864999999999,-1.3449427999999999,0.8511386999999999,0.16220717,0.59495914,1.2162545,-0.25438392,-0.8583213,-1.4622587,-1.1552023,-0.6572084,-0.5578489999999999,-0.44951138,-0.53211135,-0.44891283,0.022146367,0.28550854,0.24121583,0.10115502,0.06284779,0.7757214,-0.14664486,0.022146367,0.9900024,1.4490906000000001,-0.60214174,-2.8275523,0.56682724,2.6378117000000003,2.8508956000000003,1.6927006000000002,0.24121583,-0.5069722,-1.1923125,-1.3994108,-0.93014735,-0.45070848,0.3716998,0.9660603999999999,0.6697779,-0.21607670000000004,3
0.28550854,0.24121583,0.10115502,0.06284779,0.7757214,-0.14664486,0.022146367,0.9900024,1.4490906000000001,-0.60214174,-2.8275523,0.56682724,2.6378117000000003,2.8508956000000003,1.6927006000000002,0.24121583,-0.5069722,-1.1923125,-1.3994108,-0.93014735,-0.45070848,0.3716998,0.9660603999999999,0.6697779,-0.21607670000000004,-1.1611878,-1.751957,-2.3840263,-3.0005333,-2.4552537999999995,-1.5813701999999998,-0.8379706,-0.6679823,-1.3682863,-3.9773676,-2.0805612,-2.0805612,-2.0805612,-2.248754,-1.95307,-1.1282675,-0.89064306,-0.7811083000000001,-2.5049335999999998,-4.2556934,-3.6601357000000005,-0.99538934,-0.75596917,-0.18734628,-1.6795325,3
-1.1611878,-1.751957,-2.3840263,-3.0005333,-2.4552537999999995,-1.5813701999999998,-0.8379706,-0.6679823,-1.3682863,-3.9773676,-2.0805612,-2.0805612,-2.0805612,-2.248754,-1.95307,-1.1282675,-0.89064306,-0.7811083000000001,-2.5049335999999998,-4.2556934,-3.6601357000000005,-0.99538934,-0.75596917,-0.18734628,-1.6795325,-2.7407625,-0.44711718,1.0342950999999998,0.8206126,-0.24301147,-1.2042834999999998,-1.2282255,-1.3724761,-1.4454993,-1.5939398,-1.3024458,-0.61890113,0.08140286,0.7332243,0.85652566,0.37948096,-0.1412579,-0.80804306,-0.7242460000000001,1.1121067,1.5777789,0.7015011,-1.5215151000000002,-0.9487024,0.65541273,3
-2.7407625,-0.44711718,1.0342950999999998,0.8206126,-0.24301147,-1.2042834999999998,-1.2282255,-1.3724761,-1.4454993,-1.5939398,-1.3024458,-0.61890113,0.08140286,0.7332243,0.85652566,0.37948096,-0.1412579,-0.80804306,-0.7242460000000001,1.1121067,1.5777789,0.7015011,-1.5215151000000002,-0.9487024,0.65541273,0.52373165,0.28311434,-1.174356,-1.7711107,-1.4933833,-0.2908955,0.22685061,0.6147113000000001,0.7110779,0.5674258000000001,0.11312603,-0.64703304,-1.4568716999999998,-2.2709002000000003,-3.1387985,-2.6719291000000003,-1.5628152,-0.57879823,-0.7637503000000001,-1.2545617,-3.8259343999999995,-4.4023385,-2.3864205000000003,-0.3405752,-1.5765818,3
0.52373165,0.28311434,-1.174356,-1.7711107,-1.4933833,-0.2908955,0.22685061,0.6147113000000001,0.7110779,0.5674258000000001,0.11312603,-0.64703304,-1.4568716999999998,-2.2709002000000003,-3.1387985,-2.6719291000000003,-1.5628152,-0.57879823,-0.7637503000000001,-1.2545617,-3.8259343999999995,-4.4023385,-2.3864205000000003,-0.3405752,-1.5765818,-0.7589619000000001,-1.6741456000000001,-1.002572,1.2509704,1.3461398999999998,0.27892449999999996,-1.4317327,-1.9722236000000002,-1.6597804,-1.6065093000000001,-1.3521253999999998,-1.1761516,-0.84455466,-0.3286042,0.31124622,0.86490536,0.789488,0.05805939,-0.5201403,-1.2587515,-0.5542577,1.110311,1.7010802999999999,0.077811554,-1.5442601,3
-0.7589619000000001,-1.6741456000000001,-1.002572,1.2509704,1.3461398999999998,0.27892449999999996,-1.4317327,-1.9722236000000002,-1.6597804,-1.6065093000000001,-1.3521253999999998,-1.1761516,-0.84455466,-0.3286042,0.31124622,0.86490536,0.789488,0.05805939,-0.5201403,-1.2587515,-0.5542577,1.110311,1.7010802999999999,0.077811554,-1.5442601,0.17178397,0.0023942017,0.28909984,-0.55365914,-1.2090718999999999,-1.5448587,-1.4873978,-0.6548142,0.14724341,0.5710170999999999,0.7140707,0.45908818,-0.11851298,-0.8726865,-1.6525976999999998,-2.2391772,-2.9209259999999997,-2.3666685000000003,-1.4101848999999997,-0.91697925,-1.0965444,-1.9063831999999998,-4.252701,-4.247912400000001,-1.5275006000000002,3
0.17178397,0.0023942017,0.28909984,-0.55365914,-1.2090718999999999,-1.5448587,-1.4873978,-0.6548142,0.14724341,0.5710170999999999,0.7140707,0.45908818,-0.11851298,-0.8726865,-1.6525976999999998,-2.2391772,-2.9209259999999997,-2.3666685000000003,-1.4101848999999997,-0.91697925,-1.0965444,-1.9063831999999998,-4.252701,-4.247912400000001,-1.5275006000000002,0.23702596,-1.30484,-1.2174516000000002,-1.9590555,-0.44232875,1.1563994,0.81881696,-0.3357868,-1.4209588,-1.5969325,-1.4041992,-1.4077905000000002,-1.3413515,-1.1653777,-0.6871359,0.25558102,0.84455466,0.7733272,0.034117375,-0.62847793,-0.79966336,-0.8206126,0.39384618,1.4838065,2.143409,3
0.23702596,-1.30484,-1.2174516000000002,-1.9590555,-0.44232875,1.1563994,0.81881696,-0.3357868,-1.4209588,-1.5969325,-1.4041992,-1.4077905000000002,-1.3413515,-1.1653777,-0.6871359,0.25558102,0.84455466,0.7733272,0.034117375,-0.62847793,-0.79966336,-0.8206126,0.39384618,1.4838065,2.143409,0.23104046,-1.5987281999999998,-0.11611878,-0.12629414,-0.13826515,-0.90979666,-1.8195933000000002,-1.8590976000000001,-1.3551182,-0.09696517,0.62249243,0.79846627,0.7338228,0.30705637,-0.47105917,-1.2779051000000001,-1.6873136999999998,-2.4372973,-3.2573112999999996,-2.8616695,-1.9608511999999998,-1.0151415000000001,-0.4938041,-1.6460136000000003,-3.764882,3
0.23104046,-1.5987281999999998,-0.11611878,-0.12629414,-0.13826515,-0.90979666,-1.8195933000000002,-1.8590976000000001,-1.3551182,-0.09696517,0.62249243,0.79846627,0.7338228,0.30705637,-0.47105917,-1.2779051000000001,-1.6873136999999998,-2.4372973,-3.2573112999999996,-2.8616695,-1.9608511999999998,-1.0151415000000001,-0.4938041,-1.6460136000000003,-3.764882,-4.3915644,-2.2463598,-0.53929394,-0.75477207,-0.82719666,-1.774702,-0.5129577000000001,1.0031705,0.6841431,-0.4950012,-1.6795325,-1.7669207999999998,-1.5047556999999998,-1.4562732,-1.340753,-1.1492168,-0.6757634,-0.110133275,0.31423897,0.7146691999999999,0.49919105,-0.15083471,-0.6476316,-0.8936358,0.41180268,3
-4.3915644,-2.2463598,-0.53929394,-0.75477207,-0.82719666,-1.774702,-0.5129577000000001,1.0031705,0.6841431,-0.4950012,-1.6795325,-1.7669207999999998,-1.5047556999999998,-1.4562732,-1.340753,-1.1492168,-0.6757634,-0.110133275,0.31423897,0.7146691999999999,0.49919105,-0.15083471,-0.6476316,-0.8936358,0.41180268,1.4036007,2.6844985,0.32561144,-1.5544354999999999,-0.32561144,0.16938977,-0.28670564,-1.4802152,-2.099715,-1.9847932000000001,-1.0726023999999998,0.05267244,0.25857377,0.22325931,0.24181437,-0.107739076,-0.80564886,-1.6687585999999999,-2.0679917000000003,-2.292448,-2.6222494,-2.2631192,-1.5502456,-1.1593921,-0.98461545,3
1.4036007,2.6844985,0.32561144,-1.5544354999999999,-0.32561144,0.16938977,-0.28670564,-1.4802152,-2.099715,-1.9847932000000001,-1.0726023999999998,0.05267244,0.25857377,0.22325931,0.24181437,-0.107739076,-0.80564886,-1.6687585999999999,-2.0679917000000003,-2.292448,-2.6222494,-2.2631192,-1.5502456,-1.1593921,-0.98461545,-1.5436616,-3.9348705,-3.3213562999999993,-0.6536171,1.5897499,-2.1739352000000003,-1.7202339,-1.3760674,-2.4498667999999997,0.6865373,0.31124622,-0.6596026,-1.484405,-1.4550761,-0.6931214,-0.86251116,-0.81043726,-1.1683705,-1.1330559,-0.6500258000000001,0.08918401599999999,0.30107087,0.2621651,0.22026655,-0.4285621,3
-1.5436616,-3.9348705,-3.3213562999999993,-0.6536171,1.5897499,-2.1739352000000003,-1.7202339,-1.3760674,-2.4498667999999997,0.6865373,0.31124622,-0.6596026,-1.484405,-1.4550761,-0.6931214,-0.86251116,-0.81043726,-1.1683705,-1.1330559,-0.6500258000000001,0.08918401599999999,0.30107087,0.2621651,0.22026655,-0.4285621,-1.0414777,-0.5093664000000001,0.7044938000000001,1.6579846999999999,0.801459,-2.1440077,-0.8487445,-0.6937199000000001,0.7793127,0.46627077,-0.54408234,-0.33518824,-0.7721300999999999,-0.76315176,-0.13826515,0.3405752,0.48243165,0.33518824,0.036511577999999996,-0.6560113000000001,-1.3533225,-1.8297686999999998,-1.8189948,-1.407192,-0.75477207,3
-1.0414777,-0.5093664000000001,0.7044938000000001,1.6579846999999999,0.801459,-2.1440077,-0.8487445,-0.6937199000000001,0.7793127,0.46627077,-0.54408234,-0.33518824,-0.7721300999999999,-0.76315176,-0.13826515,0.3405752,0.48243165,0.33518824,0.036511577999999996,-0.6560113000000001,-1.3533225,-1.8297686999999998,-1.8189948,-1.407192,-0.75477207,-0.7074866,-0.98102415,-3.4703953000000003,-4.2610803,-2.4085669999999997,1.5191208999999999,0.01616086,-1.3281834,-1.2958617000000001,-3.1046810000000002,-0.49320555,0.7206547,0.023942016,-0.78888947,-1.9500773,-1.7537526999999997,-1.6280571000000001,-1.5275006000000002,-1.4778209999999998,-1.3096284,-0.7613561,-0.06584055,0.415394,0.6733691999999999,0.57999533,3
-0.7074866,-0.98102415,-3.4703953000000003,-4.2610803,-2.4085669999999997,1.5191208999999999,0.01616086,-1.3281834,-1.2958617000000001,-3.1046810000000002,-0.49320555,0.7206547,0.023942016,-0.78888947,-1.9500773,-1.7537526999999997,-1.6280571000000001,-1.5275006000000002,-1.4778209999999998,-1.3096284,-0.7613561,-0.06584055,0.415394,0.6733691999999999,0.57999533,0.43933599999999995,0.41958386,0.10295067,1.8040310000000002,2.859874,2.047641,-1.1791444,-1.6334441000000002,0.7254431,1.3790601,0.65541273,-0.22505496,-1.3634979,-1.572392,-0.44173019999999996,0.0047884034,-0.14305355,-0.015562311,0.110731825,-0.16879122,-1.073201,-2.0374656000000004,-2.4660277,-2.9670146,-2.6144682999999995,3
0.43933599999999995,0.41958386,0.10295067,1.8040310000000002,2.859874,2.047641,-1.1791444,-1.6334441000000002,0.7254431,1.3790601,0.65541273,-0.22505496,-1.3634979,-1.572392,-0.44173019999999996,0.0047884034,-0.14305355,-0.015562311,0.110731825,-0.16879122,-1.073201,-2.0374656000000004,-2.4660277,-2.9670146,-2.6144682999999995,-2.0913353,-1.1677719,-1.3718776000000001,-1.6220716,-4.158728,-3.7259765,-0.7044938000000001,1.4754268,-2.0009542000000002,-1.9704279999999998,-2.0416555,-1.9560628,0.56563014,1.0151415000000001,0.28909984,-0.84216046,-1.2749124,-1.1031284,-1.2677298000000001,-1.3389573000000001,-1.2437878,-0.92895025,-0.45370123,-0.007781155400000001,0.39025488,3
-2.0913353,-1.1677719,-1.3718776000000001,-1.6220716,-4.158728,-3.7259765,-0.7044938000000001,1.4754268,-2.0009542000000002,-1.9704279999999998,-2.0416555,-1.9560628,0.56563014,1.0151415000000001,0.28909984,-0.84216046,-1.2749124,-1.1031284,-1.2677298000000001,-1.3389573000000001,-1.2437878,-0.92895025,-0.45370123,-0.007781155400000001,0.39025488,0.17298107,0.05805939,-0.29747957,-0.98222125,0.40521863,1.9740193,2.4582467,0.53570265,-2.4277205000000004,1.5957354,1.8501193999999999,3.2603042,1.365892,-1.0959458,-2.7377696,-2.7216089,-1.3838485,-0.5105635000000001,0.05805939,0.23942018,0.27593175,-0.050278235,-0.6955156,-1.4568716999999998,-2.1823148999999997,3
0.17298107,0.05805939,-0.29747957,-0.98222125,0.40521863,1.9740193,2.4582467,0.53570265,-2.4277205000000004,1.5957354,1.8501193999999999,3.2603042,1.365892,-1.0959458,-2.7377696,-2.7216089,-1.3838485,-0.5105635000000001,0.05805939,0.23942018,0.27593175,-0.050278235,-0.6955156,-1.4568716999999998,-2.1823148999999997,-2.5384523999999997,-2.1290438,-1.541866,-1.4502877,-1.6184803,-1.5310919,-3.401562,-4.0761285,-2.1727380000000003,0.42676646,-0.53570265,-0.46267948,-1.9387047999999998,-2.3056161,0.29149407,1.0402806,-0.26755205,-1.9674352,-2.7401638,-2.0207062,-1.3611037,-0.7428011,-0.736217,-0.47405192,-0.25617957,3
-2.5384523999999997,-2.1290438,-1.541866,-1.4502877,-1.6184803,-1.5310919,-3.401562,-4.0761285,-2.1727380000000003,0.42676646,-0.53570265,-0.46267948,-1.9387047999999998,-2.3056161,0.29149407,1.0402806,-0.26755205,-1.9674352,-2.7401638,-2.0207062,-1.3611037,-0.7428011,-0.736217,-0.47405192,-0.25617957,0.04129998,-0.0047884034,-0.31064767,-0.19812019,0.010175358,-0.5363011999999999,0.62129533,1.8154035,2.8658595,1.7483658,-1.6675615000000001,-0.9247603999999999,0.05805939,0.47165772,-0.18195933,-0.44651863,-1.0899603,-2.3756466,-1.7513584999999998,-0.29628247,0.6356605,1.1180921999999998,1.0402806,0.25378537,-0.7769185000000001,3
0.04129998,-0.0047884034,-0.31064767,-0.19812019,0.010175358,-0.5363011999999999,0.62129533,1.8154035,2.8658595,1.7483658,-1.6675615000000001,-0.9247603999999999,0.05805939,0.47165772,-0.18195933,-0.44651863,-1.0899603,-2.3756466,-1.7513584999999998,-0.29628247,0.6356605,1.1180921999999998,1.0402806,0.25378537,-0.7769185000000001,-1.6843209,-2.421735,-3.004723,-2.7006595,-1.8590976000000001,-0.9068039000000001,-0.5033809,0.14006079999999999,-2.7222072999999996,-4.6698904,-3.4428620000000003,0.15861586,-0.6667852,-1.3652935,-2.333748,-3.8881836000000005,-1.158195,1.0354922,0.79846627,-0.6901286,-2.0260932,-1.8579005000000002,-1.520318,-1.1767502,-1.0642227,3
-1.6843209,-2.421735,-3.004723,-2.7006595,-1.8590976000000001,-0.9068039000000001,-0.5033809,0.14006079999999999,-2.7222072999999996,-4.6698904,-3.4428620000000003,0.15861586,-0.6667852,-1.3652935,-2.333748,-3.8881836000000005,-1.158195,1.0354922,0.79846627,-0.6901286,-2.0260932,-1.8579005000000002,-1.520318,-1.1767502,-1.0642227,-0.83138657,-0.504578,-0.25677812,-0.047884032,-0.010773907,0.05865794,0.76554596,0.97384155,0.47225627,1.347337,1.8698715,1.9231426,-1.8231846,-2.3122002999999998,0.58418524,1.8267759,1.8177976999999998,-0.33638534,-1.9393034,-2.5288756,-1.2366052,0.3657143,0.39145198,0.36272156,0.2669535,3
-0.83138657,-0.504578,-0.25677812,-0.047884032,-0.010773907,0.05865794,0.76554596,0.97384155,0.47225627,1.347337,1.8698715,1.9231426,-1.8231846,-2.3122002999999998,0.58418524,1.8267759,1.8177976999999998,-0.33638534,-1.9393034,-2.5288756,-1.2366052,0.3657143,0.39145198,0.36272156,0.2669535,-0.1412579,-0.84335756,-1.6424223000000002,-2.5139117000000004,-3.2429460999999997,-2.9053638,-1.958457,-0.7727286,-0.42197806,-0.65900403,-2.8502972,-4.5561657,-3.4410665000000003,0.19572599,-0.47764325,-1.0319009,-0.86490536,-2.7311857,-0.9199719999999999,0.8559271,0.6865373,-0.55246204,-2.3008277,-2.2936451,-2.0284874,3
-0.1412579,-0.84335756,-1.6424223000000002,-2.5139117000000004,-3.2429460999999997,-2.9053638,-1.958457,-0.7727286,-0.42197806,-0.65900403,-2.8502972,-4.5561657,-3.4410665000000003,0.19572599,-0.47764325,-1.0319009,-0.86490536,-2.7311857,-0.9199719999999999,0.8559271,0.6865373,-0.55246204,-2.3008277,-2.2936451,-2.0284874,-1.4161704,-0.7565677,-0.30825347,0.20590134,0.4997896,0.52732295,0.21607670000000004,0.04189853,-0.05925649,-0.42975920000000006,-0.8882488000000002,0.29927522,1.8447324,2.433706,0.14664486,-1.6998832,0.2705448,1.7507599999999999,1.7776948000000001,0.66379243,-1.6376339,-2.1583729,-2.1667526,-0.4950012,0.40102878,3
-1.4161704,-0.7565677,-0.30825347,0.20590134,0.4997896,0.52732295,0.21607670000000004,0.04189853,-0.05925649,-0.42975920000000006,-0.8882488000000002,0.29927522,1.8447324,2.433706,0.14664486,-1.6998832,0.2705448,1.7507599999999999,1.7776948000000001,0.66379243,-1.6376339,-2.1583729,-2.1667526,-0.4950012,0.40102878,0.7188591,0.6290765,0.31423897,-0.3681085,-1.3611037,-2.2110453,-2.7928362,-2.8233624,-1.8303672,-0.94690675,-0.56563014,-0.4309563,-0.44352585,-4.058171700000001,-5.477335,-3.2112230999999998,-0.16639702,0.077213004,-0.688333,-2.4103625,-2.11827,0.48003745,1.6262615,0.6398504,-1.6849195,3
0.7188591,0.6290765,0.31423897,-0.3681085,-1.3611037,-2.2110453,-2.7928362,-2.8233624,-1.8303672,-0.94690675,-0.56563014,-0.4309563,-0.44352585,-4.058171700000001,-5.477335,-3.2112230999999998,-0.16639702,0.077213004,-0.688333,-2.4103625,-2.11827,0.48003745,1.6262615,0.6398504,-1.6849195,-2.529474,-2.1655555,-1.8046296000000002,-1.3263878,-0.76195467,-0.32202014,0.29029694,0.7015011,0.8194155000000001,0.4758476,-0.36511576,-0.7320272,-0.85413146,-0.28790274,1.6011223999999997,2.3834279,1.3383588,-1.3431472,-1.3718776000000001,1.5340848,2.7335799,1.1258733,-1.8183962,-3.1489737,-2.4600422,3
-2.529474,-2.1655555,-1.8046296000000002,-1.3263878,-0.76195467,-0.32202014,0.29029694,0.7015011,0.8194155000000001,0.4758476,-0.36511576,-0.7320272,-0.85413146,-0.28790274,1.6011223999999997,2.3834279,1.3383588,-1.3431472,-1.3718776000000001,1.5340848,2.7335799,1.1258733,-1.8183962,-3.1489737,-2.4600422,-0.7080852,0.20949265,0.35254622,0.06943185,-0.13108255,-0.3764882,-1.1007341999999998,-2.055422,-2.6366146,-2.8634652999999997,-2.3780408,-1.5340848,-0.66858083,-0.91219085,-1.1013328000000002,-4.0037036,-3.8863877999999996,-0.4357447,2.1350293,-1.5969325,-2.498948,-4.3418846,-3.5781345,0.16280572,1.073201,3
-0.7080852,0.20949265,0.35254622,0.06943185,-0.13108255,-0.3764882,-1.1007341999999998,-2.055422,-2.6366146,-2.8634652999999997,-2.3780408,-1.5340848,-0.66858083,-0.91219085,-1.1013328000000002,-4.0037036,-3.8863877999999996,-0.4357447,2.1350293,-1.5969325,-2.498948,-4.3418846,-3.5781345,0.16280572,1.073201,0.50038815,-1.2198458,-1.9105729999999999,-1.4909891000000002,-1.2210428999999998,-1.0666169,-0.83378077,-0.50517654,-0.0053869537,0.35254622,0.37289690000000003,0.019752163,-0.25558102,-0.30585927,-0.52373165,0.037110128,1.4030021000000001,2.8502972,1.9297266,-0.76554596,0.6757634,1.7483658,1.062427,-0.0047884034,-2.2230163,3
0.50038815,-1.2198458,-1.9105729999999999,-1.4909891000000002,-1.2210428999999998,-1.0666169,-0.83378077,-0.50517654,-0.0053869537,0.35254622,0.37289690000000003,0.019752163,-0.25558102,-0.30585927,-0.52373165,0.037110128,1.4030021000000001,2.8502972,1.9297266,-0.76554596,0.6757634,1.7483658,1.062427,-0.0047884034,-2.2230163,-2.9526494,-2.9358897,-1.1270704,0.6368576,0.9247603999999999,0.8996213,0.48243165,-0.13347675,-0.8499416,-1.6280571000000001,-1.7363948,-1.8315643,-1.5556326,-1.2791021999999999,-0.7721300999999999,-1.2258313,-1.3826513999999999,-4.0264487,-3.470994,-0.88405895,0.97144735,-1.5927427,-1.9662381000000002,-2.9706059,-2.2343888,3
-2.9526494,-2.9358897,-1.1270704,0.6368576,0.9247603999999999,0.8996213,0.48243165,-0.13347675,-0.8499416,-1.6280571000000001,-1.7363948,-1.8315643,-1.5556326,-1.2791021999999999,-0.7721300999999999,-1.2258313,-1.3826513999999999,-4.0264487,-3.470994,-0.88405895,0.97144735,-1.5927427,-1.9662381000000002,-2.9706059,-2.2343888,0.38307226,0.47465047,-0.8810662,-2.3720553,-2.3822308,-1.484405,-0.9720459000000001,-0.6500258000000001,-0.5781997,-0.3633201,-0.040102877,0.3405752,0.6135142,0.47405192,0.29508537,-0.027533319,-0.23942018,-0.08319851,1.3180081,1.9967641999999999,1.9009962,-1.4562732,-0.10474633,1.1881226,1.8201918999999998,3
0.38307226,0.47465047,-0.8810662,-2.3720553,-2.3822308,-1.484405,-0.9720459000000001,-0.6500258000000001,-0.5781997,-0.3633201,-0.040102877,0.3405752,0.6135142,0.47405192,0.29508537,-0.027533319,-0.23942018,-0.08319851,1.3180081,1.9967641999999999,1.9009962,-1.4562732,-0.10474633,1.1881226,1.8201918999999998,0.7326256999999999,-0.6697779,-2.432509,-2.9376855,-1.5987281999999998,0.045489833,0.7799111999999999,0.89902276,0.53809685,-0.17058687,-1.0157399999999999,-1.8758569999999999,-2.5103204,-2.9299042,-2.5007436000000003,-1.3874398000000001,-0.5446809,-0.76315176,-0.7074866,-3.5140896,-4.2461166,-1.9997569,1.1204863999999999,-0.93134445,-1.0630256,3
0.7326256999999999,-0.6697779,-2.432509,-2.9376855,-1.5987281999999998,0.045489833,0.7799111999999999,0.89902276,0.53809685,-0.17058687,-1.0157399999999999,-1.8758569999999999,-2.5103204,-2.9299042,-2.5007436000000003,-1.3874398000000001,-0.5446809,-0.76315176,-0.7074866,-3.5140896,-4.2461166,-1.9997569,1.1204863999999999,-0.93134445,-1.0630256,-2.3756466,-3.0095115000000003,-0.31124622,0.93493575,-0.11252748,-1.6765398,-2.6282349,-2.2307975,-1.7711107,-1.1498153,-0.6715736,-0.4213795,-0.04189853,0.25378537,0.58538234,0.55126494,0.31064767,0.092775315,0.17417817,-0.19632454,1.3605051000000001,2.3876176,2.5103204,-0.81283146,-1.2551602,3
-2.3756466,-3.0095115000000003,-0.31124622,0.93493575,-0.11252748,-1.6765398,-2.6282349,-2.2307975,-1.7711107,-1.1498153,-0.6715736,-0.4213795,-0.04189853,0.25378537,0.58538234,0.55126494,0.31064767,0.092775315,0.17417817,-0.19632454,1.3605051000000001,2.3876176,2.5103204,-0.81283146,-1.2551602,0.5674258000000001,2.0721814999999997,0.79367787,-0.21009120000000003,-1.9656396,-2.8909986,-2.0925324,-0.18974048,0.47884035,0.7721300999999999,0.86969376,0.30885202,-0.43873745,-1.3491327,-2.3930047,-3.117849,-3.2423477000000003,-2.1894975,-1.0857705,-0.50637364,-0.5590460999999999,-1.9955671000000001,-4.289212,-4.010886,-0.54647654,3
0.5674258000000001,2.0721814999999997,0.79367787,-0.21009120000000003,-1.9656396,-2.8909986,-2.0925324,-0.18974048,0.47884035,0.7721300999999999,0.86969376,0.30885202,-0.43873745,-1.3491327,-2.3930047,-3.117849,-3.2423477000000003,-2.1894975,-1.0857705,-0.50637364,-0.5590460999999999,-1.9955671000000001,-4.289212,-4.010886,-0.54647654,0.52971715,-1.7040731,-1.9237411,-3.3560722000000003,-1.5029601000000001,1.483208,1.3916297,-0.3800795,-2.1571757999999996,-2.0524294,-1.6430208999999998,-1.2437878,-0.85772276,-0.4770447,-0.25677812,0.04249708,0.22385786,0.15682021,-0.005985504,-0.24959552,-0.17238252,-0.3537433,1.1480197,2.2026656000000004,3.0172927000000005,3
0.52971715,-1.7040731,-1.9237411,-3.3560722000000003,-1.5029601000000001,1.483208,1.3916297,-0.3800795,-2.1571757999999996,-2.0524294,-1.6430208999999998,-1.2437878,-0.85772276,-0.4770447,-0.25677812,0.04249708,0.22385786,0.15682021,-0.005985504,-0.24959552,-0.17238252,-0.3537433,1.1480197,2.2026656000000004,3.0172927000000005,0.5626374,-1.632247,1.2850877,1.6490063999999998,1.1372458,-0.5931635000000001,-2.2391772,-3.0220811000000003,-1.8112136000000003,-0.021547815,0.48482585,0.60333884,0.49200845,0.095768064,-0.7278373,-1.7316063999999998,-2.6755204,-3.3800142,-2.7575218999999995,-1.4838065,-0.42676646,-0.19692309,-0.8924386999999999,-3.2148144,-4.8500543,3
0.5626374,-1.632247,1.2850877,1.6490063999999998,1.1372458,-0.5931635000000001,-2.2391772,-3.0220811000000003,-1.8112136000000003,-0.021547815,0.48482585,0.60333884,0.49200845,0.095768064,-0.7278373,-1.7316063999999998,-2.6755204,-3.3800142,-2.7575218999999995,-1.4838065,-0.42676646,-0.19692309,-0.8924386999999999,-3.2148144,-4.8500543,-3.4326867999999995,0.7787141,-0.25797522,-0.9463082,-1.6837223999999997,-2.730587,-0.6536171,1.436521,0.35075054,-1.1330559,-2.171541,-1.7573439999999998,-1.3437457,-0.79487497,-0.50637364,-0.3417723,-0.19273324,0.10235212,0.40102878,0.7422025,0.6584055,0.29448682,-0.04189853,-0.4345476,0.9271546,3
-3.4326867999999995,0.7787141,-0.25797522,-0.9463082,-1.6837223999999997,-2.730587,-0.6536171,1.436521,0.35075054,-1.1330559,-2.171541,-1.7573439999999998,-1.3437457,-0.79487497,-0.50637364,-0.3417723,-0.19273324,0.10235212,0.40102878,0.7422025,0.6584055,0.29448682,-0.04189853,-0.4345476,0.9271546,2.1230583,2.3181857999999997,-0.9804255999999999,-1.3652935,0.8810662,1.4891934,0.9923966000000001,0.2896984,-1.7447745,-2.7545290000000002,-2.0578163000000003,-0.3226187,0.8283938,1.2006921999999998,0.842759,-0.054468088,-1.067814,-1.8525136000000002,-2.4546554,-2.9616275,-2.475006,-1.5927427,-1.1629834,-0.8439561,-1.0803835,3
2.1230583,2.3181857999999997,-0.9804255999999999,-1.3652935,0.8810662,1.4891934,0.9923966000000001,0.2896984,-1.7447745,-2.7545290000000002,-2.0578163000000003,-0.3226187,0.8283938,1.2006921999999998,0.842759,-0.054468088,-1.067814,-1.8525136000000002,-2.4546554,-2.9616275,-2.475006,-1.5927427,-1.1629834,-0.8439561,-1.0803835,-3.3883939,-4.9984946,-3.9378633,0.19093758,0.3393781,-1.0217254999999998,-1.3461398999999998,-2.6018987,-0.66498953,1.0540473,0.1945289,-1.3227965,-2.5803509,-2.4558525,-2.132635,-1.5819688,-1.1492168,-0.6398504,-0.17836803,0.24181437,0.6739678000000001,0.7721300999999999,0.43035775,-0.3453636,-0.23403321,3
-3.3883939,-4.9984946,-3.9378633,0.19093758,0.3393781,-1.0217254999999998,-1.3461398999999998,-2.6018987,-0.66498953,1.0540473,0.1945289,-1.3227965,-2.5803509,-2.4558525,-2.132635,-1.5819688,-1.1492168,-0.6398504,-0.17836803,0.24181437,0.6739678000000001,0.7721300999999999,0.43035775,-0.3453636,-0.23403321,-0.85772276,0.9900024,2.3636756,2.7114333999999998,0.8463503000000001,-1.7064673,-0.84216046,1.2503718000000001,1.5526398000000001,0.9792285,-0.8810662,-2.3714569,-3.2321722999999998,-1.4718354999999999,-0.017357962,0.55365914,0.8355764000000001,0.61171854,0.008379705999999999,-0.7637503000000001,-1.7741034,-2.585738,-3.0681696,-2.7772740000000002,-1.8082208999999998,3
-0.85772276,0.9900024,2.3636756,2.7114333999999998,0.8463503000000001,-1.7064673,-0.84216046,1.2503718000000001,1.5526398000000001,0.9792285,-0.8810662,-2.3714569,-3.2321722999999998,-1.4718354999999999,-0.017357962,0.55365914,0.8355764000000001,0.61171854,0.008379705999999999,-0.7637503000000001,-1.7741034,-2.585738,-3.0681696,-2.7772740000000002,-1.8082208999999998,-0.8571242,-0.23822308,-0.6943185000000001,-3.4835634,-5.1876364,-3.532046,-0.0023942017,0.19812019,-0.8511386999999999,-2.5582043999999997,-2.7138276,-0.023942016,1.5921441,0.84934306,-1.3790601,-2.5031377999999997,-2.3319526,-1.9542671000000003,-1.1474211,-0.51235914,0.020350715,0.272939,0.23702596,-0.08020575,-0.33039984,3
-0.8571242,-0.23822308,-0.6943185000000001,-3.4835634,-5.1876364,-3.532046,-0.0023942017,0.19812019,-0.8511386999999999,-2.5582043999999997,-2.7138276,-0.023942016,1.5921441,0.84934306,-1.3790601,-2.5031377999999997,-2.3319526,-1.9542671000000003,-1.1474211,-0.51235914,0.020350715,0.272939,0.23702596,-0.08020575,-0.33039984,-0.9564835999999999,-1.3569138,-0.55006784,-0.24600422,2.2331917000000003,4.0120835,4.3059715999999995,1.2216414,-0.87328506,0.59136784,1.1037270000000001,1.0809821000000002,0.16639702,-1.2689268999999999,-2.2152352000000004,-2.4612392999999995,-1.0313023000000001,-0.090979666,0.5943606,0.8888474000000001,0.35434186,-0.6907272,-1.7932571,-2.4881742,-3.0723592999999996,3
-0.9564835999999999,-1.3569138,-0.55006784,-0.24600422,2.2331917000000003,4.0120835,4.3059715999999995,1.2216414,-0.87328506,0.59136784,1.1037270000000001,1.0809821000000002,0.16639702,-1.2689268999999999,-2.2152352000000004,-2.4612392999999995,-1.0313023000000001,-0.090979666,0.5943606,0.8888474000000001,0.35434186,-0.6907272,-1.7932571,-2.4881742,-3.0723592999999996,-2.7383683,-2.0440497,-1.8519150000000002,-1.4263457,-1.3389573000000001,-2.5037365,-3.7187938999999997,-3.3039982000000006,-0.017956512,-0.7020996,-1.7729063000000003,-0.40282443,-2.5007436000000003,-0.9187749,0.5919664000000001,-0.2777274,-1.2216414,-2.2050598,-1.7711107,-1.400608,-0.95708215,-0.700304,-0.6703765,-0.34715924,0.11611878,3
-2.7383683,-2.0440497,-1.8519150000000002,-1.4263457,-1.3389573000000001,-2.5037365,-3.7187938999999997,-3.3039982000000006,-0.017956512,-0.7020996,-1.7729063000000003,-0.40282443,-2.5007436000000003,-0.9187749,0.5919664000000001,-0.2777274,-1.2216414,-2.2050598,-1.7711107,-1.400608,-0.95708215,-0.700304,-0.6703765,-0.34715924,0.11611878,0.3286042,0.54168814,0.6955156,0.44592008,0.5033809,-0.39863458,0.997185,1.6891093000000001,1.4885948999999998,-1.3557166999999999,-2.8622682,0.3537433,1.5490485,1.9183542000000002,-0.110133275,-0.6194997,-0.3286042,-0.74878657,-0.86370826,-0.7493850999999999,-0.03232172,0.79128367,0.93373865,0.09995792,-1.1809399999999999,3
0.3286042,0.54168814,0.6955156,0.44592008,0.5033809,-0.39863458,0.997185,1.6891093000000001,1.4885948999999998,-1.3557166999999999,-2.8622682,0.3537433,1.5490485,1.9183542000000002,-0.110133275,-0.6194997,-0.3286042,-0.74878657,-0.86370826,-0.7493850999999999,-0.03232172,0.79128367,0.93373865,0.09995792,-1.1809399999999999,-2.5222914,-3.5823242999999994,-3.2609026,-2.1751322999999996,-0.89184016,-0.8643068000000002,-0.54168814,-4.150947,-5.547964,-3.7684733999999995,-0.18974048,-0.95468795,-0.9487024,-1.0480618,-1.4652513999999999,0.54168814,-0.3274071,-0.48063599999999995,-0.6135142,-0.12868834,-0.4369418,1.2773066000000002,2.1098902,1.8866308999999997,-0.89303726,3
-2.5222914,-3.5823242999999994,-3.2609026,-2.1751322999999996,-0.89184016,-0.8643068000000002,-0.54168814,-4.150947,-5.547964,-3.7684733999999995,-0.18974048,-0.95468795,-0.9487024,-1.0480618,-1.4652513999999999,0.54168814,-0.3274071,-0.48063599999999995,-0.6135142,-0.12868834,-0.4369418,1.2773066000000002,2.1098902,1.8866308999999997,-0.89303726,-2.4827871,1.1719618,2.212841,1.9973627,0.81642276,-0.20709845,-1.1067197,-1.5113398,-0.83856916,-0.22206220000000004,0.23283611,0.4213795,0.20350714,-0.5626374,-1.5310919,-2.2409727999999998,-2.6874914,-2.7096379,-2.0440497,-1.3437457,-1.0809821000000002,-1.6292541999999999,-2.7180176,-3.1950622,-2.273893,3
-2.4827871,1.1719618,2.212841,1.9973627,0.81642276,-0.20709845,-1.1067197,-1.5113398,-0.83856916,-0.22206220000000004,0.23283611,0.4213795,0.20350714,-0.5626374,-1.5310919,-2.2409727999999998,-2.6874914,-2.7096379,-2.0440497,-1.3437457,-1.0809821000000002,-1.6292541999999999,-2.7180176,-3.1950622,-2.273893,0.47165772,-0.17058687,-1.6077063999999999,-1.7992426,-4.346673,-2.1033063,0.16579847,-0.16460137,-1.6394296000000002,-1.8602947,-0.20470424,0.29508537,-0.034715924,-0.6015432,-1.0468647,-0.89543146,-0.39324763,0.05746084,0.12150574,-0.0676362,-0.35314476,0.42317516,0.11192893,1.8363526999999997,2.6420016,3
0.47165772,-0.17058687,-1.6077063999999999,-1.7992426,-4.346673,-2.1033063,0.16579847,-0.16460137,-1.6394296000000002,-1.8602947,-0.20470424,0.29508537,-0.034715924,-0.6015432,-1.0468647,-0.89543146,-0.39324763,0.05746084,0.12150574,-0.0676362,-0.35314476,0.42317516,0.11192893,1.8363526999999997,2.6420016,2.4390929,0.05207389,-2.6132712000000002,0.4758476,0.09516951400000001,0.012569559,0.17058687,-1.1815386,-1.7214310000000002,-1.1216834999999998,0.38367084,0.712275,0.43933599999999995,0.2777274,-0.10534488,-0.9439139999999999,-2.0201077,-2.6491842,-3.210026,-2.6940752999999997,-1.7824832,-1.359308,-0.91578215,-1.1031284,-1.8908207,3
2.4390929,0.05207389,-2.6132712000000002,0.4758476,0.09516951400000001,0.012569559,0.17058687,-1.1815386,-1.7214310000000002,-1.1216834999999998,0.38367084,0.712275,0.43933599999999995,0.2777274,-0.10534488,-0.9439139999999999,-2.0201077,-2.6491842,-3.210026,-2.6940752999999997,-1.7824832,-1.359308,-0.91578215,-1.1031284,-1.8908207,-4.211401,-3.8031895,-0.30885202,1.4628572,-1.3994108,-0.8643068000000002,-3.1914709,-2.6509798,0.11252748,-0.31004912,-1.1917138999999999,-2.3762453,-2.131438,-1.1366472,-0.6913256999999999,-0.5153519,-0.61171854,-0.27832595,0.36631286,0.7248446,0.45070848,0.076614454,-0.030526072,0.59735334,-0.038307227,3
-4.211401,-3.8031895,-0.30885202,1.4628572,-1.3994108,-0.8643068000000002,-3.1914709,-2.6509798,0.11252748,-0.31004912,-1.1917138999999999,-2.3762453,-2.131438,-1.1366472,-0.6913256999999999,-0.5153519,-0.61171854,-0.27832595,0.36631286,0.7248446,0.45070848,0.076614454,-0.030526072,0.59735334,-0.038307227,0.50278234,1.9099745,2.4504653999999997,1.7651252,-1.489792,-0.13766660000000003,1.2677298000000001,1.4766238999999999,0.45429978,-1.2587515,-2.48578,-2.710835,-1.1659763,0.2777274,0.6512229,0.52492875,-0.30765492,-1.0115502,-1.745373,-2.1122843999999996,-2.3397335999999997,-2.4007857000000006,-2.1481974,-1.2725182,-0.96067345,3
0.50278234,1.9099745,2.4504653999999997,1.7651252,-1.489792,-0.13766660000000003,1.2677298000000001,1.4766238999999999,0.45429978,-1.2587515,-2.48578,-2.710835,-1.1659763,0.2777274,0.6512229,0.52492875,-0.30765492,-1.0115502,-1.745373,-2.1122843999999996,-2.3397335999999997,-2.4007857000000006,-2.1481974,-1.2725182,-0.96067345,-1.0935516,-1.4544774999999999,-1.9087773999999997,-4.034828,-3.3476925000000004,0.11851298,1.2455834,-1.1073183000000002,-0.20649989,-3.1465794999999996,-2.569577,-0.56443304,-1.0247183000000002,-1.5370774999999999,-2.1404164,-1.6280571000000001,-1.0845733999999998,-0.81283146,-0.61052144,-0.85772276,-0.62009823,0.0796072,0.28072014,0.12868834,0.110731825,3
-1.0935516,-1.4544774999999999,-1.9087773999999997,-4.034828,-3.3476925000000004,0.11851298,1.2455834,-1.1073183000000002,-0.20649989,-3.1465794999999996,-2.569577,-0.56443304,-1.0247183000000002,-1.5370774999999999,-2.1404164,-1.6280571000000001,-1.0845733999999998,-0.81283146,-0.61052144,-0.85772276,-0.62009823,0.0796072,0.28072014,0.12868834,0.110731825,0.075417355,-0.019153614,0.20949265,0.94690675,2.3157916000000003,3.0340521000000003,2.2008697999999995,-1.95307,-0.24420857,0.5291186,0.7942764,0.31783026,-1.335366,-2.1727380000000003,-2.2439656,-0.7685388000000001,0.7553706,0.74519527,0.16699557,-0.38367084,-0.9816226999999998,-1.5071499,-1.8429368000000002,-2.1823148999999997,-2.544438,3
0.075417355,-0.019153614,0.20949265,0.94690675,2.3157916000000003,3.0340521000000003,2.2008697999999995,-1.95307,-0.24420857,0.5291186,0.7942764,0.31783026,-1.335366,-2.1727380000000003,-2.2439656,-0.7685388000000001,0.7553706,0.74519527,0.16699557,-0.38367084,-0.9816226999999998,-1.5071499,-1.8429368000000002,-2.1823148999999997,-2.544438,-2.3511062000000003,-1.3587095,-0.7721300999999999,-0.58538234,-1.1073183000000002,-2.5552118,-4.510676,-3.2902317,0.6584055,0.7793127,-1.7441759,-1.4293385,-3.9743748,-2.3828292,0.037110128,0.26815059999999996,-0.13946225,-1.5101427,-1.4784195,-1.1390414,-1.2210428999999998,-1.2138603000000001,-1.0833763,-0.7020996,-0.025737667000000002,3
-2.3511062000000003,-1.3587095,-0.7721300999999999,-0.58538234,-1.1073183000000002,-2.5552118,-4.510676,-3.2902317,0.6584055,0.7793127,-1.7441759,-1.4293385,-3.9743748,-2.3828292,0.037110128,0.26815059999999996,-0.13946225,-1.5101427,-1.4784195,-1.1390414,-1.2210428999999998,-1.2138603000000001,-1.0833763,-0.7020996,-0.025737667000000002,0.40581718,0.6087258000000001,0.2693477,0.21667525,-0.0053869537,-0.006584055,0.4914099,2.1990743,2.6755204,2.2679076,-1.1552023,-1.5903485000000002,0.9576806999999999,0.84934306,0.85054016,-1.1917138999999999,-2.0207062,-2.3409307,-0.94331545,0.78888947,0.91099375,0.47764325,-0.20470424,-0.6991069000000001,-1.3479356000000002,3
0.40581718,0.6087258000000001,0.2693477,0.21667525,-0.0053869537,-0.006584055,0.4914099,2.1990743,2.6755204,2.2679076,-1.1552023,-1.5903485000000002,0.9576806999999999,0.84934306,0.85054016,-1.1917138999999999,-2.0207062,-2.3409307,-0.94331545,0.78888947,0.91099375,0.47764325,-0.20470424,-0.6991069000000001,-1.3479356000000002,-1.8010383,-2.2337902,-2.5187001,-2.5420437000000002,-1.8525136000000002,-1.3359646,-1.2264298,-1.299453,-2.2589292999999997,-4.375403400000001,-3.5745432,0.3226187,1.3293805,-1.1127052,-1.8423381999999997,-3.6373908999999998,-1.9961656000000003,0.06943185,0.022146367,-1.1013328000000002,-2.1122843999999996,-1.8297686999999998,-1.2018893,-1.0307038,-0.92895025,3
-1.8010383,-2.2337902,-2.5187001,-2.5420437000000002,-1.8525136000000002,-1.3359646,-1.2264298,-1.299453,-2.2589292999999997,-4.375403400000001,-3.5745432,0.3226187,1.3293805,-1.1127052,-1.8423381999999997,-3.6373908999999998,-1.9961656000000003,0.06943185,0.022146367,-1.1013328000000002,-2.1122843999999996,-1.8297686999999998,-1.2018893,-1.0307038,-0.92895025,-0.7254431,-0.27533320000000006,0.28550854,0.6841431,0.6051345,0.3477578,0.1352724,-0.036511577999999996,-0.5231331,0.6410475,2.2086509999999997,2.9227216,2.098518,-1.4622587,-1.4862007,1.9955671000000001,2.0308816000000003,1.0773908,-1.5292963,-2.5121162,-3.1519666,-1.1839328000000002,0.46387658,0.8439561,0.7990648,3
-0.7254431,-0.27533320000000006,0.28550854,0.6841431,0.6051345,0.3477578,0.1352724,-0.036511577999999996,-0.5231331,0.6410475,2.2086509999999997,2.9227216,2.098518,-1.4622587,-1.4862007,1.9955671000000001,2.0308816000000003,1.0773908,-1.5292963,-2.5121162,-3.1519666,-1.1839328000000002,0.46387658,0.8439561,0.7990648,0.29568392,-0.58298814,-1.4167688999999999,-2.0661959999999997,-2.7437549999999997,-3.1477766,-3.1226375,-2.0961237,-1.2210428999999998,-0.6368576,-1.0342950999999998,-3.0304607999999997,-4.8506527,-3.5990837,0.7637503000000001,3.0861259999999997,-1.6418238,-1.6759412,-2.4037786,-2.6144682999999995,-0.19692309,-0.048482585999999994,-0.46088383,-1.4556746,-1.7477672,3
0.29568392,-0.58298814,-1.4167688999999999,-2.0661959999999997,-2.7437549999999997,-3.1477766,-3.1226375,-2.0961237,-1.2210428999999998,-0.6368576,-1.0342950999999998,-3.0304607999999997,-4.8506527,-3.5990837,0.7637503000000001,3.0861259999999997,-1.6418238,-1.6759412,-2.4037786,-2.6144682999999995,-0.19692309,-0.048482585999999994,-0.46088383,-1.4556746,-1.7477672,-1.3210008,-1.1923125,-1.074398,-1.0360907,-0.74639237,-0.17657238,0.40581718,0.6536171,0.587178,0.38606504,0.18315643,0.49799395,-0.6398504,1.2695253999999998,2.2391772,2.4091654,-0.34296940000000004,-2.3157916000000003,0.6171055000000001,1.423353,1.8579005000000002,0.7906850999999999,-1.3856442,-2.6162639,-2.2200236,3
-1.3210008,-1.1923125,-1.074398,-1.0360907,-0.74639237,-0.17657238,0.40581718,0.6536171,0.587178,0.38606504,0.18315643,0.49799395,-0.6398504,1.2695253999999998,2.2391772,2.4091654,-0.34296940000000004,-2.3157916000000003,0.6171055000000001,1.423353,1.8579005000000002,0.7906850999999999,-1.3856442,-2.6162639,-2.2200236,0.260968,0.7823054,0.55126494,0.35494040000000004,0.02873042,-0.7086836999999999,-1.3724761,-2.03567,-2.9245174,-3.3028011,-2.5450362999999996,-1.6927006000000002,-0.9139864999999999,-0.80205756,-1.9225439999999998,-4.6950297,-3.8391025,0.22385786,1.3802572,-1.5125369,-2.2697031,-3.4482489999999997,-1.8800468000000001,0.30226797,1.4030021000000001,3
0.260968,0.7823054,0.55126494,0.35494040000000004,0.02873042,-0.7086836999999999,-1.3724761,-2.03567,-2.9245174,-3.3028011,-2.5450362999999996,-1.6927006000000002,-0.9139864999999999,-0.80205756,-1.9225439999999998,-4.6950297,-3.8391025,0.22385786,1.3802572,-1.5125369,-2.2697031,-3.4482489999999997,-1.8800468000000001,0.30226797,1.4030021000000001,0.27234045,-1.6597804,-2.2427685,-1.8429368000000002,-1.650802,-1.2240356000000001,-0.75477207,-0.12090719,0.24480712,0.3764882,0.37289690000000003,-0.18674773,-0.29508537,-0.2693477,0.32441434,0.076614454,2.1350293,3.0867245,2.8461072,0.04369418,-2.1206641,1.4646529,1.6101006000000002,0.7793127,-1.8207904,3
0.27234045,-1.6597804,-2.2427685,-1.8429368000000002,-1.650802,-1.2240356000000001,-0.75477207,-0.12090719,0.24480712,0.3764882,0.37289690000000003,-0.18674773,-0.29508537,-0.2693477,0.32441434,0.076614454,2.1350293,3.0867245,2.8461072,0.04369418,-2.1206641,1.4646529,1.6101006000000002,0.7793127,-1.8207904,-2.475006,-2.0045455000000003,-0.08439561,1.1899183,0.8086416000000001,0.17058687,-0.42676646,-0.91458505,-1.2156559,-1.7501613999999999,-2.272696,-2.7682957999999998,-2.681506,-1.8010383,-1.0594343000000002,-0.29867667,-0.91338795,-2.6910827,-5.416282700000001,-4.929661299999999,-0.7930793,1.2036848999999998,-0.3321955,-0.9115923,-2.0661959999999997,3
-2.475006,-2.0045455000000003,-0.08439561,1.1899183,0.8086416000000001,0.17058687,-0.42676646,-0.91458505,-1.2156559,-1.7501613999999999,-2.272696,-2.7682957999999998,-2.681506,-1.8010383,-1.0594343000000002,-0.29867667,-0.91338795,-2.6910827,-5.416282700000001,-4.929661299999999,-0.7930793,1.2036848999999998,-0.3321955,-0.9115923,-2.0661959999999997,-0.3196259,0.7254431,0.88765025,-0.6194997,-2.0350714,-1.6585832999999999,-1.2294226000000001,-1.2036848999999998,-1.1456255,-1.1941081,-0.8451531999999999,-0.29149407,0.43754035,0.7781156,0.85532856,0.9367314,0.5291186,-0.48123455,-0.62967503,1.3880384,2.1308396000000003,1.2096704,-2.4732103,-1.7094599999999998,1.602918,3
-0.3196259,0.7254431,0.88765025,-0.6194997,-2.0350714,-1.6585832999999999,-1.2294226000000001,-1.2036848999999998,-1.1456255,-1.1941081,-0.8451531999999999,-0.29149407,0.43754035,0.7781156,0.85532856,0.9367314,0.5291186,-0.48123455,-0.62967503,1.3880384,2.1308396000000003,1.2096704,-2.4732103,-1.7094599999999998,1.602918,1.8315643,1.6717514,0.682946,-1.2868833999999998,-2.3965959999999997,-1.9895816000000002,0.06823475,0.682946,0.6907272,0.76075757,0.3513491,-0.46148238,-1.3916297,-2.4001873,-3.2369606,-3.2148144,-2.0494366000000004,-1.067814,-0.2621651,-0.36152446,-1.5430629999999999,-4.2221746,-4.346673,-1.3275848999999997,-0.06703765,3
1.8315643,1.6717514,0.682946,-1.2868833999999998,-2.3965959999999997,-1.9895816000000002,0.06823475,0.682946,0.6907272,0.76075757,0.3513491,-0.46148238,-1.3916297,-2.4001873,-3.2369606,-3.2148144,-2.0494366000000004,-1.067814,-0.2621651,-0.36152446,-1.5430629999999999,-4.2221746,-4.346673,-1.3275848999999997,-0.06703765,-1.632247,-0.8912416,-2.1739352000000003,-1.4059948999999998,0.6015432,0.61890113,-0.45130703,-1.8076223000000002,-1.9782091,-1.3802572,-1.1623849,-1.0540473,-1.1683705,-0.7182605,-0.22984336,0.20290859,0.35194764,0.40880993,0.17657238,0.0011971008,0.15981296,-0.7152678000000001,1.3563153000000001,2.4013843999999995,2.2409727999999998,3
-1.632247,-0.8912416,-2.1739352000000003,-1.4059948999999998,0.6015432,0.61890113,-0.45130703,-1.8076223000000002,-1.9782091,-1.3802572,-1.1623849,-1.0540473,-1.1683705,-0.7182605,-0.22984336,0.20290859,0.35194764,0.40880993,0.17657238,0.0011971008,0.15981296,-0.7152678000000001,1.3563153000000001,2.4013843999999995,2.2409727999999998,-0.42916065,-2.2301989,1.1887212,1.4694413,2.047641,0.95588505,-1.7944542,-2.8215668,-2.1918917,0.1352724,1.1767502,1.0193313,0.47285482,-0.11252748,-0.8391677,-1.4359225,-2.2008697999999995,-2.9885623,-3.3901896000000002,-2.48159,-1.3826513999999999,-0.48243165,-0.30765492,-0.57999533,-4.526837,3
-0.42916065,-2.2301989,1.1887212,1.4694413,2.047641,0.95588505,-1.7944542,-2.8215668,-2.1918917,0.1352724,1.1767502,1.0193313,0.47285482,-0.11252748,-0.8391677,-1.4359225,-2.2008697999999995,-2.9885623,-3.3901896000000002,-2.48159,-1.3826513999999999,-0.48243165,-0.30765492,-0.57999533,-4.526837,-5.3594203,-2.0560207,1.5664065,-0.011971008,-0.83138657,-2.622848,-2.31639,-0.20889410000000003,1.0606314,0.13347675,-1.8818424999999999,-2.5851393,-2.0805612,-1.5167267,-1.0510546,-0.7326256999999999,-0.23762453,0.20470424,0.76195467,0.7846996,0.55246204,0.0047884034,-0.15562311,0.25019407,-0.58897364,3
-5.3594203,-2.0560207,1.5664065,-0.011971008,-0.83138657,-2.622848,-2.31639,-0.20889410000000003,1.0606314,0.13347675,-1.8818424999999999,-2.5851393,-2.0805612,-1.5167267,-1.0510546,-0.7326256999999999,-0.23762453,0.20470424,0.76195467,0.7846996,0.55246204,0.0047884034,-0.15562311,0.25019407,-0.58897364,0.8283938,2.1942859,2.802413,1.1007341999999998,-2.3415293999999998,-1.8219875,1.1031284,1.9500773,1.9183542000000002,-1.2174516000000002,-2.4893713,-3.098097,-1.0408791,1.1210848999999998,1.6101006000000002,0.8218097,0.16759412,-0.8038531999999999,-1.5263035,-2.0422540000000002,-2.5276785,-2.8880057,-2.5779567,-1.5191208999999999,-0.78050977,3
0.8283938,2.1942859,2.802413,1.1007341999999998,-2.3415293999999998,-1.8219875,1.1031284,1.9500773,1.9183542000000002,-1.2174516000000002,-2.4893713,-3.098097,-1.0408791,1.1210848999999998,1.6101006000000002,0.8218097,0.16759412,-0.8038531999999999,-1.5263035,-2.0422540000000002,-2.5276785,-2.8880057,-2.5779567,-1.5191208999999999,-0.78050977,-0.33159694,-0.44951138,-2.8844144,-5.2887917,-3.807978,0.19393034,0.99179804,-0.40342298,-2.4911668,-2.4139538,-0.57999533,0.8607155000000001,0.56563014,-1.2342110000000002,-2.0608091,-1.6466121999999999,-1.1869254999999999,-1.0390834999999998,-1.0360907,-0.90859956,-0.41958386,0.15981296,0.4405331,0.2184709,0.020350715,3
-0.33159694,-0.44951138,-2.8844144,-5.2887917,-3.807978,0.19393034,0.99179804,-0.40342298,-2.4911668,-2.4139538,-0.57999533,0.8607155000000001,0.56563014,-1.2342110000000002,-2.0608091,-1.6466121999999999,-1.1869254999999999,-1.0390834999999998,-1.0360907,-0.90859956,-0.41958386,0.15981296,0.4405331,0.2184709,0.020350715,-0.48542440000000003,-1.0366893,-1.0163386,0.24540567,2.5438392000000003,3.0556,1.6537948,-1.5382746,-1.4263457,0.8242039000000001,2.2014685000000003,1.9853917,-0.21068975,-2.309806,-3.5452142,-2.256535,0.44352585,1.489792,1.1629834,0.6434416999999999,-0.34835634,-1.1109096,-1.7459716,-2.4594438,-2.870648,3
-0.48542440000000003,-1.0366893,-1.0163386,0.24540567,2.5438392000000003,3.0556,1.6537948,-1.5382746,-1.4263457,0.8242039000000001,2.2014685000000003,1.9853917,-0.21068975,-2.309806,-3.5452142,-2.256535,0.44352585,1.489792,1.1629834,0.6434416999999999,-0.34835634,-1.1109096,-1.7459716,-2.4594438,-2.870648,-2.5611973,-1.7633294999999998,-1.2749124,-0.60333884,-0.8912416,-2.111686,-4.2521024,-3.8402996,-0.6596026,0.42975920000000006,-1.9027918999999998,-0.34895490000000007,-2.368464,-1.7226281000000003,-0.40940848,-0.6266823,-0.90979666,-1.7244238,-1.2066777,-0.97503865,-1.0528502,-1.2090718999999999,-1.3329718000000002,-1.2413936,-0.6560113000000001,3
-2.5611973,-1.7633294999999998,-1.2749124,-0.60333884,-0.8912416,-2.111686,-4.2521024,-3.8402996,-0.6596026,0.42975920000000006,-1.9027918999999998,-0.34895490000000007,-2.368464,-1.7226281000000003,-0.40940848,-0.6266823,-0.90979666,-1.7244238,-1.2066777,-0.97503865,-1.0528502,-1.2090718999999999,-1.3329718000000002,-1.2413936,-0.6560113000000001,-0.28012159999999997,-0.023343466,0.24061728,0.39743748,0.20231004,0.24899697,0.22325931,2.5169046,2.8580782000000005,2.146402,-0.6476316,-3.3764230000000004,-0.9127894,1.3090298,1.6412252,0.86729956,-1.0366893,-2.0398598000000003,-2.3415293999999998,-0.30226797,0.789488,0.86729956,0.59017074,0.007781155400000001,-0.6997054,3
-0.28012159999999997,-0.023343466,0.24061728,0.39743748,0.20231004,0.24899697,0.22325931,2.5169046,2.8580782000000005,2.146402,-0.6476316,-3.3764230000000004,-0.9127894,1.3090298,1.6412252,0.86729956,-1.0366893,-2.0398598000000003,-2.3415293999999998,-0.30226797,0.789488,0.86729956,0.59017074,0.007781155400000001,-0.6997054,-1.3054385,-2.144606,-2.7784709999999997,-2.9777883999999997,-2.3092074,-1.2258313,-0.5398925,-0.60573304,-0.6332663000000001,-4.090493700000001,-4.881179,-2.2942438,1.5999253,0.15023616,-1.38325,-2.7431567,-2.124854,0.55725044,1.1641805,-0.19273324,-1.9542671000000003,-2.348712,-1.6549919999999998,-1.1061212,-0.83378077,3
-1.3054385,-2.144606,-2.7784709999999997,-2.9777883999999997,-2.3092074,-1.2258313,-0.5398925,-0.60573304,-0.6332663000000001,-4.090493700000001,-4.881179,-2.2942438,1.5999253,0.15023616,-1.38325,-2.7431567,-2.124854,0.55725044,1.1641805,-0.19273324,-1.9542671000000003,-2.348712,-1.6549919999999998,-1.1061212,-0.83378077,-0.9175778,-0.98700964,-0.24121583,0.3609259,0.76075757,0.85772276,0.55006784,-0.31064767,-0.17657238,-0.6667852,1.3132197,2.4408886,2.4504653999999997,0.16699557,-2.1703438999999998,-1.4359225,0.8110358,2.2164322999999997,1.2246342,-0.90381116,-1.5478513999999999,-2.2619221,-0.80205756,0.6943185000000001,0.8194155000000001,3
-0.9175778,-0.98700964,-0.24121583,0.3609259,0.76075757,0.85772276,0.55006784,-0.31064767,-0.17657238,-0.6667852,1.3132197,2.4408886,2.4504653999999997,0.16699557,-2.1703438999999998,-1.4359225,0.8110358,2.2164322999999997,1.2246342,-0.90381116,-1.5478513999999999,-2.2619221,-0.80205756,0.6943185000000001,0.8194155000000001,0.59136784,0.31244332,-0.20051439,-0.75596917,-1.5951369,-2.3415293999999998,-2.9496564999999997,-2.9634232999999996,-1.9369092,-1.1971009,-0.9331401,-0.82779527,-2.6719291000000003,-4.047398,-2.9215245,0.9983820999999999,0.49200845,-1.5047556999999998,-0.8265981,-2.9215245,-1.3599066,0.4890157,-0.65421563,-1.9668366999999998,-2.8431146000000003,3
0.59136784,0.31244332,-0.20051439,-0.75596917,-1.5951369,-2.3415293999999998,-2.9496564999999997,-2.9634232999999996,-1.9369092,-1.1971009,-0.9331401,-0.82779527,-2.6719291000000003,-4.047398,-2.9215245,0.9983820999999999,0.49200845,-1.5047556999999998,-0.8265981,-2.9215245,-1.3599066,0.4890157,-0.65421563,-1.9668366999999998,-2.8431146000000003,-1.7561468999999996,-0.9127894,-0.6278794,-0.6667852,-0.7966706,-0.7368156,-0.32142156,0.22804771,0.7170634,0.61171854,0.33279404,0.12808979,0.20709845,0.6679823,2.6036943999999997,2.5821466,1.4395138,-2.528277,-3.863643,-0.08319851,1.9626468000000001,2.8802247000000003,0.9995792,-1.2084733,-3.0346506,3
-1.7561468999999996,-0.9127894,-0.6278794,-0.6667852,-0.7966706,-0.7368156,-0.32142156,0.22804771,0.7170634,0.61171854,0.33279404,0.12808979,0.20709845,0.6679823,2.6036943999999997,2.5821466,1.4395138,-2.528277,-3.863643,-0.08319851,1.9626468000000001,2.8802247000000003,0.9995792,-1.2084733,-3.0346506,-3.3028011,-1.0749966,0.374094,1.0157399999999999,0.9911995000000001,0.58777654,-0.43394905,-1.1510124,-1.9740193,-2.7880477999999997,-3.0125043,-2.12246,-1.2731166999999999,-0.3274071,-0.48722005,-1.0989386,-4.5914803,-4.722563,-1.270124,1.4580688,-0.43754035,-1.7190368000000003,-2.7521348,-1.9255368000000002,0.3788824,3
-3.3028011,-1.0749966,0.374094,1.0157399999999999,0.9911995000000001,0.58777654,-0.43394905,-1.1510124,-1.9740193,-2.7880477999999997,-3.0125043,-2.12246,-1.2731166999999999,-0.3274071,-0.48722005,-1.0989386,-4.5914803,-4.722563,-1.270124,1.4580688,-0.43754035,-1.7190368000000003,-2.7521348,-1.9255368000000002,0.3788824,0.9283517,0.45549688,-1.7316063999999998,-2.7659016,-2.27928,-1.7621324,-1.204882,-1.073201,-0.80684596,-0.21368249999999997,0.30585927,0.7146691999999999,0.5883751,0.29149407,-0.28191724,0.27174190000000004,-0.13347675,1.0426749,2.1679497000000003,2.1571757999999996,0.30047232,-3.6559459999999997,-3.0945058,1.5969325,3.0418332,3
0.9283517,0.45549688,-1.7316063999999998,-2.7659016,-2.27928,-1.7621324,-1.204882,-1.073201,-0.80684596,-0.21368249999999997,0.30585927,0.7146691999999999,0.5883751,0.29149407,-0.28191724,0.27174190000000004,-0.13347675,1.0426749,2.1679497000000003,2.1571757999999996,0.30047232,-3.6559459999999997,-3.0945058,1.5969325,3.0418332,3.6643257000000005,0.56682724,-1.5035586,-3.5021186,-3.9109285000000003,-1.1366472,1.1982979999999999,1.8884265,1.472434,0.39444473,-0.8583213,-1.3958195,-2.0207062,-2.4067712,-2.6282349,-2.2732944,-0.9959879,-0.6943185000000001,-0.8912416,-1.3012487,-4.0336313,-4.929062999999999,-2.2379801,2.791639,0.11133038,3
3.6643257000000005,0.56682724,-1.5035586,-3.5021186,-3.9109285000000003,-1.1366472,1.1982979999999999,1.8884265,1.472434,0.39444473,-0.8583213,-1.3958195,-2.0207062,-2.4067712,-2.6282349,-2.2732944,-0.9959879,-0.6943185000000001,-0.8912416,-1.3012487,-4.0336313,-4.929062999999999,-2.2379801,2.791639,0.11133038,-1.8836381000000002,-2.870648,-3.6176388,-0.6266823,1.2689268999999999,0.38367084,-1.228824,-1.8698715,-1.2150573999999998,-1.0498575,-0.89303726,-1.0480618,-1.1414356,-0.7835025,-0.23582886,0.28491,0.35494040000000004,-0.14185645,-0.28311434,-0.18495208,-0.7811083000000001,0.2741361,2.367267,3.3979707,2.4911668,3
-1.8836381000000002,-2.870648,-3.6176388,-0.6266823,1.2689268999999999,0.38367084,-1.228824,-1.8698715,-1.2150573999999998,-1.0498575,-0.89303726,-1.0480618,-1.1414356,-0.7835025,-0.23582886,0.28491,0.35494040000000004,-0.14185645,-0.28311434,-0.18495208,-0.7811083000000001,0.2741361,2.367267,3.3979707,2.4911668,-0.94810385,-2.2571337000000002,-0.18734628,1.7136499,1.7735048999999998,-0.37289690000000003,-2.1068976000000004,-2.657564,-1.0169370999999998,0.44592008,0.7224503999999999,0.50757074,0.1945289,-0.47285482,-1.1162965,-1.7866731,-2.5396495,-3.0573955,-2.9939492000000003,-1.977012,-1.1067197,-0.52971715,-0.28491,-2.509722,-4.906317700000001,3
-0.94810385,-2.2571337000000002,-0.18734628,1.7136499,1.7735048999999998,-0.37289690000000003,-2.1068976000000004,-2.657564,-1.0169370999999998,0.44592008,0.7224503999999999,0.50757074,0.1945289,-0.47285482,-1.1162965,-1.7866731,-2.5396495,-3.0573955,-2.9939492000000003,-1.977012,-1.1067197,-0.52971715,-0.28491,-2.509722,-4.906317700000001,-3.4171242999999993,0.664391,1.7872716,-2.0189106,-1.5286977,-2.5151088,-1.2719196000000002,-0.55844754,-0.30705637,-0.95708215,-2.4756044999999998,-2.3169887000000005,-1.7465701,-1.2779051000000001,-1.210269,-1.2240356000000001,-0.6584055,0.29388827,0.8631097,0.9708488000000001,0.61171854,0.37229836,0.6985083000000001,1.311424,0.22146365,3
-3.4171242999999993,0.664391,1.7872716,-2.0189106,-1.5286977,-2.5151088,-1.2719196000000002,-0.55844754,-0.30705637,-0.95708215,-2.4756044999999998,-2.3169887000000005,-1.7465701,-1.2779051000000001,-1.210269,-1.2240356000000001,-0.6584055,0.29388827,0.8631097,0.9708488000000001,0.61171854,0.37229836,0.6985083000000001,1.311424,0.22146365,1.9165584999999998,2.0231004,1.436521,-1.7950528000000001,-3.7732617999999993,-1.2072762,0.8295909,1.7244238,1.3245921,0.43933599999999995,-0.04309563,-1.3551182,-1.1318588,-0.13407529999999998,0.38127659999999997,0.5805939,0.45549688,-0.3309984,-1.0486604,-1.614889,-2.1601684,-2.7162217999999996,-2.3720553,-1.6065093000000001,-1.7064673,3
1.9165584999999998,2.0231004,1.436521,-1.7950528000000001,-3.7732617999999993,-1.2072762,0.8295909,1.7244238,1.3245921,0.43933599999999995,-0.04309563,-1.3551182,-1.1318588,-0.13407529999999998,0.38127659999999997,0.5805939,0.45549688,-0.3309984,-1.0486604,-1.614889,-2.1601684,-2.7162217999999996,-2.3720553,-1.6065093000000001,-1.7064673,-1.3347674999999999,-1.073201,-1.7010802999999999,-3.5260606,-3.1250317,0.08259996,0.93373865,-1.6717514,-0.52971715,-2.099715,-2.0099323,-0.1933318,-0.013766658999999999,-1.1468226000000001,-2.2397757,-2.3558946,-1.9363105999999999,-1.6196774,-1.3425486,-1.1947067,-0.62967503,0.03172317,0.24720132,0.27234045,-0.076614454,3
-1.3347674999999999,-1.073201,-1.7010802999999999,-3.5260606,-3.1250317,0.08259996,0.93373865,-1.6717514,-0.52971715,-2.099715,-2.0099323,-0.1933318,-0.013766658999999999,-1.1468226000000001,-2.2397757,-2.3558946,-1.9363105999999999,-1.6196774,-1.3425486,-1.1947067,-0.62967503,0.03172317,0.24720132,0.27234045,-0.076614454,0.04309563,0.016759411999999998,0.6368576,-0.28670564,1.8680758000000002,2.6479871,3.1950622,0.94211835,-2.5893292000000003,-1.6849195,1.4389153000000001,2.3612813999999998,1.1516110000000002,-1.1593921,-2.7485435000000003,-3.4075474999999997,-1.1360487,0.9199719999999999,1.292869,1.0402806,0.45908818,-0.41599256,-1.0354922,-1.7435773999999997,-2.3247697,3
0.04309563,0.016759411999999998,0.6368576,-0.28670564,1.8680758000000002,2.6479871,3.1950622,0.94211835,-2.5893292000000003,-1.6849195,1.4389153000000001,2.3612813999999998,1.1516110000000002,-1.1593921,-2.7485435000000003,-3.4075474999999997,-1.1360487,0.9199719999999999,1.292869,1.0402806,0.45908818,-0.41599256,-1.0354922,-1.7435773999999997,-2.3247697,-2.8580782000000005,-2.5941176,-1.3736732,-0.89782566,-0.8996213,-0.96546185,-1.4460978999999998,-4.277241,-3.9707835,-0.29209262,1.7483658,0.18375498,-2.7467479999999997,-3.8259343999999995,-2.2900537999999995,0.9463082,1.5508442,-0.39863458,-1.4377182,-1.6765398,-1.4766238999999999,-0.90261406,-0.19273324,0.19512744,0.40342298,3
-2.8580782000000005,-2.5941176,-1.3736732,-0.89782566,-0.8996213,-0.96546185,-1.4460978999999998,-4.277241,-3.9707835,-0.29209262,1.7483658,0.18375498,-2.7467479999999997,-3.8259343999999995,-2.2900537999999995,0.9463082,1.5508442,-0.39863458,-1.4377182,-1.6765398,-1.4766238999999999,-0.90261406,-0.19273324,0.19512744,0.40342298,0.60932434,0.6422445999999999,-0.12389994,-0.25438392,1.3060371000000002,2.2361843999999995,2.1577742000000004,-0.81522566,-0.44173019999999996,1.340753,0.4405331,-1.1109096,-1.929128,-1.9698293999999998,-1.5155296,0.20470424,0.9624690999999999,0.43873745,0.27533320000000006,0.010175358,-0.6943185000000001,-1.5646108,-2.0871453,-2.391209,-2.4211364,3
0.60932434,0.6422445999999999,-0.12389994,-0.25438392,1.3060371000000002,2.2361843999999995,2.1577742000000004,-0.81522566,-0.44173019999999996,1.340753,0.4405331,-1.1109096,-1.929128,-1.9698293999999998,-1.5155296,0.20470424,0.9624690999999999,0.43873745,0.27533320000000006,0.010175358,-0.6943185000000001,-1.5646108,-2.0871453,-2.391209,-2.4211364,-1.9446903000000002,-1.3515268999999999,-0.5410896,-0.84814596,-1.4820108,-4.2419267,-3.3357214999999996,-0.80086046,1.9153613999999999,-2.6402058999999998,-1.5897499,-3.1292217,-2.3540987999999996,0.83378077,0.22505496,0.20171149,-0.81043726,-1.0121487,-1.4281414,-1.8363526999999997,-1.8160020000000001,-1.4981716999999999,-0.99179804,-0.11312603,0.24061728,3
-1.9446903000000002,-1.3515268999999999,-0.5410896,-0.84814596,-1.4820108,-4.2419267,-3.3357214999999996,-0.80086046,1.9153613999999999,-2.6402058999999998,-1.5897499,-3.1292217,-2.3540987999999996,0.83378077,0.22505496,0.20171149,-0.81043726,-1.0121487,-1.4281414,-1.8363526999999997,-1.8160020000000001,-1.4981716999999999,-0.99179804,-0.11312603,0.24061728,0.14185645,-0.04309563,0.038307227,-0.5386954,0.64463884,1.6663644,1.9841946,1.2156559,-2.3247697,0.31543607,2.6880897999999998,2.3678656000000005,-0.049081136,-2.3636756,-2.947861,-2.3535004,-0.60453594,0.19931729,0.1436521,0.26515785,0.30286652,-0.06823475,-0.8475474000000001,-1.7340006000000001,-2.5875334999999997,3
0.14185645,-0.04309563,0.038307227,-0.5386954,0.64463884,1.6663644,1.9841946,1.2156559,-2.3247697,0.31543607,2.6880897999999998,2.3678656000000005,-0.049081136,-2.3636756,-2.947861,-2.3535004,-0.60453594,0.19931729,0.1436521,0.26515785,0.30286652,-0.06823475,-0.8475474000000001,-1.7340006000000001,-2.5875334999999997,-3.0119057000000002,-2.2409727999999998,-1.3359646,-0.6278794,-0.30885202,-0.36212300000000003,-3.3267434000000002,-3.8815994,-1.7854759999999998,0.9636662,-1.4083891000000002,-1.8902221999999997,-2.7629087,-2.6120741,0.33758244,0.5805939,-0.51116204,-1.4383167,-2.1003133999999997,-1.3850456,-1.2940661,-1.3946223999999998,-1.6723499,-1.3365631000000002,-0.3716998,3
-3.0119057000000002,-2.2409727999999998,-1.3359646,-0.6278794,-0.30885202,-0.36212300000000003,-3.3267434000000002,-3.8815994,-1.7854759999999998,0.9636662,-1.4083891000000002,-1.8902221999999997,-2.7629087,-2.6120741,0.33758244,0.5805939,-0.51116204,-1.4383167,-2.1003133999999997,-1.3850456,-1.2940661,-1.3946223999999998,-1.6723499,-1.3365631000000002,-0.3716998,0.09516951400000001,0.10594343,-0.17118542,0.08080431,0.7721300999999999,0.5883751,0.31004912,1.4227544,0.9127894,0.7882909,-2.4247277,-2.166154,1.0283096,3.5859156000000003,2.4779987,-0.25797522,-2.3529017000000003,-2.7371712,-1.7633294999999998,0.1388637,0.6817489000000001,0.7218518,0.31064767,-0.34237084,-0.9115923,3
0.09516951400000001,0.10594343,-0.17118542,0.08080431,0.7721300999999999,0.5883751,0.31004912,1.4227544,0.9127894,0.7882909,-2.4247277,-2.166154,1.0283096,3.5859156000000003,2.4779987,-0.25797522,-2.3529017000000003,-2.7371712,-1.7633294999999998,0.1388637,0.6817489000000001,0.7218518,0.31064767,-0.34237084,-0.9115923,-1.1911154,-1.7507599999999999,-2.5647886000000004,-2.9358897,-1.9925743000000002,-0.8559271,0.022146367,-0.35434186,-1.6819267,-4.1545385999999995,-3.752911,-0.51235914,1.3132197,-1.8028339,-1.0600328,-3.2950199999999996,-1.6400281000000003,0.48602295,0.3441665,0.04309563,-1.3443443000000002,-1.4856021000000001,-1.7495629000000001,-1.8124107,-1.8537107,3
-1.1911154,-1.7507599999999999,-2.5647886000000004,-2.9358897,-1.9925743000000002,-0.8559271,0.022146367,-0.35434186,-1.6819267,-4.1545385999999995,-3.752911,-0.51235914,1.3132197,-1.8028339,-1.0600328,-3.2950199999999996,-1.6400281000000003,0.48602295,0.3441665,0.04309563,-1.3443443000000002,-1.4856021000000001,-1.7495629000000001,-1.8124107,-1.8537107,-1.6950948000000001,-0.87807345,0.090381116,0.581791,0.6757634,0.6967127,0.12808979,0.10414778,-0.47345337,0.8146270999999999,1.3251906999999998,1.9542671000000003,-0.5674258000000001,-1.9740193,1.1091138999999999,1.8734628,1.0181341999999998,-0.30765492,-2.4546554,-2.7593174,-2.190096,-0.09935937,0.80086046,1.1821371,1.3401544,3
-1.6950948000000001,-0.87807345,0.090381116,0.581791,0.6757634,0.6967127,0.12808979,0.10414778,-0.47345337,0.8146270999999999,1.3251906999999998,1.9542671000000003,-0.5674258000000001,-1.9740193,1.1091138999999999,1.8734628,1.0181341999999998,-0.30765492,-2.4546554,-2.7593174,-2.190096,-0.09935937,0.80086046,1.1821371,1.3401544,0.76195467,-0.533907,-1.5119383,-2.180519,-2.6593595000000003,-2.695871,-1.9626468000000001,-0.9247603999999999,-0.3441665,-0.28012159999999997,-2.4115596000000004,-3.726575,-2.730587,0.57879823,-0.16639702,-1.270124,-1.5957354,-3.1992521000000003,-0.7930793,0.789488,0.073023155,-0.93493575,-1.9614497,-1.7088615000000003,-1.3006501,3
0.76195467,-0.533907,-1.5119383,-2.180519,-2.6593595000000003,-2.695871,-1.9626468000000001,-0.9247603999999999,-0.3441665,-0.28012159999999997,-2.4115596000000004,-3.726575,-2.730587,0.57879823,-0.16639702,-1.270124,-1.5957354,-3.1992521000000003,-0.7930793,0.789488,0.073023155,-0.93493575,-1.9614497,-1.7088615000000003,-1.3006501,-1.3868413,-1.484405,-1.3359646,-0.76195467,0.06404489,0.48243165,0.350152,0.14844051,-0.17836803,0.28790274,-0.40282443,0.38367084,1.4036007,2.146402,0.81043726,-2.0410569,-0.62608373,1.54845,0.86370826,-0.37349546,-2.586935,-2.4528596,-1.9464860000000002,0.30406362,1.3269863000000002,3
-1.3868413,-1.484405,-1.3359646,-0.76195467,0.06404489,0.48243165,0.350152,0.14844051,-0.17836803,0.28790274,-0.40282443,0.38367084,1.4036007,2.146402,0.81043726,-2.0410569,-0.62608373,1.54845,0.86370826,-0.37349546,-2.586935,-2.4528596,-1.9464860000000002,0.30406362,1.3269863000000002,1.1049241,0.7158663000000001,0.18195933,-0.7356185000000001,-1.3922282,-1.99437,-2.5713725,-3.1453824,-2.4774002999999998,-1.4323312,-0.35194764,-0.37469256,-0.5614403,-4.0785227,-4.1772833,-1.4969746000000002,1.5041572,-1.0576386,-1.9165584999999998,-2.582745,-1.5472529,0.4285621,1.2785037000000001,0.7194576,-0.6799533,3
1.1049241,0.7158663000000001,0.18195933,-0.7356185000000001,-1.3922282,-1.99437,-2.5713725,-3.1453824,-2.4774002999999998,-1.4323312,-0.35194764,-0.37469256,-0.5614403,-4.0785227,-4.1772833,-1.4969746000000002,1.5041572,-1.0576386,-1.9165584999999998,-2.582745,-1.5472529,0.4285621,1.2785037000000001,0.7194576,-0.6799533,-1.7776948000000001,-1.8734628,-1.763928,-1.774702,-1.6980876,-1.2024878,-0.40102878,0.40581718,0.6877344,0.22206220000000004,-0.45669398,-0.7685388000000001,-0.78410107,-0.7290344,0.95708215,2.0661959999999997,2.3523033,0.11731588,-0.5141548,2.0667946,1.5167267,-1.0594343000000002,-3.518878,-3.1411927000000004,-1.8854338,3
-1.7776948000000001,-1.8734628,-1.763928,-1.774702,-1.6980876,-1.2024878,-0.40102878,0.40581718,0.6877344,0.22206220000000004,-0.45669398,-0.7685388000000001,-0.78410107,-0.7290344,0.95708215,2.0661959999999997,2.3523033,0.11731588,-0.5141548,2.0667946,1.5167267,-1.0594343000000002,-3.518878,-3.1411927000000004,-1.8854338,0.3776853,1.1210848999999998,0.8391677,0.55725044,0.6242880999999999,0.08020575,-0.90979666,-1.7962499,-2.6671407000000005,-3.3758245000000002,-3.4482489999999997,-2.2098482,-0.92296475,-0.07062895,-0.26994625,-1.9159599999999999,-4.439448400000001,-3.8977604,-1.0253168,1.1725603,-2.5342624,-0.8182184,-1.7687165,-0.97025025,0.95708215,3
0.3776853,1.1210848999999998,0.8391677,0.55725044,0.6242880999999999,0.08020575,-0.90979666,-1.7962499,-2.6671407000000005,-3.3758245000000002,-3.4482489999999997,-2.2098482,-0.92296475,-0.07062895,-0.26994625,-1.9159599999999999,-4.439448400000001,-3.8977604,-1.0253168,1.1725603,-2.5342624,-0.8182184,-1.7687165,-0.97025025,0.95708215,-0.0053869537,-0.7356185000000001,-1.5921441,-1.5382746,-1.1809399999999999,-1.3078326999999998,-1.6406266999999999,-1.6849195,-1.1683705,-0.3878607,0.18614918,0.57400984,0.6368576,0.11552023,-0.272939,-0.94451255,1.2378023,1.5771803999999998,1.4556746,-1.7860744999999998,-4.0066967,1.3970166000000002,2.0883423999999997,1.7729063000000003,-0.08559271,3
-0.0053869537,-0.7356185000000001,-1.5921441,-1.5382746,-1.1809399999999999,-1.3078326999999998,-1.6406266999999999,-1.6849195,-1.1683705,-0.3878607,0.18614918,0.57400984,0.6368576,0.11552023,-0.272939,-0.94451255,1.2378023,1.5771803999999998,1.4556746,-1.7860744999999998,-4.0066967,1.3970166000000002,2.0883423999999997,1.7729063000000003,-0.08559271,-2.3906104999999997,-2.3451207000000003,-1.2425906999999998,0.7565677,1.2539631000000002,0.90979666,0.8230068000000001,0.5189431999999999,-0.6536171,-1.4957775,-2.4420857000000002,-3.0244752999999998,-3.5212722000000003,-2.7401638,-1.0851719,-0.0041898529999999995,-0.38486794,-0.57999533,-4.605247,-4.2814309999999995,-1.8854338,1.3988123,-0.6464345,-1.578976,-2.6479871,3
-2.3906104999999997,-2.3451207000000003,-1.2425906999999998,0.7565677,1.2539631000000002,0.90979666,0.8230068000000001,0.5189431999999999,-0.6536171,-1.4957775,-2.4420857000000002,-3.0244752999999998,-3.5212722000000003,-2.7401638,-1.0851719,-0.0041898529999999995,-0.38486794,-0.57999533,-4.605247,-4.2814309999999995,-1.8854338,1.3988123,-0.6464345,-1.578976,-2.6479871,-2.0242975,0.7044938000000001,0.8888474000000001,-0.2873042,-1.6950948000000001,-2.1164744,-1.2515688999999999,-1.2641385,-1.1695676000000002,-1.2814964,-1.1240777,-0.53689975,-0.04129998,0.36511576,0.7721300999999999,0.5069722,0.12150574,-0.36750996,-0.320823,1.1204863999999999,1.6454151000000001,1.0468647,-1.009156,-1.7124528,2.830545,3
-2.0242975,0.7044938000000001,0.8888474000000001,-0.2873042,-1.6950948000000001,-2.1164744,-1.2515688999999999,-1.2641385,-1.1695676000000002,-1.2814964,-1.1240777,-0.53689975,-0.04129998,0.36511576,0.7721300999999999,0.5069722,0.12150574,-0.36750996,-0.320823,1.1204863999999999,1.6454151000000001,1.0468647,-1.009156,-1.7124528,2.830545,2.3265655,-0.30585927,-2.9233203,-2.8443117,-2.0452468,-0.17178397,0.7044938000000001,-0.011372458,-0.12868834,0.02633622,0.08499416,-0.50158525,-1.3144168,-2.2080526000000003,-2.5611973,-2.4756044999999998,-1.9853917,-1.3030443,-0.8265981,-1.0594343000000002,-0.9648633,-3.3967736000000004,-4.1222167,-1.9135658,0.777517,3
2.3265655,-0.30585927,-2.9233203,-2.8443117,-2.0452468,-0.17178397,0.7044938000000001,-0.011372458,-0.12868834,0.02633622,0.08499416,-0.50158525,-1.3144168,-2.2080526000000003,-2.5611973,-2.4756044999999998,-1.9853917,-1.3030443,-0.8265981,-1.0594343000000002,-0.9648633,-3.3967736000000004,-4.1222167,-1.9135658,0.777517,-0.58777654,-1.5269021,-3.210026,-1.7351976999999998,0.96665895,1.292869,0.26396075,-0.81402856,-1.8950106,-1.7699136000000002,-1.7052702000000002,-1.555034,-1.4197617,-0.88046765,-0.4381389,0.18195933,0.4321534000000001,0.49320555,0.28670564,-0.11492168,-0.3537433,-0.46208093,1.0726023999999998,1.6118963,2.3517046,3
-0.58777654,-1.5269021,-3.210026,-1.7351976999999998,0.96665895,1.292869,0.26396075,-0.81402856,-1.8950106,-1.7699136000000002,-1.7052702000000002,-1.555034,-1.4197617,-0.88046765,-0.4381389,0.18195933,0.4321534000000001,0.49320555,0.28670564,-0.11492168,-0.3537433,-0.46208093,1.0726023999999998,1.6118963,2.3517046,-1.0193313,-1.6998832,0.25917232,1.6298528,0.3764882,-1.3467385,-2.4714148,-2.4145525,-1.2814964,-0.11791443,0.19931729,0.38127659999999997,0.46866497,0.13766660000000003,-0.6368576,-1.122282,-1.738789,-2.3864205000000003,-2.4498667999999997,-1.1803415000000002,0.035913024,-0.15861586,-0.6823475,-3.233968,-4.5142674000000005,3
-1.0193313,-1.6998832,0.25917232,1.6298528,0.3764882,-1.3467385,-2.4714148,-2.4145525,-1.2814964,-0.11791443,0.19931729,0.38127659999999997,0.46866497,0.13766660000000003,-0.6368576,-1.122282,-1.738789,-2.3864205000000003,-2.4498667999999997,-1.1803415000000002,0.035913024,-0.15861586,-0.6823475,-3.233968,-4.5142674000000005,-2.7575218999999995,0.84455466,-0.06943185,-1.5993267,-0.5626374,-3.0119057000000002,-0.32621,1.2425906999999998,-0.4285621,-1.2479776000000002,-1.5795746000000002,-0.81642276,-0.65062433,-0.8439561,-1.2210428999999998,-1.459266,-1.1486181999999998,-0.55725044,-0.1604115,0.17836803,0.21128829999999998,0.18255788,-0.14185645,-0.8242039000000001,1.0923545000000001,3
-2.7575218999999995,0.84455466,-0.06943185,-1.5993267,-0.5626374,-3.0119057000000002,-0.32621,1.2425906999999998,-0.4285621,-1.2479776000000002,-1.5795746000000002,-0.81642276,-0.65062433,-0.8439561,-1.2210428999999998,-1.459266,-1.1486181999999998,-0.55725044,-0.1604115,0.17836803,0.21128829999999998,0.18255788,-0.14185645,-0.8242039000000001,1.0923545000000001,1.2545617,1.3000516000000002,-1.8632874,-1.54845,1.6567876,1.3551182,0.7733272,-0.43275195,-1.9901801,-1.9758148999999998,-1.3096284,0.025139118,0.31483752,0.47285482,0.5153519,0.11731588,-0.6907272,-1.4143747,-1.9919758,-2.7509377,-2.8951882999999996,-1.8435352999999999,-0.91578215,-0.45908818,-0.6937199000000001,3
1.2545617,1.3000516000000002,-1.8632874,-1.54845,1.6567876,1.3551182,0.7733272,-0.43275195,-1.9901801,-1.9758148999999998,-1.3096284,0.025139118,0.31483752,0.47285482,0.5153519,0.11731588,-0.6907272,-1.4143747,-1.9919758,-2.7509377,-2.8951882999999996,-1.8435352999999999,-0.91578215,-0.45908818,-0.6937199000000001,-2.7263973,-4.1299977,-2.837129,1.1731589,-0.109534726,-2.087744,-1.3760674,-2.7222072999999996,0.31423897,1.1055226,-0.21487960000000003,-1.1252748,-1.7621324,-1.0313023000000001,-0.7793127,-0.75716627,-0.95947635,-1.2276268999999997,-0.7858967,0.10354923,0.55365914,0.44771573,0.029927522,-0.5165489999999999,-0.034117375,3
-2.7263973,-4.1299977,-2.837129,1.1731589,-0.109534726,-2.087744,-1.3760674,-2.7222072999999996,0.31423897,1.1055226,-0.21487960000000003,-1.1252748,-1.7621324,-1.0313023000000001,-0.7793127,-0.75716627,-0.95947635,-1.2276268999999997,-0.7858967,0.10354923,0.55365914,0.44771573,0.029927522,-0.5165489999999999,-0.034117375,-0.5590460999999999,1.3365631000000002,1.8309658,1.965041,-1.1887212,-3.256713,0.42916065,-0.07182605,0.8762778,0.16879122,-0.90620536,-1.3485341,-1.4161704,-0.37110126,0.29987377,0.7104794,0.5255273,0.12928689,-0.55126494,-1.2012907,-1.9704279999999998,-2.9227216,-3.1483752999999997,-2.0895395,-0.85652566,3
-0.5590460999999999,1.3365631000000002,1.8309658,1.965041,-1.1887212,-3.256713,0.42916065,-0.07182605,0.8762778,0.16879122,-0.90620536,-1.3485341,-1.4161704,-0.37110126,0.29987377,0.7104794,0.5255273,0.12928689,-0.55126494,-1.2012907,-1.9704279999999998,-2.9227216,-3.1483752999999997,-2.0895395,-0.85652566,0.046686932,0.16160862,-2.8634652999999997,-4.2981906,-2.8760347,0.95229375,-0.42975920000000006,-3.7960067000000004,-0.9187749,-2.3714569,-0.45130703,2.0590134,0.24779987,-1.1198878,-2.4552537999999995,-1.6136919,-0.79846627,-0.7553706,-0.7745243,-0.93134445,-0.81283146,-0.36511576,0.006584055,-0.17597382,-0.39923313,3
0.046686932,0.16160862,-2.8634652999999997,-4.2981906,-2.8760347,0.95229375,-0.42975920000000006,-3.7960067000000004,-0.9187749,-2.3714569,-0.45130703,2.0590134,0.24779987,-1.1198878,-2.4552537999999995,-1.6136919,-0.79846627,-0.7553706,-0.7745243,-0.93134445,-0.81283146,-0.36511576,0.006584055,-0.17597382,-0.39923313,-0.6751649000000001,-0.14903906,-0.9187749,0.44771573,1.3120226000000001,2.2984335,0.91219085,-2.1775265,0.5638345,0.40821138,0.18076223,-0.014963761,-0.97144735,-1.8782511999999998,-1.8171991000000003,-0.64942724,0.26815059999999996,0.8122329,0.97144735,0.78050977,0.13467385,-0.7673416999999999,-1.7872716,-3.0262709,-3.9175123999999997,3
-0.6751649000000001,-0.14903906,-0.9187749,0.44771573,1.3120226000000001,2.2984335,0.91219085,-2.1775265,0.5638345,0.40821138,0.18076223,-0.014963761,-0.97144735,-1.8782511999999998,-1.8171991000000003,-0.64942724,0.26815059999999996,0.8122329,0.97144735,0.78050977,0.13467385,-0.7673416999999999,-1.7872716,-3.0262709,-3.9175123999999997,-3.2477345,-1.8201918999999998,-0.25617957,-0.091578215,-0.83378077,-4.0875010000000005,-3.9797617999999995,-0.5883751,1.869273,-2.1894975,-1.1384428999999998,-2.296638,-1.5729905,1.4155718000000002,0.3196259,-0.20470424,-0.97384155,-0.7858967,-0.41479546,-0.801459,-1.2683283,-1.6502035,-1.8046296000000002,-1.1689690000000001,-0.27234045,3
-3.2477345,-1.8201918999999998,-0.25617957,-0.091578215,-0.83378077,-4.0875010000000005,-3.9797617999999995,-0.5883751,1.869273,-2.1894975,-1.1384428999999998,-2.296638,-1.5729905,1.4155718000000002,0.3196259,-0.20470424,-0.97384155,-0.7858967,-0.41479546,-0.801459,-1.2683283,-1.6502035,-1.8046296000000002,-1.1689690000000001,-0.27234045,0.17597382,0.30645782,0.28491,0.7613561,-0.20829555,0.7457938000000001,1.3515268999999999,1.417966,-0.6877344,-3.4153287000000003,0.7038953,1.3652935,1.927931,0.23762453,-1.5981296,-1.7878702000000002,-1.3186066,0.092176765,0.7332243,0.8583213,0.51714754,-0.024540568,-0.7553706,-1.228824,-1.5580268,3
0.17597382,0.30645782,0.28491,0.7613561,-0.20829555,0.7457938000000001,1.3515268999999999,1.417966,-0.6877344,-3.4153287000000003,0.7038953,1.3652935,1.927931,0.23762453,-1.5981296,-1.7878702000000002,-1.3186066,0.092176765,0.7332243,0.8583213,0.51714754,-0.024540568,-0.7553706,-1.228824,-1.5580268,-2.309806,-2.8449101000000003,-2.255338,-1.4616601,-0.7314286,0.04129998,-3.2812532999999995,-4.4861355000000005,-3.1483752999999997,0.6374562,1.0181341999999998,-2.0470424,-2.3241713,-0.85652566,1.9237411,2.7850552000000004,1.2533646,-1.3210008,-2.8562827,-2.7132292000000002,-2.1499932,-1.4185646,-1.0049661,-0.27234045,-0.016759411999999998,3
-2.309806,-2.8449101000000003,-2.255338,-1.4616601,-0.7314286,0.04129998,-3.2812532999999995,-4.4861355000000005,-3.1483752999999997,0.6374562,1.0181341999999998,-2.0470424,-2.3241713,-0.85652566,1.9237411,2.7850552000000004,1.2533646,-1.3210008,-2.8562827,-2.7132292000000002,-2.1499932,-1.4185646,-1.0049661,-0.27234045,-0.016759411999999998,0.14065935,0.22266077,0.21966799999999997,-0.38606504,-1.0899603,-0.7799111999999999,-0.7858967,1.0354922,1.6406266999999999,1.5286977,-1.6657659,-2.1416135,1.9105729999999999,1.9554642,1.6340426000000001,-0.62129533,-1.9674352,-2.0829554,-1.7663223000000001,0.2645593,0.7116765,0.8798690999999998,0.84934306,0.3345897,-0.78888947,3
0.14065935,0.22266077,0.21966799999999997,-0.38606504,-1.0899603,-0.7799111999999999,-0.7858967,1.0354922,1.6406266999999999,1.5286977,-1.6657659,-2.1416135,1.9105729999999999,1.9554642,1.6340426000000001,-0.62129533,-1.9674352,-2.0829554,-1.7663223000000001,0.2645593,0.7116765,0.8798690999999998,0.84934306,0.3345897,-0.78888947,-1.6621746,-2.4504653999999997,-3.0011318,-2.8921957000000003,-1.8974048,-0.78649527,-0.14425065,-0.48961425,-2.3235726000000003,-3.867833,-2.80361,0.42377370000000003,0.95109665,-2.8999767000000003,-0.8583213,-2.9640217,-1.2862848,1.6166847,-0.06464344,-1.3754688999999998,-2.2026656000000004,-1.4287398999999998,-0.95827925,-0.90979666,-1.3227965,3
-1.6621746,-2.4504653999999997,-3.0011318,-2.8921957000000003,-1.8974048,-0.78649527,-0.14425065,-0.48961425,-2.3235726000000003,-3.867833,-2.80361,0.42377370000000003,0.95109665,-2.8999767000000003,-0.8583213,-2.9640217,-1.2862848,1.6166847,-0.06464344,-1.3754688999999998,-2.2026656000000004,-1.4287398999999998,-0.95827925,-0.90979666,-1.3227965,-1.2431892,-0.7140707,-0.31064767,-0.009576807,0.16400282,0.16400282,-0.0712275,-0.047285482000000004,-1.1139023000000001,0.58897364,1.2336124,1.9123686999999998,-0.7350199000000001,-2.9388826,0.7044938000000001,1.2425906999999998,1.2395979,-0.9756372,-1.7836802999999999,-1.2791021999999999,-0.39145198,0.78888947,0.7344214,0.24899697,-0.094570965,3
-1.2431892,-0.7140707,-0.31064767,-0.009576807,0.16400282,0.16400282,-0.0712275,-0.047285482000000004,-1.1139023000000001,0.58897364,1.2336124,1.9123686999999998,-0.7350199000000001,-2.9388826,0.7044938000000001,1.2425906999999998,1.2395979,-0.9756372,-1.7836802999999999,-1.2791021999999999,-0.39145198,0.78888947,0.7344214,0.24899697,-0.094570965,-0.47524905,-1.0265139,-1.4101848999999997,-2.1655555,-2.8712463,-2.7341783,-1.2737153,-0.2657564,-0.29867667,-0.87807345,-1.5717934,-3.903746,-4.0276456,-1.4981716999999999,1.9464860000000002,-2.2559366,-0.44592008,-2.2391772,-1.0049661,0.25019407,-1.2228385,-1.3221979,-1.590947,-1.4287398999999998,-1.0522517,3
-0.47524905,-1.0265139,-1.4101848999999997,-2.1655555,-2.8712463,-2.7341783,-1.2737153,-0.2657564,-0.29867667,-0.87807345,-1.5717934,-3.903746,-4.0276456,-1.4981716999999999,1.9464860000000002,-2.2559366,-0.44592008,-2.2391772,-1.0049661,0.25019407,-1.2228385,-1.3221979,-1.590947,-1.4287398999999998,-1.0522517,-1.0636241000000002,-1.1312603,-0.97862995,-0.40581718,0.30166942,-0.007182605,-0.61770403,-0.8283938,-0.5141548,0.54527944,-0.17657238,0.7691373,1.5616181,1.7908629,-0.86729956,-3.879804,-0.25558102,0.12808979,0.58538234,0.007182605,-1.5987281999999998,-1.6735470000000001,-1.4311341,0.06464344,0.7942764,3
-1.0636241000000002,-1.1312603,-0.97862995,-0.40581718,0.30166942,-0.007182605,-0.61770403,-0.8283938,-0.5141548,0.54527944,-0.17657238,0.7691373,1.5616181,1.7908629,-0.86729956,-3.879804,-0.25558102,0.12808979,0.58538234,0.007182605,-1.5987281999999998,-1.6735470000000001,-1.4311341,0.06464344,0.7942764,0.6805518,0.48542440000000003,0.14604631,-0.50038815,-0.9211690999999999,-1.6915035,-2.802413,-3.5942953,-2.6874914,-1.1414356,-0.14724341,0.3298013,-2.4893713,-4.220379,-2.9083563999999997,0.8900445,0.48303019999999997,-3.3147724000000003,-1.4736311000000002,-1.6705543,-0.24899697,1.0899603,-0.1604115,-0.7823054,-1.2378023,3
0.6805518,0.48542440000000003,0.14604631,-0.50038815,-0.9211690999999999,-1.6915035,-2.802413,-3.5942953,-2.6874914,-1.1414356,-0.14724341,0.3298013,-2.4893713,-4.220379,-2.9083563999999997,0.8900445,0.48303019999999997,-3.3147724000000003,-1.4736311000000002,-1.6705543,-0.24899697,1.0899603,-0.1604115,-0.7823054,-1.2378023,-0.93852705,-0.98461545,-0.99898064,-1.3018471999999999,-1.5424645000000001,-1.3090298,-0.48662150000000004,0.1448492,0.25797522,0.27952304,0.014963761,-0.19871874,-0.6919243,-0.12749124,1.1450268999999997,1.9153613999999999,1.7028759999999998,-2.441487,-2.5037365,1.1971009,0.7942764,-0.14784196,-1.2324153,-1.8632874,-1.3180081,3
-0.93852705,-0.98461545,-0.99898064,-1.3018471999999999,-1.5424645000000001,-1.3090298,-0.48662150000000004,0.1448492,0.25797522,0.27952304,0.014963761,-0.19871874,-0.6919243,-0.12749124,1.1450268999999997,1.9153613999999999,1.7028759999999998,-2.441487,-2.5037365,1.1971009,0.7942764,-0.14784196,-1.2324153,-1.8632874,-1.3180081,-0.28670564,0.3309984,0.31124622,0.3716998,0.5722142,0.3333926,-0.33518824,-1.3210008,-2.5312697999999996,-3.6140475,-3.2267854,-1.6448165000000001,-0.36870706,-0.22385786,-0.13227965,-3.117849,-4.180875,-2.2056582000000002,0.24001873,-1.5927427,-1.0121487,-0.9056068000000002,-1.0941502,0.97743285,0.5518635000000001,3
-0.28670564,0.3309984,0.31124622,0.3716998,0.5722142,0.3333926,-0.33518824,-1.3210008,-2.5312697999999996,-3.6140475,-3.2267854,-1.6448165000000001,-0.36870706,-0.22385786,-0.13227965,-3.117849,-4.180875,-2.2056582000000002,0.24001873,-1.5927427,-1.0121487,-0.9056068000000002,-1.0941502,0.97743285,0.5518635000000001,-0.12030864,-1.282095,-1.6609775000000002,-1.2012907,-1.0893618,-1.3778629999999998,-1.4730326,-1.2808979,-0.6805518,0.29508537,0.52852005,0.33758244,0.30466217,-0.05865794,-2.1505916000000003,0.3645172,2.1811178,2.5582043999999997,0.8415619000000001,-3.465607,-0.010175358,1.5807717,0.5943606,0.18674773,-1.8800468000000001,3
-0.12030864,-1.282095,-1.6609775000000002,-1.2012907,-1.0893618,-1.3778629999999998,-1.4730326,-1.2808979,-0.6805518,0.29508537,0.52852005,0.33758244,0.30466217,-0.05865794,-2.1505916000000003,0.3645172,2.1811178,2.5582043999999997,0.8415619000000001,-3.465607,-0.010175358,1.5807717,0.5943606,0.18674773,-1.8800468000000001,-2.556409,-1.9470845,-0.23044191,0.43993455,0.7882909,0.82899237,0.41599256,-0.41778820000000005,-1.2000936000000002,-2.1739352000000003,-3.0310593,-3.5978866000000003,-2.4277205000000004,-1.0510546,-0.12569559,-0.27952304,-1.1043254999999998,-4.104858999999999,-3.7463272000000005,-0.39624038,1.0821792,-2.2852653999999997,-1.38325,-2.343325,-0.94331545,3
-2.556409,-1.9470845,-0.23044191,0.43993455,0.7882909,0.82899237,0.41599256,-0.41778820000000005,-1.2000936000000002,-2.1739352000000003,-3.0310593,-3.5978866000000003,-2.4277205000000004,-1.0510546,-0.12569559,-0.27952304,-1.1043254999999998,-4.104858999999999,-3.7463272000000005,-0.39624038,1.0821792,-2.2852653999999997,-1.38325,-2.343325,-0.94331545,1.0444705,0.40342298,-0.7733272,-1.9776106,-1.9357121,-1.5562311000000002,-1.4155718000000002,-1.3359646,-0.91817635,-0.16938977,0.6979098000000001,0.5177461,-0.15203181,-0.6428431,-0.85772276,-0.25797522,-1.0690111,0.53330845,1.8938134999999998,2.814384,0.4997896,-2.1086931,-0.56802434,-0.842759,-1.204882,3
1.0444705,0.40342298,-0.7733272,-1.9776106,-1.9357121,-1.5562311000000002,-1.4155718000000002,-1.3359646,-0.91817635,-0.16938977,0.6979098000000001,0.5177461,-0.15203181,-0.6428431,-0.85772276,-0.25797522,-1.0690111,0.53330845,1.8938134999999998,2.814384,0.4997896,-2.1086931,-0.56802434,-0.842759,-1.204882,-0.83378077,-1.4389153000000001,-1.3084313,-1.2946646000000002,-0.22086509999999998,0.79966336,0.97264445,1.246182,0.97862995,0.06883330000000001,-0.87567925,-1.3078326999999998,-1.9524715,-3.1507695,-3.2609026,-1.6472107,-0.27593175,0.25558102,-1.9686323000000001,-4.345476000000001,-3.3782187000000006,0.23104046,0.6123171,-2.232593,-2.5677812,3
-0.83378077,-1.4389153000000001,-1.3084313,-1.2946646000000002,-0.22086509999999998,0.79966336,0.97264445,1.246182,0.97862995,0.06883330000000001,-0.87567925,-1.3078326999999998,-1.9524715,-3.1507695,-3.2609026,-1.6472107,-0.27593175,0.25558102,-1.9686323000000001,-4.345476000000001,-3.3782187000000006,0.23104046,0.6123171,-2.232593,-2.5677812,-2.4289176,-0.47405192,1.365892,0.60333884,-0.82121116,-1.8046296000000002,-1.6968904999999999,-1.4646529,-1.276708,-1.2324153,-1.2389994,-0.40222588,0.092176765,0.32621,0.3357868,0.15682021,0.1364695,0.6715736,0.10833762599999999,0.8074445,1.7806876,-0.7308300999999999,-0.6937199000000001,-0.7158663000000001,-0.45190558,3
-2.4289176,-0.47405192,1.365892,0.60333884,-0.82121116,-1.8046296000000002,-1.6968904999999999,-1.4646529,-1.276708,-1.2324153,-1.2389994,-0.40222588,0.092176765,0.32621,0.3357868,0.15682021,0.1364695,0.6715736,0.10833762599999999,0.8074445,1.7806876,-0.7308300999999999,-0.6937199000000001,-0.7158663000000001,-0.45190558,-0.23044191,-0.1448492,-0.17717093,-0.142455,-0.7691373,-0.59974754,1.1372458,2.7168205000000003,3.3357214999999996,1.7262194,-1.9961656000000003,0.35434186,0.5931635000000001,0.48123455,0.415394,-2.4612392999999995,-3.2920272000000006,-2.1877017000000003,0.3561375,1.459266,1.6382325,0.9947908000000001,0.12808979,-0.7541734999999999,-1.4760253,3
-0.23044191,-0.1448492,-0.17717093,-0.142455,-0.7691373,-0.59974754,1.1372458,2.7168205000000003,3.3357214999999996,1.7262194,-1.9961656000000003,0.35434186,0.5931635000000001,0.48123455,0.415394,-2.4612392999999995,-3.2920272000000006,-2.1877017000000003,0.3561375,1.459266,1.6382325,0.9947908000000001,0.12808979,-0.7541734999999999,-1.4760253,-2.292448,-2.7018566,-2.533664,-1.7621324,-1.2491747,-0.99538934,-1.1348516000000002,-1.6160861,-4.253299,-3.6302083,0.037110128,-0.55485624,-2.1637597,-2.5821466,-3.894169,-1.1905168,1.2467805,1.0953473,-0.42676646,-1.8782511999999998,-1.7292121999999999,-1.4053963,-1.22224,-0.9732430000000001,-0.75956047,3
-2.292448,-2.7018566,-2.533664,-1.7621324,-1.2491747,-0.99538934,-1.1348516000000002,-1.6160861,-4.253299,-3.6302083,0.037110128,-0.55485624,-2.1637597,-2.5821466,-3.894169,-1.1905168,1.2467805,1.0953473,-0.42676646,-1.8782511999999998,-1.7292121999999999,-1.4053963,-1.22224,-0.9732430000000001,-0.75956047,-0.47465047,0.10175357,0.21607670000000004,0.05805939,0.1448492,0.16280572,0.6931214,0.25139117,1.7034745,2.5312697999999996,2.7012582000000003,-0.36032736,-3.5476084,0.07003039999999999,1.2425906999999998,0.8367735000000001,-1.3156139,-2.7910407000000004,-2.7629087,-1.1372458,0.8714894,1.441908,1.2180501,0.47165772,-0.47165772,3
-0.47465047,0.10175357,0.21607670000000004,0.05805939,0.1448492,0.16280572,0.6931214,0.25139117,1.7034745,2.5312697999999996,2.7012582000000003,-0.36032736,-3.5476084,0.07003039999999999,1.2425906999999998,0.8367735000000001,-1.3156139,-2.7910407000000004,-2.7629087,-1.1372458,0.8714894,1.441908,1.2180501,0.47165772,-0.47165772,-1.299453,-1.6597804,-1.9045875,-2.336741,-2.148796,-1.7166426,-1.3802572,-1.2904748,-1.6304513,-3.762488,-5.0116625,-3.095703,0.6015432,-0.02633622,-2.64679,-2.0410569,-2.6354175,-0.5398925,0.9235633,0.6218939,-0.33159694,-1.2808979,-1.2455834,-1.2252326999999998,-1.0666169,3
-1.299453,-1.6597804,-1.9045875,-2.336741,-2.148796,-1.7166426,-1.3802572,-1.2904748,-1.6304513,-3.762488,-5.0116625,-3.095703,0.6015432,-0.02633622,-2.64679,-2.0410569,-2.6354175,-0.5398925,0.9235633,0.6218939,-0.33159694,-1.2808979,-1.2455834,-1.2252326999999998,-1.0666169,-1.1049241,-0.88765025,-0.25019407,0.18315643,0.52373165,0.47345337,0.49021279999999995,0.48961425,0.30526072,-0.3716998,1.3449427999999999,2.1176715,2.1924900000000003,-0.7290344,-3.192668,-0.018555064,1.4251486,1.8177976999999998,0.0664391,-2.0458453000000003,-2.492364,-0.670975,1.1737574,1.1935096,0.92176765,3
-1.1049241,-0.88765025,-0.25019407,0.18315643,0.52373165,0.47345337,0.49021279999999995,0.48961425,0.30526072,-0.3716998,1.3449427999999999,2.1176715,2.1924900000000003,-0.7290344,-3.192668,-0.018555064,1.4251486,1.8177976999999998,0.0664391,-2.0458453000000003,-2.492364,-0.670975,1.1737574,1.1935096,0.92176765,0.17178397,-0.6607997,-1.3221979,-2.0033484,-2.759916,-3.2483332000000003,-2.6563668,-1.5292963,-0.83856916,-1.2491747,-0.7870938000000001,-2.5504234,-3.9785647000000006,-1.821389,1.3664906,-0.46986207,-2.023699,-2.4271219,-3.74094,-1.3491327,0.18854338,0.45908818,-0.15741876,-1.0319009,-0.9648633,3
0.17178397,-0.6607997,-1.3221979,-2.0033484,-2.759916,-3.2483332000000003,-2.6563668,-1.5292963,-0.83856916,-1.2491747,-0.7870938000000001,-2.5504234,-3.9785647000000006,-1.821389,1.3664906,-0.46986207,-2.023699,-2.4271219,-3.74094,-1.3491327,0.18854338,0.45908818,-0.15741876,-1.0319009,-0.9648633,-0.96665895,-1.1498153,-1.5149311,-1.4317327,-1.0959458,-0.50637364,-0.08499416,0.29448682,0.53689975,0.48722005,0.019153614,-0.42676646,1.6238673000000001,2.018312,2.4558525,-0.7152678000000001,-2.5103204,1.8387468999999996,2.100912,2.0440497,-0.2873042,-3.2136172999999997,-3.3039982000000006,-2.0655975,0.6733691999999999,3
-0.96665895,-1.1498153,-1.5149311,-1.4317327,-1.0959458,-0.50637364,-0.08499416,0.29448682,0.53689975,0.48722005,0.019153614,-0.42676646,1.6238673000000001,2.018312,2.4558525,-0.7152678000000001,-2.5103204,1.8387468999999996,2.100912,2.0440497,-0.2873042,-3.2136172999999997,-3.3039982000000006,-2.0655975,0.6733691999999999,1.4460978999999998,1.2012907,0.42796355,-0.12090719,-0.8098387,-1.1839328000000002,-1.8136078000000002,-2.404377,-2.610877,-2.0440497,-1.5652093999999999,-0.81402856,-0.98102415,-1.5622166000000002,-4.474762999999999,-4.3813889999999995,-0.95947635,1.5029601000000001,-2.3319526,-1.8058267,-2.7940332999999997,-2.0512323,-0.22625206,-0.09516951400000001,-0.6901286,3
1.4460978999999998,1.2012907,0.42796355,-0.12090719,-0.8098387,-1.1839328000000002,-1.8136078000000002,-2.404377,-2.610877,-2.0440497,-1.5652093999999999,-0.81402856,-0.98102415,-1.5622166000000002,-4.474762999999999,-4.3813889999999995,-0.95947635,1.5029601000000001,-2.3319526,-1.8058267,-2.7940332999999997,-2.0512323,-0.22625206,-0.09516951400000001,-0.6901286,-1.8142063999999998,-1.6023195,-0.9600749,-0.8074445,-0.587178,-0.6254852,-0.37289690000000003,0.23523031,0.49260699999999996,0.25977087,-0.1412579,0.11791443,0.59256494,-0.31663316,0.9983820999999999,2.0829554,2.6270377999999996,0.9439139999999999,-2.8281507,-0.33997664,-0.65062433,-0.013766658999999999,0.66498953,-1.3988123,-1.3958195,3
-1.8142063999999998,-1.6023195,-0.9600749,-0.8074445,-0.587178,-0.6254852,-0.37289690000000003,0.23523031,0.49260699999999996,0.25977087,-0.1412579,0.11791443,0.59256494,-0.31663316,0.9983820999999999,2.0829554,2.6270377999999996,0.9439139999999999,-2.8281507,-0.33997664,-0.65062433,-0.013766658999999999,0.66498953,-1.3988123,-1.3958195,-0.93972415,0.6865373,1.2000936000000002,1.0055646999999999,0.47345337,-0.35494040000000004,-1.0522517,-1.4628572,-1.7477672,-2.2655133999999997,-2.8832173,-2.4349031,-1.4131776000000003,-0.3441665,-0.008978256,-1.3090298,-5.0200424,-4.912303400000001,-1.8722657,0.7751228,-1.8411411,-3.1310172,-2.6803088,-0.46926352,1.965041,3
-0.93972415,0.6865373,1.2000936000000002,1.0055646999999999,0.47345337,-0.35494040000000004,-1.0522517,-1.4628572,-1.7477672,-2.2655133999999997,-2.8832173,-2.4349031,-1.4131776000000003,-0.3441665,-0.008978256,-1.3090298,-5.0200424,-4.912303400000001,-1.8722657,0.7751228,-1.8411411,-3.1310172,-2.6803088,-0.46926352,1.965041,2.3331497000000003,0.7086836999999999,-1.0528502,-1.9015948,-1.8339584999999998,-1.6232687,-1.2599486,-1.0241197,-0.28431144,0.26336220000000005,0.60812724,0.56443304,0.11552023,-0.43873745,-0.31064767,-0.78410107,0.4441244000000001,2.4085669999999997,2.8760347,1.1019313,-1.8764555,-1.0672153999999998,2.3636756,1.8010383,0.6434416999999999,3
2.3331497000000003,0.7086836999999999,-1.0528502,-1.9015948,-1.8339584999999998,-1.6232687,-1.2599486,-1.0241197,-0.28431144,0.26336220000000005,0.60812724,0.56443304,0.11552023,-0.43873745,-0.31064767,-0.78410107,0.4441244000000001,2.4085669999999997,2.8760347,1.1019313,-1.8764555,-1.0672153999999998,2.3636756,1.8010383,0.6434416999999999,-2.4971522999999998,-3.0358477,-2.5091232999999997,-0.34895490000000007,0.91937345,1.2354081000000001,0.53330845,0.11671733,-0.47046062,-1.0809821000000002,-1.6340426000000001,-2.3056161,-2.717419,-2.4498667999999997,-1.8393455,-1.0636241000000002,-1.1617863000000002,-1.2066777,-3.4344822999999995,-3.9941269999999998,-1.5831659,1.7944542,-0.38606504,-3.0831332000000002,-1.7950528000000001,3
-2.4971522999999998,-3.0358477,-2.5091232999999997,-0.34895490000000007,0.91937345,1.2354081000000001,0.53330845,0.11671733,-0.47046062,-1.0809821000000002,-1.6340426000000001,-2.3056161,-2.717419,-2.4498667999999997,-1.8393455,-1.0636241000000002,-1.1617863000000002,-1.2066777,-3.4344822999999995,-3.9941269999999998,-1.5831659,1.7944542,-0.38606504,-3.0831332000000002,-1.7950528000000001,-2.7401638,-0.7918821999999999,1.062427,0.18136078,-0.830788,-1.5711948999999998,-1.1150993999999999,-0.78290397,-1.1174936000000002,-1.4490906000000001,-1.5705963,-0.95109665,-0.01436521,0.5069722,0.6051345,0.19153613,-0.17058687,-0.26036942,-1.2449848999999997,0.9792285,2.319383,2.4372973,-0.29867667,-2.7527334999999997,-0.092176765,3
-2.7401638,-0.7918821999999999,1.062427,0.18136078,-0.830788,-1.5711948999999998,-1.1150993999999999,-0.78290397,-1.1174936000000002,-1.4490906000000001,-1.5705963,-0.95109665,-0.01436521,0.5069722,0.6051345,0.19153613,-0.17058687,-0.26036942,-1.2449848999999997,0.9792285,2.319383,2.4372973,-0.29867667,-2.7527334999999997,-0.092176765,0.80804306,1.0564415,0.076015905,-1.7399861,-2.307412,-1.4862007,0.8002619000000001,1.6334441000000002,1.2844891999999999,0.43035775,-0.20590134,-1.1605892,-1.6597804,-2.094328,-2.5558102000000003,-2.825158,-2.4049757,-1.7316063999999998,-0.7116765,-0.58119243,-0.75237787,-4.247314,-5.117605999999999,-2.2661119,0.99299514,3
0.80804306,1.0564415,0.076015905,-1.7399861,-2.307412,-1.4862007,0.8002619000000001,1.6334441000000002,1.2844891999999999,0.43035775,-0.20590134,-1.1605892,-1.6597804,-2.094328,-2.5558102000000003,-2.825158,-2.4049757,-1.7316063999999998,-0.7116765,-0.58119243,-0.75237787,-4.247314,-5.117605999999999,-2.2661119,0.99299514,0.010773907,-1.4610616,-2.5300727000000003,-1.7764976000000003,0.5835866999999999,0.94211835,0.08798691,-1.8848352,-2.1990743,-1.4065934,-0.86251116,-0.4333505,-0.38426940000000004,-0.21308395,0.37588966,0.5710170999999999,0.5279215,0.061052144,-0.3800795,-0.47405192,-0.44651863,-0.30526072,1.4586674,2.0314799999999997,1.6669630000000002,3
0.010773907,-1.4610616,-2.5300727000000003,-1.7764976000000003,0.5835866999999999,0.94211835,0.08798691,-1.8848352,-2.1990743,-1.4065934,-0.86251116,-0.4333505,-0.38426940000000004,-0.21308395,0.37588966,0.5710170999999999,0.5279215,0.061052144,-0.3800795,-0.47405192,-0.44651863,-0.30526072,1.4586674,2.0314799999999997,1.6669630000000002,-1.7729063000000003,-3.3482912000000002,0.56563014,2.2182279,1.9536686,0.019153614,-2.634819,-2.717419,-1.7914615000000003,0.46986207,1.0767921999999999,0.8762778,-0.0047884034,-0.38067806,-1.0642227,-1.3341688999999999,-1.9662381000000002,-2.6210522999999997,-3.0292637000000004,-2.4732103,-1.5263035,-0.51834464,-0.31064767,-2.0679917000000003,-4.975151,3
-1.7729063000000003,-3.3482912000000002,0.56563014,2.2182279,1.9536686,0.019153614,-2.634819,-2.717419,-1.7914615000000003,0.46986207,1.0767921999999999,0.8762778,-0.0047884034,-0.38067806,-1.0642227,-1.3341688999999999,-1.9662381000000002,-2.6210522999999997,-3.0292637000000004,-2.4732103,-1.5263035,-0.51834464,-0.31064767,-2.0679917000000003,-4.975151,-4.1138372,0.24600422,1.2078748,-1.5741876000000001,-2.1027076,-3.1070752,-1.323395,0.6721720999999999,1.2575544,0.48722005,-1.1857284,-1.6549919999999998,-1.4203602,-1.3557166999999999,-1.1971009,-1.1390414,-0.8391677,-0.09816227,0.28012159999999997,0.3172317,0.16101007,-0.2777274,-0.35254622,-1.039682,-0.5626374,3
-4.1138372,0.24600422,1.2078748,-1.5741876000000001,-2.1027076,-3.1070752,-1.323395,0.6721720999999999,1.2575544,0.48722005,-1.1857284,-1.6549919999999998,-1.4203602,-1.3557166999999999,-1.1971009,-1.1390414,-0.8391677,-0.09816227,0.28012159999999997,0.3172317,0.16101007,-0.2777274,-0.35254622,-1.039682,-0.5626374,1.3664906,2.1577742000000004,1.4544774999999999,-1.8447324,-1.2785037000000001,2.7521348,2.9879637000000003,1.9165584999999998,-1.3455413999999999,-3.447052,-3.6661212,-1.1683705,1.4544774999999999,2.1140802000000005,1.2988545,0.18016368,-0.5781997,-1.2360066,-1.4401124,-1.8782511999999998,-2.3104044999999998,-2.3259668,-1.7447745,-1.3311761999999998,-0.83737206,3
1.3664906,2.1577742000000004,1.4544774999999999,-1.8447324,-1.2785037000000001,2.7521348,2.9879637000000003,1.9165584999999998,-1.3455413999999999,-3.447052,-3.6661212,-1.1683705,1.4544774999999999,2.1140802000000005,1.2988545,0.18016368,-0.5781997,-1.2360066,-1.4401124,-1.8782511999999998,-2.3104044999999998,-2.3259668,-1.7447745,-1.3311761999999998,-0.83737206,-1.2264298,-1.797447,-4.5034933,-4.703409,-1.2216414,1.5191208999999999,-0.2861071,-2.3409307,-3.0609868,-2.0027497,0.35913026,1.3413515,0.93014735,-0.99658644,-2.1200657000000005,-1.8279729999999998,-1.6370354,-1.3802572,-1.174356,-0.9876082,-0.19812019,0.35494040000000004,0.57400984,0.5590460999999999,0.31364042,3
-1.2264298,-1.797447,-4.5034933,-4.703409,-1.2216414,1.5191208999999999,-0.2861071,-2.3409307,-3.0609868,-2.0027497,0.35913026,1.3413515,0.93014735,-0.99658644,-2.1200657000000005,-1.8279729999999998,-1.6370354,-1.3802572,-1.174356,-0.9876082,-0.19812019,0.35494040000000004,0.57400984,0.5590460999999999,0.31364042,-0.49200845,-0.48063599999999995,-0.79607207,0.6500258000000001,2.3696610000000002,2.8538885,0.9343372,-3.1615434,-2.5617957000000002,-0.61052144,2.6437972000000003,1.4622587,-1.3736732,-2.3463178,-1.8399439999999998,-0.29448682,0.6584055,0.25677812,-0.48722005,-0.61890113,-0.7763199000000001,-0.8972271,-1.2856863,-2.2493525,-2.9897593999999996,3
-0.49200845,-0.48063599999999995,-0.79607207,0.6500258000000001,2.3696610000000002,2.8538885,0.9343372,-3.1615434,-2.5617957000000002,-0.61052144,2.6437972000000003,1.4622587,-1.3736732,-2.3463178,-1.8399439999999998,-0.29448682,0.6584055,0.25677812,-0.48722005,-0.61890113,-0.7763199000000001,-0.8972271,-1.2856863,-2.2493525,-2.9897593999999996,-2.4959552000000005,-1.8267759,-1.0522517,-1.3850456,-1.4317327,-4.4089220000000005,-3.9929300000000003,-0.6733691999999999,2.7934349,-0.45669398,-3.3105824,-2.156577,-2.72939,-0.017357962,1.8004397,0.21966799999999997,-1.2773066000000002,-2.0398598000000003,-1.3628993,-1.1186907,-0.9720459000000001,-0.81881696,-0.7505821999999999,-0.49919105,-0.062249242999999996,3
-2.4959552000000005,-1.8267759,-1.0522517,-1.3850456,-1.4317327,-4.4089220000000005,-3.9929300000000003,-0.6733691999999999,2.7934349,-0.45669398,-3.3105824,-2.156577,-2.72939,-0.017357962,1.8004397,0.21966799999999997,-1.2773066000000002,-2.0398598000000003,-1.3628993,-1.1186907,-0.9720459000000001,-0.81881696,-0.7505821999999999,-0.49919105,-0.062249242999999996,-0.06703765,-0.24660277,-0.2885013,0.19812019,-0.12569559,0.12749124,2.4253263,2.3289597,0.8846575000000001,-3.8899790999999997,-4.5441947,1.0594343000000002,2.670732,3.1962593,0.80924016,-2.123657,-2.7521348,-1.1270704,1.2389994,1.5849615,0.5710170999999999,-0.11312603,-0.55485624,-1.1611878,-1.5149311,3
-0.06703765,-0.24660277,-0.2885013,0.19812019,-0.12569559,0.12749124,2.4253263,2.3289597,0.8846575000000001,-3.8899790999999997,-4.5441947,1.0594343000000002,2.670732,3.1962593,0.80924016,-2.123657,-2.7521348,-1.1270704,1.2389994,1.5849615,0.5710170999999999,-0.11312603,-0.55485624,-1.1611878,-1.5149311,-2.0871453,-2.633622,-2.96881,-2.348712,-1.4413095,-0.64942724,-0.42317516,-2.690484,-5.3366755999999995,-3.9833531000000004,0.010175358,1.2982559,-1.6352396999999999,-2.2625206,-2.3014264,-0.25198972,1.1695676000000002,0.9319430000000001,-0.7493850999999999,-1.9189526999999997,-1.5801731,-1.3126211,-1.2665327,-1.0169370999999998,-0.84814596,3
-2.0871453,-2.633622,-2.96881,-2.348712,-1.4413095,-0.64942724,-0.42317516,-2.690484,-5.3366755999999995,-3.9833531000000004,0.010175358,1.2982559,-1.6352396999999999,-2.2625206,-2.3014264,-0.25198972,1.1695676000000002,0.9319430000000001,-0.7493850999999999,-1.9189526999999997,-1.5801731,-1.3126211,-1.2665327,-1.0169370999999998,-0.84814596,-0.338181,0.22984336,0.5710170999999999,0.60812724,0.38486794,0.009576807,0.13407529999999998,-0.38606504,-0.9816226999999998,0.9451110999999999,1.9746178,1.6956933999999997,-1.1821371,-1.7513584999999998,1.1180921999999998,2.1320367,2.2188265,-0.92655605,-2.1254525,-2.64679,-1.0941502,1.353921,1.9027918999999998,0.92296475,0.008379705999999999,3
-0.338181,0.22984336,0.5710170999999999,0.60812724,0.38486794,0.009576807,0.13407529999999998,-0.38606504,-0.9816226999999998,0.9451110999999999,1.9746178,1.6956933999999997,-1.1821371,-1.7513584999999998,1.1180921999999998,2.1320367,2.2188265,-0.92655605,-2.1254525,-2.64679,-1.0941502,1.353921,1.9027918999999998,0.92296475,0.008379705999999999,-0.5734113000000001,-1.0271125,-1.3174095,-1.8243817,-2.4355016,-2.6922797999999997,-2.2254104999999997,-1.7543513,-1.3724761,-1.5945383,-1.809418,-4.0773253,-4.4442368,-1.5047556999999998,1.9596541,-0.39085343,-0.9487024,-2.3840263,-2.2637177000000004,0.16998832,0.66858083,-0.23283611,-1.9363105999999999,-2.1410147999999998,-1.2808979,3
-0.5734113000000001,-1.0271125,-1.3174095,-1.8243817,-2.4355016,-2.6922797999999997,-2.2254104999999997,-1.7543513,-1.3724761,-1.5945383,-1.809418,-4.0773253,-4.4442368,-1.5047556999999998,1.9596541,-0.39085343,-0.9487024,-2.3840263,-2.2637177000000004,0.16998832,0.66858083,-0.23283611,-1.9363105999999999,-2.1410147999999998,-1.2808979,-0.92535895,-0.7062895,-0.7422025,-0.6835446,-0.18195933,0.25498247,0.20649989,0.21068975,0.12150574,-0.09935937,0.30286652,-0.52373165,0.88765025,1.7699136000000002,2.088941,-0.8960299999999999,-3.5302502999999996,-0.21188685,0.5386954,2.7257986,0.29149407,-1.2773066000000002,-2.7635074,-1.4682442,0.8487445,3
-0.92535895,-0.7062895,-0.7422025,-0.6835446,-0.18195933,0.25498247,0.20649989,0.21068975,0.12150574,-0.09935937,0.30286652,-0.52373165,0.88765025,1.7699136000000002,2.088941,-0.8960299999999999,-3.5302502999999996,-0.21188685,0.5386954,2.7257986,0.29149407,-1.2773066000000002,-2.7635074,-1.4682442,0.8487445,1.7070657999999999,1.4760253,0.41060558,-0.70509243,-1.5059528,-1.6891093000000001,-2.0907366,-2.6701334,-3.1208419999999997,-2.070386,-1.2090718999999999,-0.5057751,-0.6362591,-2.4361002,-5.556941999999999,-4.698621,-0.21667525,1.2946646000000002,-0.75956047,-1.0749966,-2.3481132999999996,-1.1671733999999998,0.6721720999999999,0.45729253,-0.664391,3
1.7070657999999999,1.4760253,0.41060558,-0.70509243,-1.5059528,-1.6891093000000001,-2.0907366,-2.6701334,-3.1208419999999997,-2.070386,-1.2090718999999999,-0.5057751,-0.6362591,-2.4361002,-5.556941999999999,-4.698621,-0.21667525,1.2946646000000002,-0.75956047,-1.0749966,-2.3481132999999996,-1.1671733999999998,0.6721720999999999,0.45729253,-0.664391,-1.9925743000000002,-1.8124107,-1.4167688999999999,-1.1468226000000001,-0.9708488000000001,-0.9056068000000002,-0.62368953,-0.11611878,0.2896984,0.32680854,0.011372458,-0.15203181,0.092176765,-0.6452374,-0.015562311,1.6316483999999998,2.2284033,0.21966799999999997,-3.1310172,-1.1833341999999998,1.8429368000000002,2.520496,2.2242134,-1.5526398000000001,-3.1860838,3
-1.9925743000000002,-1.8124107,-1.4167688999999999,-1.1468226000000001,-0.9708488000000001,-0.9056068000000002,-0.62368953,-0.11611878,0.2896984,0.32680854,0.011372458,-0.15203181,0.092176765,-0.6452374,-0.015562311,1.6316483999999998,2.2284033,0.21966799999999997,-3.1310172,-1.1833341999999998,1.8429368000000002,2.520496,2.2242134,-1.5526398000000001,-3.1860838,-3.426701,-1.2144588,1.3994108,1.6567876,1.0073603000000002,0.5859809,-0.13946225,-1.0714053,-1.7052702000000002,-2.3122002999999998,-2.6527755,-2.3762453,-1.5233108,-0.9744401,-0.748188,-1.2473791,-2.4067712,-4.7961845,-3.8486792999999997,0.22325931,1.5221136999999998,-1.9602526000000002,-2.2762873,-3.3614593,-1.4395138,3
-3.426701,-1.2144588,1.3994108,1.6567876,1.0073603000000002,0.5859809,-0.13946225,-1.0714053,-1.7052702000000002,-2.3122002999999998,-2.6527755,-2.3762453,-1.5233108,-0.9744401,-0.748188,-1.2473791,-2.4067712,-4.7961845,-3.8486792999999997,0.22325931,1.5221136999999998,-1.9602526000000002,-2.2762873,-3.3614593,-1.4395138,1.0330979999999998,1.299453,-0.27114335,-2.3810337,-2.4313118,-1.7004818,-1.0923545000000001,-0.770933,-0.6075286999999999,-0.44532153,-0.021547815,0.32501290000000005,0.32501290000000005,0.32022446,-0.01316811,-0.29568392,-0.7224503999999999,-0.17717093,1.9901801,2.5384523999999997,1.6154876,-2.2948422,-2.7024553,0.9068039000000001,1.2916718999999999,3
1.0330979999999998,1.299453,-0.27114335,-2.3810337,-2.4313118,-1.7004818,-1.0923545000000001,-0.770933,-0.6075286999999999,-0.44532153,-0.021547815,0.32501290000000005,0.32501290000000005,0.32022446,-0.01316811,-0.29568392,-0.7224503999999999,-0.17717093,1.9901801,2.5384523999999997,1.6154876,-2.2948422,-2.7024553,0.9068039000000001,1.2916718999999999,1.0672153999999998,-1.9057846,-3.091513,-2.9125464,0.11432313,1.9381063000000003,2.0847511,0.9199719999999999,-0.025737667000000002,-1.0307038,-1.5053543,-1.590947,-2.1278467,-2.6354175,-2.9293058,-2.0410569,-0.9516952,-0.29209262,0.06404489,-1.6633717000000001,-5.1116204000000005,-4.461595,-0.89543146,0.7918821999999999,-0.85652566,3
1.0672153999999998,-1.9057846,-3.091513,-2.9125464,0.11432313,1.9381063000000003,2.0847511,0.9199719999999999,-0.025737667000000002,-1.0307038,-1.5053543,-1.590947,-2.1278467,-2.6354175,-2.9293058,-2.0410569,-0.9516952,-0.29209262,0.06404489,-1.6633717000000001,-5.1116204000000005,-4.461595,-0.89543146,0.7918821999999999,-0.85652566,-1.596334,-2.1954830000000003,0.1352724,1.7579426,1.423353,-0.6985083000000001,-1.9375077,-2.1631612999999996,-1.4508862,-1.0845733999999998,-0.74399817,-0.705691,-0.39983168,-0.0053869537,0.32022446,0.37708676,0.14963761,-0.31902736,-0.6979098000000001,-1.0857705,0.030526072,2.336741,2.6072857000000003,1.4700398000000001,-2.3421277999999996,3
-1.596334,-2.1954830000000003,0.1352724,1.7579426,1.423353,-0.6985083000000001,-1.9375077,-2.1631612999999996,-1.4508862,-1.0845733999999998,-0.74399817,-0.705691,-0.39983168,-0.0053869537,0.32022446,0.37708676,0.14963761,-0.31902736,-0.6979098000000001,-1.0857705,0.030526072,2.336741,2.6072857000000003,1.4700398000000001,-2.3421277999999996,-1.6759412,0.8367735000000001,1.4167688999999999,0.55126494,-2.0805612,-2.4343044999999996,-1.9907787000000001,0.3878607,1.3904326,1.1228806,0.46926352,0.020949265,-0.44771573,-0.94930094,-1.6101006000000002,-2.3211784,-2.8078,-2.4594438,-1.6106992,-0.8170213000000001,-0.7344214,-0.8355764000000001,-3.527856,-4.6519337,-2.6569653,3
-1.6759412,0.8367735000000001,1.4167688999999999,0.55126494,-2.0805612,-2.4343044999999996,-1.9907787000000001,0.3878607,1.3904326,1.1228806,0.46926352,0.020949265,-0.44771573,-0.94930094,-1.6101006000000002,-2.3211784,-2.8078,-2.4594438,-1.6106992,-0.8170213000000001,-0.7344214,-0.8355764000000001,-3.527856,-4.6519337,-2.6569653,-0.25198972,-0.31423897,-1.4221559,-2.2056582000000002,-0.7152678000000001,2.0691888,1.6011223999999997,-0.34895490000000007,-2.3439236,-2.5091232999999997,-1.3880384,-0.92655605,-0.6500258000000001,-0.6745663000000001,-0.75357497,-0.29927522,0.08140286,0.19692309,0.10055647,-0.34835634,-0.88166475,-0.86849666,-0.98341835,0.760159,2.3145945,3
-0.25198972,-0.31423897,-1.4221559,-2.2056582000000002,-0.7152678000000001,2.0691888,1.6011223999999997,-0.34895490000000007,-2.3439236,-2.5091232999999997,-1.3880384,-0.92655605,-0.6500258000000001,-0.6745663000000001,-0.75357497,-0.29927522,0.08140286,0.19692309,0.10055647,-0.34835634,-0.88166475,-0.86849666,-0.98341835,0.760159,2.3145945,2.4001873,0.30885202,-2.586935,0.10833762599999999,1.2324153,1.6160861,-0.90740246,-3.0202854,-2.4301147000000003,-1.1599906999999998,1.3437457,1.7603368000000001,0.80205756,0.19273324,-0.27473465,-0.6751649000000001,-1.0600328,-1.5867572,-2.178125,-2.493561,-2.3235726000000003,-1.5652093999999999,-1.1264718999999999,-0.7128736,-0.74758947,3
2.4001873,0.30885202,-2.586935,0.10833762599999999,1.2324153,1.6160861,-0.90740246,-3.0202854,-2.4301147000000003,-1.1599906999999998,1.3437457,1.7603368000000001,0.80205756,0.19273324,-0.27473465,-0.6751649000000001,-1.0600328,-1.5867572,-2.178125,-2.493561,-2.3235726000000003,-1.5652093999999999,-1.1264718999999999,-0.7128736,-0.74758947,-2.961029,-4.8722005,-2.794632,1.3084313,1.3718776000000001,-0.676362,-3.1603463,-3.0364463,-0.50517654,1.2635399,0.7326256999999999,-0.9379284999999999,-2.517503,-2.11827,-1.1516110000000002,-0.7080852,-0.44352585,-0.34296940000000004,-0.22325931,0.24540567,0.45789108,0.33159694,-0.030526072,-0.7565677,-1.0265139,3
-2.961029,-4.8722005,-2.794632,1.3084313,1.3718776000000001,-0.676362,-3.1603463,-3.0364463,-0.50517654,1.2635399,0.7326256999999999,-0.9379284999999999,-2.517503,-2.11827,-1.1516110000000002,-0.7080852,-0.44352585,-0.34296940000000004,-0.22325931,0.24540567,0.45789108,0.33159694,-0.030526072,-0.7565677,-1.0265139,-0.38486794,-0.59615624,1.4059948999999998,2.3493104,2.5516205000000003,0.04309563,-3.6469676,-0.5955577,1.7962499,2.0913353,-0.7589619000000001,-3.3339260000000004,-3.0352492,-1.2252326999999998,1.6142905,2.0284874,0.82240826,-0.17477672,-0.6619968,-0.9223662,-1.3820529,-1.8854338,-2.2679076,-2.6036943999999997,-2.1481974,3
-0.38486794,-0.59615624,1.4059948999999998,2.3493104,2.5516205000000003,0.04309563,-3.6469676,-0.5955577,1.7962499,2.0913353,-0.7589619000000001,-3.3339260000000004,-3.0352492,-1.2252326999999998,1.6142905,2.0284874,0.82240826,-0.17477672,-0.6619968,-0.9223662,-1.3820529,-1.8854338,-2.2679076,-2.6036943999999997,-2.1481974,-1.3952209999999998,-0.57760113,-0.78410107,-1.2491747,-4.6166196,-5.618592700000001,-2.842516,0.5835866999999999,0.19752164,-1.8004397,-0.81642276,1.8734628,2.7988217,0.5009867,-2.4540567,-3.4237084,-2.3211784,-0.533907,-0.21428105,-0.15502456,-0.38845924,-0.41299978,-0.08439561,0.06943185,0.21428105,3
-1.3952209999999998,-0.57760113,-0.78410107,-1.2491747,-4.6166196,-5.618592700000001,-2.842516,0.5835866999999999,0.19752164,-1.8004397,-0.81642276,1.8734628,2.7988217,0.5009867,-2.4540567,-3.4237084,-2.3211784,-0.533907,-0.21428105,-0.15502456,-0.38845924,-0.41299978,-0.08439561,0.06943185,0.21428105,0.047285482000000004,-0.5105635000000001,-1.0073603000000002,-0.8391677,-0.8810662,1.6585832999999999,2.1883004,1.6466121999999999,-1.3934253,-2.7760768,1.0642227,2.1039047,1.5735891000000002,-1.1372458,-2.858677,-2.307412,-0.320823,1.7220296000000002,1.8004397,0.7565677,0.2184709,-0.29209262,-0.78050977,-1.2144588,-1.7944542,3
0.047285482000000004,-0.5105635000000001,-1.0073603000000002,-0.8391677,-0.8810662,1.6585832999999999,2.1883004,1.6466121999999999,-1.3934253,-2.7760768,1.0642227,2.1039047,1.5735891000000002,-1.1372458,-2.858677,-2.307412,-0.320823,1.7220296000000002,1.8004397,0.7565677,0.2184709,-0.29209262,-0.78050977,-1.2144588,-1.7944542,-2.2481554,-2.385822,-1.8177976999999998,-1.2838906,-0.82001406,-0.8858546,-1.4167688999999999,-4.4777555,-5.502473999999999,-3.2321722999999998,1.1593921,0.47105917,0.415394,-1.3455413999999999,-1.9440918000000003,-0.08798691,-0.017956512,-0.86729956,-2.3301568,-2.385822,-1.4413095,-0.58777654,-0.22325931,-0.25558102,-0.17417817,3
-2.2481554,-2.385822,-1.8177976999999998,-1.2838906,-0.82001406,-0.8858546,-1.4167688999999999,-4.4777555,-5.502473999999999,-3.2321722999999998,1.1593921,0.47105917,0.415394,-1.3455413999999999,-1.9440918000000003,-0.08798691,-0.017956512,-0.86729956,-2.3301568,-2.385822,-1.4413095,-0.58777654,-0.22325931,-0.25558102,-0.17417817,-2.585738,-2.7323828,-1.4383167,-0.076015905,0.48243165,0.5823896,0.11372458,-0.4261679,-0.4950012,-0.42377370000000003,-0.2184709,0.04309563,-0.1328782,-0.54527944,-0.8230068000000001,-1.0660183,0.090381116,2.2086509999999997,2.9005754,2.2577322,-2.1811178,-1.8369513,0.25318682,0.9115923,-0.38127659999999997,3
-2.585738,-2.7323828,-1.4383167,-0.076015905,0.48243165,0.5823896,0.11372458,-0.4261679,-0.4950012,-0.42377370000000003,-0.2184709,0.04309563,-0.1328782,-0.54527944,-0.8230068000000001,-1.0660183,0.090381116,2.2086509999999997,2.9005754,2.2577322,-2.1811178,-1.8369513,0.25318682,0.9115923,-0.38127659999999997,-2.1517887000000004,-2.144606,-1.4862007,0.48482585,0.88405895,0.24899697,-0.023942016,-0.044292733,-0.30107087,-0.74878657,-1.3395559,-1.7262194,-2.147599,-2.2810757,-1.8285716,-1.0666169,-0.98581254,-0.5117606,-2.544438,-3.9923312999999996,-2.855684,-1.110311,0.48542440000000003,-1.5053543,-2.5605986,3
-2.1517887000000004,-2.144606,-1.4862007,0.48482585,0.88405895,0.24899697,-0.023942016,-0.044292733,-0.30107087,-0.74878657,-1.3395559,-1.7262194,-2.147599,-2.2810757,-1.8285716,-1.0666169,-0.98581254,-0.5117606,-2.544438,-3.9923312999999996,-2.855684,-1.110311,0.48542440000000003,-1.5053543,-2.5605986,-1.3198037,0.6123171,0.33997664,-1.1097125,-2.0284874,-1.6765398,-0.7080852,-0.41299978,0.06344634,0.029927522,-0.12928689,0.006584055,0.16819267,0.40342298,-0.22146365,-1.2198458,-1.8884265,-1.9782091,-0.96905315,2.0853498,4.039018,4.2754455,0.27533320000000006,-1.6579846999999999,-0.23523031,3
-1.3198037,0.6123171,0.33997664,-1.1097125,-2.0284874,-1.6765398,-0.7080852,-0.41299978,0.06344634,0.029927522,-0.12928689,0.006584055,0.16819267,0.40342298,-0.22146365,-1.2198458,-1.8884265,-1.9782091,-0.96905315,2.0853498,4.039018,4.2754455,0.27533320000000006,-1.6579846999999999,-0.23523031,-0.16579847,-1.2593501,-2.5240872000000003,-2.130241,-1.2042834999999998,0.7182605,1.0851719,0.55126494,0.09696517,-0.038307227,-0.24181437,-0.59376204,-1.0354922,-0.7703344,-0.7110779,-0.8762778,-1.1192893,-1.1360487,-0.59376204,-0.49919105,-2.566584,-5.3899465,-4.9733553,-1.5981296,1.1360487,3
-0.16579847,-1.2593501,-2.5240872000000003,-2.130241,-1.2042834999999998,0.7182605,1.0851719,0.55126494,0.09696517,-0.038307227,-0.24181437,-0.59376204,-1.0354922,-0.7703344,-0.7110779,-0.8762778,-1.1192893,-1.1360487,-0.59376204,-0.49919105,-2.566584,-5.3899465,-4.9733553,-1.5981296,1.1360487,0.40462008,-1.376666,-3.0340521000000003,-0.6003460999999999,0.8523358,-0.43754035,-1.8884265,-2.3032220000000003,-1.2012907,-0.50158525,-0.34955344,-0.046088383,-0.02932897,-0.008978256,0.25617957,0.33638534,0.03172317,-0.6607997,-1.2569559,-0.7966706,-1.3778629999999998,0.49260699999999996,2.9759927000000004,3.6948519,2.694674,3
0.40462008,-1.376666,-3.0340521000000003,-0.6003460999999999,0.8523358,-0.43754035,-1.8884265,-2.3032220000000003,-1.2012907,-0.50158525,-0.34955344,-0.046088383,-0.02932897,-0.008978256,0.25617957,0.33638534,0.03172317,-0.6607997,-1.2569559,-0.7966706,-1.3778629999999998,0.49260699999999996,2.9759927000000004,3.6948519,2.694674,-2.4468741,-2.7736826,0.7092823,0.8690952,-0.11252748,-1.4359225,-0.9115923,0.57879823,0.7044938000000001,-0.04369418,-0.37110126,-0.4818331,0.10474633,0.18555063,-0.09995792,-0.7290344,-1.4443021999999999,-1.738789,-1.9015948,-2.1452047999999997,-1.7944542,-1.3868413,-2.6330232999999996,-5.044583,-4.7919946,3
-2.4468741,-2.7736826,0.7092823,0.8690952,-0.11252748,-1.4359225,-0.9115923,0.57879823,0.7044938000000001,-0.04369418,-0.37110126,-0.4818331,0.10474633,0.18555063,-0.09995792,-0.7290344,-1.4443021999999999,-1.738789,-1.9015948,-2.1452047999999997,-1.7944542,-1.3868413,-2.6330232999999996,-5.044583,-4.7919946,-1.6915035,1.4975731,1.0169370999999998,-0.49679685,-1.5340848,-0.6183026,0.65421563,-0.99299514,-1.9955671000000001,-1.9979613,-0.16280572,0.320823,-0.007781155400000001,-0.5650316,-0.8858546,-1.073201,-0.80205756,-0.29328972,-0.26036942,-0.42317516,-0.53211135,-0.93972415,-1.1611878,0.94690675,3.316568,3
-1.6915035,1.4975731,1.0169370999999998,-0.49679685,-1.5340848,-0.6183026,0.65421563,-0.99299514,-1.9955671000000001,-1.9979613,-0.16280572,0.320823,-0.007781155400000001,-0.5650316,-0.8858546,-1.073201,-0.80205756,-0.29328972,-0.26036942,-0.42317516,-0.53211135,-0.93972415,-1.1611878,0.94690675,3.316568,3.9791632000000003,2.0739772000000003,-2.0308816000000003,-1.6687585999999999,-0.83976626,0.05865794,0.19393034,-1.5777789,-2.1027076,-1.8884265,-0.077213004,0.741604,0.7858967,0.85413146,0.76075757,0.46926352,-0.19931729,-0.9487024,-1.7274165000000001,-2.3385365,-2.1883004,-1.4371196000000002,-0.7739256999999999,-0.7691373,-1.3281834,3
3.9791632000000003,2.0739772000000003,-2.0308816000000003,-1.6687585999999999,-0.83976626,0.05865794,0.19393034,-1.5777789,-2.1027076,-1.8884265,-0.077213004,0.741604,0.7858967,0.85413146,0.76075757,0.46926352,-0.19931729,-0.9487024,-1.7274165000000001,-2.3385365,-2.1883004,-1.4371196000000002,-0.7739256999999999,-0.7691373,-1.3281834,-3.1974563999999996,-4.5352163,-3.079542,-0.83497787,-0.012569559,-1.1797429,-1.7088615000000003,-2.4744074,-0.48961425,-0.10594343,-1.0672153999999998,-1.9656396,-1.5616181,-0.42257659999999997,-0.36511576,-0.50757074,-0.62728083,-0.62009823,-0.31004912,0.16519992,0.2693477,-0.27473465,-0.9876082,-1.5508442,-0.19393034,3
-3.1974563999999996,-4.5352163,-3.079542,-0.83497787,-0.012569559,-1.1797429,-1.7088615000000003,-2.4744074,-0.48961425,-0.10594343,-1.0672153999999998,-1.9656396,-1.5616181,-0.42257659999999997,-0.36511576,-0.50757074,-0.62728083,-0.62009823,-0.31004912,0.16519992,0.2693477,-0.27473465,-0.9876082,-1.5508442,-0.19393034,0.5781997,2.8832173,3.7445314,3.083732,0.83856916,-3.1783028,-1.567005,0.2184709,-0.22385786,-1.4862007,-1.163582,-0.86729956,0.5069722,0.59256494,0.31902736,-0.08559271,-0.002992752,0.13826515,-0.2172738,-0.79846627,-1.3706805,-2.0715830000000004,-1.9602526000000002,-1.2437878,-0.8571242,3
0.5781997,2.8832173,3.7445314,3.083732,0.83856916,-3.1783028,-1.567005,0.2184709,-0.22385786,-1.4862007,-1.163582,-0.86729956,0.5069722,0.59256494,0.31902736,-0.08559271,-0.002992752,0.13826515,-0.2172738,-0.79846627,-1.3706805,-2.0715830000000004,-1.9602526000000002,-1.2437878,-0.8571242,-0.7589619000000001,-1.9099745,-3.4482489999999997,-5.391144000000001,-3.9193082,-0.36152446,1.5753847,-0.42556936,-2.4361002,-3.5901055,-0.676362,1.0929531000000001,0.7218518,-1.1516110000000002,-2.171541,-1.6747441000000003,-1.3293805,-1.055843,-0.53450555,-0.24600422,0.0796072,0.50757074,0.670975,0.05865794,-0.7092823,3
-0.7589619000000001,-1.9099745,-3.4482489999999997,-5.391144000000001,-3.9193082,-0.36152446,1.5753847,-0.42556936,-2.4361002,-3.5901055,-0.676362,1.0929531000000001,0.7218518,-1.1516110000000002,-2.171541,-1.6747441000000003,-1.3293805,-1.055843,-0.53450555,-0.24600422,0.0796072,0.50757074,0.670975,0.05865794,-0.7092823,-0.9516952,-0.9588778,-0.717662,2.4821887,4.0198646,4.947618,1.1546037,-3.3476925000000004,0.2873042,0.7763199000000001,-0.5267244000000001,-3.0951042,-2.5803509,-1.6579846999999999,0.9199719999999999,1.6340426000000001,0.86370826,0.75357497,0.6278794,0.17717093,-0.52612585,-1.3467385,-2.047641,-2.545635,-2.1625626000000002,3
-0.9516952,-0.9588778,-0.717662,2.4821887,4.0198646,4.947618,1.1546037,-3.3476925000000004,0.2873042,0.7763199000000001,-0.5267244000000001,-3.0951042,-2.5803509,-1.6579846999999999,0.9199719999999999,1.6340426000000001,0.86370826,0.75357497,0.6278794,0.17717093,-0.52612585,-1.3467385,-2.047641,-2.545635,-2.1625626000000002,-1.1300632,-0.86011696,-0.8158241999999999,-1.7717092,-2.7024553,-4.9218802,-4.5561657,-1.3700819,0.5422866999999999,-0.26874915,-1.3341688999999999,-3.0933087,-0.5177461,0.46866497,0.24061728,-1.3371617,-1.905186,-0.8595184000000001,-0.39624038,-0.5710170999999999,-1.0001777,-1.299453,-1.1174936000000002,-0.26515785,0.27952304,3
-1.1300632,-0.86011696,-0.8158241999999999,-1.7717092,-2.7024553,-4.9218802,-4.5561657,-1.3700819,0.5422866999999999,-0.26874915,-1.3341688999999999,-3.0933087,-0.5177461,0.46866497,0.24061728,-1.3371617,-1.905186,-0.8595184000000001,-0.39624038,-0.5710170999999999,-1.0001777,-1.299453,-1.1174936000000002,-0.26515785,0.27952304,0.6063316,0.705691,0.20410569,-0.3196259,-0.6266823,0.74878657,1.7896657999999999,2.280477,0.27353755,-3.4638114,-0.9588778,1.0983399999999999,2.4995465,1.4628572,-0.78529817,-2.705448,-2.7563248,-0.48482585,0.7272388000000001,0.9792285,0.39683893,0.08259996,-0.14963761,-0.43993455,-1.0582372,3
0.6063316,0.705691,0.20410569,-0.3196259,-0.6266823,0.74878657,1.7896657999999999,2.280477,0.27353755,-3.4638114,-0.9588778,1.0983399999999999,2.4995465,1.4628572,-0.78529817,-2.705448,-2.7563248,-0.48482585,0.7272388000000001,0.9792285,0.39683893,0.08259996,-0.14963761,-0.43993455,-1.0582372,-2.0338743000000004,-2.8137856,-2.5725696,-1.7381904,-1.1761516,-0.8026561,-1.2378023,-2.830545,-4.63697,-3.4159272000000005,0.7733272,0.08559271,-1.4676456,-1.5849615,-2.8485014,-0.41778820000000005,0.33638534,-1.1982979999999999,-2.3594859,-2.0620062,-1.1139023000000001,-0.50517654,-0.29508537,-0.34356794,-0.28491,3
-2.0338743000000004,-2.8137856,-2.5725696,-1.7381904,-1.1761516,-0.8026561,-1.2378023,-2.830545,-4.63697,-3.4159272000000005,0.7733272,0.08559271,-1.4676456,-1.5849615,-2.8485014,-0.41778820000000005,0.33638534,-1.1982979999999999,-2.3594859,-2.0620062,-1.1139023000000001,-0.50517654,-0.29508537,-0.34356794,-0.28491,-0.089782566,0.36870706,0.59735334,0.30585927,-0.10534488,-0.12689269,0.3585317,-0.50158525,0.94092125,2.054225,2.4785974,0.3172317,-5.009867,-0.3824737,1.8255788,2.2284033,-0.28491,-3.0969,-2.6282349,-1.4185646,0.87089086,1.412579,0.88525605,0.077213004,-0.28012159999999997,3
-0.089782566,0.36870706,0.59735334,0.30585927,-0.10534488,-0.12689269,0.3585317,-0.50158525,0.94092125,2.054225,2.4785974,0.3172317,-5.009867,-0.3824737,1.8255788,2.2284033,-0.28491,-3.0969,-2.6282349,-1.4185646,0.87089086,1.412579,0.88525605,0.077213004,-0.28012159999999997,-0.50158525,-0.7320272,-1.3090298,-2.0847511,-2.2744915,-1.6364368,-0.6967127,-0.60214174,-1.1857284,-2.0231004,-4.211401,-5.825691,-3.8630445,-0.5315128,-0.011971008,-1.7064673,-1.7818846999999998,-1.2587515,0.99778354,1.0408791,-0.033518825,-1.6591818,-2.0967221,-1.6466121999999999,-1.436521,3
-0.50158525,-0.7320272,-1.3090298,-2.0847511,-2.2744915,-1.6364368,-0.6967127,-0.60214174,-1.1857284,-2.0231004,-4.211401,-5.825691,-3.8630445,-0.5315128,-0.011971008,-1.7064673,-1.7818846999999998,-1.2587515,0.99778354,1.0408791,-0.033518825,-1.6591818,-2.0967221,-1.6466121999999999,-1.436521,-1.3090298,-1.1097125,-0.7338228,-0.10833762599999999,0.6751649000000001,0.7098808000000001,0.13706805,-0.29807812,-0.40102878,0.4369418,-0.12449849,1.8333599999999999,2.1350293,0.94092125,-1.7537526999999997,-3.4919431000000003,0.18076223,2.5701754,2.510919,-1.1186907,-3.5033157,-3.4249055,-0.58657944,1.4640543,1.6178818000000001,3
-1.3090298,-1.1097125,-0.7338228,-0.10833762599999999,0.6751649000000001,0.7098808000000001,0.13706805,-0.29807812,-0.40102878,0.4369418,-0.12449849,1.8333599999999999,2.1350293,0.94092125,-1.7537526999999997,-3.4919431000000003,0.18076223,2.5701754,2.510919,-1.1186907,-3.5033157,-3.4249055,-0.58657944,1.4640543,1.6178818000000001,1.0696096000000002,0.18555063,-0.43155485,-0.82240826,-1.3802572,-2.1260512,-2.6072857000000003,-2.472612,-1.4957775,-1.0851719,-1.0953473,-1.4335283,-1.8327613999999999,-3.7259765,-3.6750996,-1.6819267,0.41299978,-0.4165911,-2.2744915,-3.4338839999999995,-2.1601684,0.88645315,1.0516531,-1.2970588,-3.1693244,3
1.0696096000000002,0.18555063,-0.43155485,-0.82240826,-1.3802572,-2.1260512,-2.6072857000000003,-2.472612,-1.4957775,-1.0851719,-1.0953473,-1.4335283,-1.8327613999999999,-3.7259765,-3.6750996,-1.6819267,0.41299978,-0.4165911,-2.2744915,-3.4338839999999995,-2.1601684,0.88645315,1.0516531,-1.2970588,-3.1693244,-2.7072437000000003,-1.3084313,-0.29807812,0.05865794,-0.032920275,-0.59615624,-0.6781576,-0.44532153,-0.05267244,0.006584055,0.0053869537,-0.0724246,1.0600328,1.4514848,3.0352492,2.9969419999999998,2.1559787,-1.9195513,-2.9562407000000004,0.7368156,1.0528502,-0.23044191,-2.409764,-2.552219,-2.1230583,3
-2.7072437000000003,-1.3084313,-0.29807812,0.05865794,-0.032920275,-0.59615624,-0.6781576,-0.44532153,-0.05267244,0.006584055,0.0053869537,-0.0724246,1.0600328,1.4514848,3.0352492,2.9969419999999998,2.1559787,-1.9195513,-2.9562407000000004,0.7368156,1.0528502,-0.23044191,-2.409764,-2.552219,-2.1230583,-0.1412579,1.1563994,1.2006921999999998,0.9343372,0.48722005,-0.56922144,-1.3335704,-2.1260512,-2.4630349999999996,-2.4187422,-2.4049757,-1.5364790000000002,-0.777517,-1.2892777,-1.6591818,-4.212598000000001,-4.6782703,-2.4361002,1.1749545,-0.51116204,-2.356493,-2.4534583,-1.4155718000000002,1.8195933000000002,0.5979519,3
-0.1412579,1.1563994,1.2006921999999998,0.9343372,0.48722005,-0.56922144,-1.3335704,-2.1260512,-2.4630349999999996,-2.4187422,-2.4049757,-1.5364790000000002,-0.777517,-1.2892777,-1.6591818,-4.212598000000001,-4.6782703,-2.4361002,1.1749545,-0.51116204,-2.356493,-2.4534583,-1.4155718000000002,1.8195933000000002,0.5979519,-1.8429368000000002,-3.0178912,-2.3175871,-0.7469909,-0.25917232,-0.09636662,-0.24420857,-0.6422445999999999,-0.5907693,-0.079008654,0.33279404,0.34356794,0.13227965,-0.24600422,0.20649989,-0.12808979,2.0458453000000003,3.2321722999999998,3.7553053,0.06943185,-3.1304187999999997,0.6679823,1.1851299,0.5279215,-1.6921021,3
-1.8429368000000002,-3.0178912,-2.3175871,-0.7469909,-0.25917232,-0.09636662,-0.24420857,-0.6422445999999999,-0.5907693,-0.079008654,0.33279404,0.34356794,0.13227965,-0.24600422,0.20649989,-0.12808979,2.0458453000000003,3.2321722999999998,3.7553053,0.06943185,-3.1304187999999997,0.6679823,1.1851299,0.5279215,-1.6921021,-3.3063924,-2.9694088,-0.6835446,1.2437878,2.2451627,1.8255788,0.96665895,0.08080431,-0.9995792,-1.6735470000000001,-2.1170728,-2.528277,-2.3624785,-1.6747441000000003,-1.6394296000000002,-1.283292,-1.6783354,-2.4133554,-3.7169980000000002,-2.966416,0.22984336,0.94570965,-2.2996306,-1.5849615,-3.2399535,3
-3.3063924,-2.9694088,-0.6835446,1.2437878,2.2451627,1.8255788,0.96665895,0.08080431,-0.9995792,-1.6735470000000001,-2.1170728,-2.528277,-2.3624785,-1.6747441000000003,-1.6394296000000002,-1.283292,-1.6783354,-2.4133554,-3.7169980000000002,-2.966416,0.22984336,0.94570965,-2.2996306,-1.5849615,-3.2399535,-1.3431472,1.1121067,0.95468795,-0.47644615,-2.0895395,-1.6196774,-1.3054385,-1.3748703000000002,-1.1504139,-1.1563994,-0.96665895,-0.3776853,-0.38307226,-0.7080852,-0.61890113,-0.46866497,0.31184477,-0.10833762599999999,2.100912,2.8107927000000004,2.6300306,-0.89902276,-4.1186256000000006,0.533907,1.4862007,3
-1.3431472,1.1121067,0.95468795,-0.47644615,-2.0895395,-1.6196774,-1.3054385,-1.3748703000000002,-1.1504139,-1.1563994,-0.96665895,-0.3776853,-0.38307226,-0.7080852,-0.61890113,-0.46866497,0.31184477,-0.10833762599999999,2.100912,2.8107927000000004,2.6300306,-0.89902276,-4.1186256000000006,0.533907,1.4862007,2.1697452,0.55964464,-2.3080103,-3.3943794,-2.3259668,0.5177461,1.7830818,1.9524715,1.1653777,0.12749124,-0.9115923,-1.5400703000000002,-2.1092918,-2.6761188999999996,-2.6449943,-1.8806453999999997,-1.2599486,-0.53211135,-0.7134720999999999,-2.2523452999999996,-4.9583917,-4.4621935,-0.21428105,1.3281834,-1.3904326,3
2.1697452,0.55964464,-2.3080103,-3.3943794,-2.3259668,0.5177461,1.7830818,1.9524715,1.1653777,0.12749124,-0.9115923,-1.5400703000000002,-2.1092918,-2.6761188999999996,-2.6449943,-1.8806453999999997,-1.2599486,-0.53211135,-0.7134720999999999,-2.2523452999999996,-4.9583917,-4.4621935,-0.21428105,1.3281834,-1.3904326,-1.3269863000000002,-3.1753099999999996,-1.5861586,0.41240123,0.43514615,-0.24540567,-1.3611037,-1.5544354999999999,-1.4281414,-1.2090718999999999,-1.0785878999999998,-0.9995792,-0.59855044,0.19213470000000002,0.4818331,0.26156655,-0.038905777,-0.44711718,0.059855044,-0.6961141,1.0480618,2.6030957999999997,2.6270377999999996,0.08918401599999999,-3.3740287,3
-1.3269863000000002,-3.1753099999999996,-1.5861586,0.41240123,0.43514615,-0.24540567,-1.3611037,-1.5544354999999999,-1.4281414,-1.2090718999999999,-1.0785878999999998,-0.9995792,-0.59855044,0.19213470000000002,0.4818331,0.26156655,-0.038905777,-0.44711718,0.059855044,-0.6961141,1.0480618,2.6030957999999997,2.6270377999999996,0.08918401599999999,-3.3740287,0.78888947,2.0422540000000002,1.240795,-0.272939,-2.6461914,-3.083732,-2.3469162,0.3405752,1.4317327,1.5634137,1.0881646999999999,0.24001873,-0.83018947,-1.5705963,-2.3870192,-2.8449101000000003,-3.008913,-2.0859482,-1.0737995,-0.85532856,-1.0342950999999998,-0.99179804,-3.2136172999999997,-4.231153,-2.9430726000000003,3
0.78888947,2.0422540000000002,1.240795,-0.272939,-2.6461914,-3.083732,-2.3469162,0.3405752,1.4317327,1.5634137,1.0881646999999999,0.24001873,-0.83018947,-1.5705963,-2.3870192,-2.8449101000000003,-3.008913,-2.0859482,-1.0737995,-0.85532856,-1.0342950999999998,-0.99179804,-3.2136172999999997,-4.231153,-2.9430726000000003,1.091756,-0.53929394,-0.44173019999999996,-1.2779051000000001,-3.2944214,-1.5209166,0.26515785,-0.062249242999999996,-1.0642227,-1.8878279999999998,-1.240795,-1.0408791,-0.9576806999999999,-0.97503865,-1.0043676,-0.44831428,0.14185645,0.3764882,-0.27174190000000004,-0.76315176,0.010175358,0.24720132,0.49679685,1.9315223000000001,1.9985598000000002,3
1.091756,-0.53929394,-0.44173019999999996,-1.2779051000000001,-3.2944214,-1.5209166,0.26515785,-0.062249242999999996,-1.0642227,-1.8878279999999998,-1.240795,-1.0408791,-0.9576806999999999,-0.97503865,-1.0043676,-0.44831428,0.14185645,0.3764882,-0.27174190000000004,-0.76315176,0.010175358,0.24720132,0.49679685,1.9315223000000001,1.9985598000000002,1.8543092,-3.157952,-2.9747956,0.825401,1.882441,1.8046296000000002,0.16460137,-1.4347253999999998,-2.2313959999999997,-1.7585411,0.3238158,1.0462662,0.9355343,0.7170634,-0.12629414,-0.9684546,-1.3652935,-1.8896236000000002,-2.280477,-2.6743232999999997,-2.1697452,-1.4969746000000002,-0.50757074,-0.6907272,-1.5771803999999998,3
1.8543092,-3.157952,-2.9747956,0.825401,1.882441,1.8046296000000002,0.16460137,-1.4347253999999998,-2.2313959999999997,-1.7585411,0.3238158,1.0462662,0.9355343,0.7170634,-0.12629414,-0.9684546,-1.3652935,-1.8896236000000002,-2.280477,-2.6743232999999997,-2.1697452,-1.4969746000000002,-0.50757074,-0.6907272,-1.5771803999999998,-3.643975,-2.7551277,0.5542577,1.8237831999999998,-2.5264813999999998,-2.542642,-3.079542,-3.5009214999999996,0.46567222,0.03172317,-1.1037270000000001,-1.3299791,-0.4985925,0.13407529999999998,-0.048482585999999994,-0.39564183,-0.9959879,-1.1228806,-0.89902276,-0.42975920000000006,-0.25139117,-0.35673606,-0.2184709,0.83976626,-0.088585466,3
-3.643975,-2.7551277,0.5542577,1.8237831999999998,-2.5264813999999998,-2.542642,-3.079542,-3.5009214999999996,0.46567222,0.03172317,-1.1037270000000001,-1.3299791,-0.4985925,0.13407529999999998,-0.048482585999999994,-0.39564183,-0.9959879,-1.1228806,-0.89902276,-0.42975920000000006,-0.25139117,-0.35673606,-0.2184709,0.83976626,-0.088585466,1.7968484,2.995745,2.3732523999999997,-1.5298948,-2.569577,0.5129577000000001,1.6232687,1.8327613999999999,0.20949265,-1.7190368000000003,-2.1266496,-1.2635399,0.51954174,0.9259575000000001,0.60812724,0.11312603,-0.29388827,-1.0307038,-1.4520833,-1.9351135,-2.7060466,-2.954445,-2.1721394,-1.1911154,-0.42916065,3
1.7968484,2.995745,2.3732523999999997,-1.5298948,-2.569577,0.5129577000000001,1.6232687,1.8327613999999999,0.20949265,-1.7190368000000003,-2.1266496,-1.2635399,0.51954174,0.9259575000000001,0.60812724,0.11312603,-0.29388827,-1.0307038,-1.4520833,-1.9351135,-2.7060466,-2.954445,-2.1721394,-1.1911154,-0.42916065,-0.10235212,-2.0404584,-3.4141315999999997,-2.7904419999999996,0.64823014,0.008978256,-3.1812953999999998,-1.7597381999999997,-3.4961330000000004,-1.4137761999999998,0.08559271,-0.9307459000000001,-0.9008184000000001,-0.9091981,0.0676362,-0.051475335,-0.3513491,-0.80325466,-1.3443443000000002,-1.0432734000000001,-0.2873042,0.13946225,-0.22744916,-0.6961141,-0.25258827,3
-0.10235212,-2.0404584,-3.4141315999999997,-2.7904419999999996,0.64823014,0.008978256,-3.1812953999999998,-1.7597381999999997,-3.4961330000000004,-1.4137761999999998,0.08559271,-0.9307459000000001,-0.9008184000000001,-0.9091981,0.0676362,-0.051475335,-0.3513491,-0.80325466,-1.3443443000000002,-1.0432734000000001,-0.2873042,0.13946225,-0.22744916,-0.6961141,-0.25258827,0.5231331,-0.55246204,1.0187328000000002,1.5999253,2.0697872999999998,-1.4820108,-2.0266917,0.9271546,1.9123686999999998,1.5580268,-0.45190558,-1.3688848,-1.7890673,-1.323395,0.23822308,0.7350199000000001,0.42197806,0.24779987,-0.28191724,-0.9816226999999998,-1.4449007999999999,-2.087744,-2.8646624,-3.3985693,-2.6539726000000003,3
0.5231331,-0.55246204,1.0187328000000002,1.5999253,2.0697872999999998,-1.4820108,-2.0266917,0.9271546,1.9123686999999998,1.5580268,-0.45190558,-1.3688848,-1.7890673,-1.323395,0.23822308,0.7350199000000001,0.42197806,0.24779987,-0.28191724,-0.9816226999999998,-1.4449007999999999,-2.087744,-2.8646624,-3.3985693,-2.6539726000000003,-1.2856863,-0.16699557,-0.32142156,-1.6950948000000001,-3.7576995,-3.3488896,-0.2896984,-1.0606314,-2.4504653999999997,-2.0590134,-2.7575218999999995,-0.3477578,0.83737206,-0.12868834,-1.2605472,-1.4927847,-0.19871874,-0.006584055,-0.33877954,-0.84455466,-1.3694833999999998,-1.0606314,-0.45070848,0.007781155400000001,0.45070848,3
-1.2856863,-0.16699557,-0.32142156,-1.6950948000000001,-3.7576995,-3.3488896,-0.2896984,-1.0606314,-2.4504653999999997,-2.0590134,-2.7575218999999995,-0.3477578,0.83737206,-0.12868834,-1.2605472,-1.4927847,-0.19871874,-0.006584055,-0.33877954,-0.84455466,-1.3694833999999998,-1.0606314,-0.45070848,0.007781155400000001,0.45070848,0.88645315,0.3226187,-0.29269117,-1.0486604,0.9660603999999999,1.9189526999999997,1.9949685000000001,-2.0464439999999997,-0.9223662,1.0552443999999999,1.2431892,1.4700398000000001,-0.20290859,-2.136825,-2.2301989,-1.1869254999999999,0.504578,0.79487497,0.3764882,-0.04189853,-0.49200845,-1.1037270000000001,-1.4682442,-2.136825,-2.8814217999999996,3
0.88645315,0.3226187,-0.29269117,-1.0486604,0.9660603999999999,1.9189526999999997,1.9949685000000001,-2.0464439999999997,-0.9223662,1.0552443999999999,1.2431892,1.4700398000000001,-0.20290859,-2.136825,-2.2301989,-1.1869254999999999,0.504578,0.79487497,0.3764882,-0.04189853,-0.49200845,-1.1037270000000001,-1.4682442,-2.136825,-2.8814217999999996,-2.7760768,-1.7836802999999999,-0.9307459000000001,-0.40940848,-0.66738373,-2.6671407000000005,-3.942053,-2.4672248,1.3515268999999999,1.6376339,-3.4452562000000007,-1.6777369,-2.1092918,-1.9405005000000002,-0.11731588,-1.6603789,-2.1134815,-1.5915456000000001,-0.48722005,0.020949265,-0.4261679,-1.1091138999999999,-1.8273745,-1.8219875,-0.53809685,3
-2.7760768,-1.7836802999999999,-0.9307459000000001,-0.40940848,-0.66738373,-2.6671407000000005,-3.942053,-2.4672248,1.3515268999999999,1.6376339,-3.4452562000000007,-1.6777369,-2.1092918,-1.9405005000000002,-0.11731588,-1.6603789,-2.1134815,-1.5915456000000001,-0.48722005,0.020949265,-0.4261679,-1.1091138999999999,-1.8273745,-1.8219875,-0.53809685,0.60573304,0.7356185000000001,0.39803603,0.19931729,0.6967127,-0.6171055000000001,0.3196259,1.0893618,1.4083891000000002,0.18614918,-2.9981391,-0.14784196,0.7835025,0.47285482,0.30226797,-0.8571242,-0.74519527,-1.2838906,-0.3669114,0.29747957,0.6386533000000001,0.61291564,0.011372458,-0.7769185000000001,-1.3503298000000001,3
0.60573304,0.7356185000000001,0.39803603,0.19931729,0.6967127,-0.6171055000000001,0.3196259,1.0893618,1.4083891000000002,0.18614918,-2.9981391,-0.14784196,0.7835025,0.47285482,0.30226797,-0.8571242,-0.74519527,-1.2838906,-0.3669114,0.29747957,0.6386533000000001,0.61291564,0.011372458,-0.7769185000000001,-1.3503298000000001,-1.7112557000000002,-2.3714569,-3.1064768,-2.6372132,-1.4676456,-0.34596214,0.04129998,-1.5969325,-4.320337,-3.6978445,-0.091578215,1.2497733,-2.3768437000000002,-1.8052281000000003,-3.0023289,-1.7956512999999998,0.28371290000000005,0.07182605,-0.088585466,-1.1067197,-1.0151415000000001,-0.62129533,-0.98341835,-1.2108675,-1.4317327,3
-1.7112557000000002,-2.3714569,-3.1064768,-2.6372132,-1.4676456,-0.34596214,0.04129998,-1.5969325,-4.320337,-3.6978445,-0.091578215,1.2497733,-2.3768437000000002,-1.8052281000000003,-3.0023289,-1.7956512999999998,0.28371290000000005,0.07182605,-0.088585466,-1.1067197,-1.0151415000000001,-0.62129533,-0.98341835,-1.2108675,-1.4317327,-1.1025299,-0.076015905,0.75357497,1.0241197,0.5758055000000001,-0.34117374,-0.20949265,-0.9876082,0.13407529999999998,1.4544774999999999,1.6388310000000001,0.33758244,-2.4139538,-0.29209262,1.6466121999999999,1.8501193999999999,0.82001406,-1.2431892,-2.0440497,-2.5528176,-1.4137761999999998,0.65780693,1.1767502,0.9068039000000001,0.5081693,3
-1.1025299,-0.076015905,0.75357497,1.0241197,0.5758055000000001,-0.34117374,-0.20949265,-0.9876082,0.13407529999999998,1.4544774999999999,1.6388310000000001,0.33758244,-2.4139538,-0.29209262,1.6466121999999999,1.8501193999999999,0.82001406,-1.2431892,-2.0440497,-2.5528176,-1.4137761999999998,0.65780693,1.1767502,0.9068039000000001,0.5081693,-0.05626374,-0.7966706,-1.1863270000000001,-1.9345150000000002,-2.7371712,-3.1370027,-2.2756886,-1.0199299000000002,-0.090381116,-0.065242,-2.3930047,-4.3460746,-3.6164417,0.007781155400000001,0.0011971008,-1.5771803999999998,-0.9900024,-1.8166006000000001,-1.3940238999999999,-0.760159,-0.6607997,-0.90740246,-1.0857705,-0.6859388000000001,-0.7649474,3
-0.05626374,-0.7966706,-1.1863270000000001,-1.9345150000000002,-2.7371712,-3.1370027,-2.2756886,-1.0199299000000002,-0.090381116,-0.065242,-2.3930047,-4.3460746,-3.6164417,0.007781155400000001,0.0011971008,-1.5771803999999998,-0.9900024,-1.8166006000000001,-1.3940238999999999,-0.760159,-0.6607997,-0.90740246,-1.0857705,-0.6859388000000001,-0.7649474,-0.9684546,-1.3198037,0.3585317,-1.4173675,-1.4993688,-1.5101427,-0.85413146,0.22984336,0.9552864999999999,0.6745663000000001,0.19512744,-0.16280572,-0.12689269,-1.614889,-0.6979098000000001,1.0103531,3.0849290000000003,1.4796166000000002,-2.0745756999999996,0.8062474000000001,1.3838485,1.4586674,1.1971009,-0.8367735000000001,-1.8782511999999998,3
-0.9684546,-1.3198037,0.3585317,-1.4173675,-1.4993688,-1.5101427,-0.85413146,0.22984336,0.9552864999999999,0.6745663000000001,0.19512744,-0.16280572,-0.12689269,-1.614889,-0.6979098000000001,1.0103531,3.0849290000000003,1.4796166000000002,-2.0745756999999996,0.8062474000000001,1.3838485,1.4586674,1.1971009,-0.8367735000000001,-1.8782511999999998,-1.9057846,-0.7954735,0.27473465,0.8074445,0.8218097,0.28072014,-0.676362,-1.3323733,-2.1517887000000004,-2.859874,-3.4967315,-2.830545,-0.87807345,0.10654198,-0.55725044,-4.3502645,-4.917092,-2.630629,2.2188265,-0.6434416999999999,-1.5179238000000002,-2.8407204,-2.6749218,-1.6639702,-1.2802993,3
-1.9057846,-0.7954735,0.27473465,0.8074445,0.8218097,0.28072014,-0.676362,-1.3323733,-2.1517887000000004,-2.859874,-3.4967315,-2.830545,-0.87807345,0.10654198,-0.55725044,-4.3502645,-4.917092,-2.630629,2.2188265,-0.6434416999999999,-1.5179238000000002,-2.8407204,-2.6749218,-1.6639702,-1.2802993,-0.5746084,0.20530279,0.64942724,0.5770026,0.074220255,-0.8283938,-1.4395138,-1.5831659,-1.2521674999999999,-0.49021279999999995,0.39863458,0.7882909,0.7116765,0.22026655,-0.2645593,-1.0815806000000001,0.5363011999999999,1.5430629999999999,1.8022354,-1.4083891000000002,-0.42317516,3.3692403,3.0502129,2.4791958,0.3333926,3
-0.5746084,0.20530279,0.64942724,0.5770026,0.074220255,-0.8283938,-1.4395138,-1.5831659,-1.2521674999999999,-0.49021279999999995,0.39863458,0.7882909,0.7116765,0.22026655,-0.2645593,-1.0815806000000001,0.5363011999999999,1.5430629999999999,1.8022354,-1.4083891000000002,-0.42317516,3.3692403,3.0502129,2.4791958,0.3333926,-1.4676456,-3.2231941,-2.9281087,-1.2276268999999997,0.44891283,1.4850036,1.7878702000000002,1.0175357,-0.2172738,-1.158195,-1.8136078000000002,-2.4708161,-2.8754362999999996,-2.5671828,-1.809418,-1.0905589,-0.39264908,-2.3403322999999996,-3.4476504,-2.0602105,0.3854665,-0.9768343,-4.1276035,-2.094328,-1.9901801,3
-1.4676456,-3.2231941,-2.9281087,-1.2276268999999997,0.44891283,1.4850036,1.7878702000000002,1.0175357,-0.2172738,-1.158195,-1.8136078000000002,-2.4708161,-2.8754362999999996,-2.5671828,-1.809418,-1.0905589,-0.39264908,-2.3403322999999996,-3.4476504,-2.0602105,0.3854665,-0.9768343,-4.1276035,-2.094328,-1.9901801,-1.1360487,-0.7529764,-1.7663223000000001,-2.0787656,-1.9698293999999998,-0.38845924,0.065242,-0.2885013,-0.62847793,-0.7194576,-0.59017074,0.091578215,0.6631939,0.6135142,0.25977087,-0.39983168,-0.36511576,-1.6555905,-0.3645172,1.5155296,3.1202433,0.2657564,1.0001777,2.569577,1.4838065,3
-1.1360487,-0.7529764,-1.7663223000000001,-2.0787656,-1.9698293999999998,-0.38845924,0.065242,-0.2885013,-0.62847793,-0.7194576,-0.59017074,0.091578215,0.6631939,0.6135142,0.25977087,-0.39983168,-0.36511576,-1.6555905,-0.3645172,1.5155296,3.1202433,0.2657564,1.0001777,2.569577,1.4838065,0.90381116,-0.41240123,-1.389834,-2.5761611,-2.6611552000000005,-1.7118542,-0.046088383,0.8283938,1.4281414,1.1839328000000002,-0.049081136,-1.0528502,-1.5382746,-2.1272482999999998,-2.7611132,-2.6342204,-1.4401124,-0.8972271,-0.39683893,-3.3309330000000004,-4.1683053999999995,-2.3122002999999998,1.0199299000000002,-2.2026656000000004,-3.5051112,3
0.90381116,-0.41240123,-1.389834,-2.5761611,-2.6611552000000005,-1.7118542,-0.046088383,0.8283938,1.4281414,1.1839328000000002,-0.049081136,-1.0528502,-1.5382746,-2.1272482999999998,-2.7611132,-2.6342204,-1.4401124,-0.8972271,-0.39683893,-3.3309330000000004,-4.1683053999999995,-2.3122002999999998,1.0199299000000002,-2.2026656000000004,-3.5051112,-2.6144682999999995,-1.8519150000000002,-0.7990648,-0.7140707,-0.6488286999999999,-0.42317516,-0.13946225,-0.18315643,-0.79726917,-1.2988545,-1.4885948999999998,-0.9427169,0.0005985504,0.39863458,0.38367084,-0.0011971008,-0.2873042,0.36212300000000003,-0.06823475,-0.031124622,1.4969746000000002,1.4024036,2.0566192,-0.688333,-1.9153613999999999,3
-2.6144682999999995,-1.8519150000000002,-0.7990648,-0.7140707,-0.6488286999999999,-0.42317516,-0.13946225,-0.18315643,-0.79726917,-1.2988545,-1.4885948999999998,-0.9427169,0.0005985504,0.39863458,0.38367084,-0.0011971008,-0.2873042,0.36212300000000003,-0.06823475,-0.031124622,1.4969746000000002,1.4024036,2.0566192,-0.688333,-1.9153613999999999,0.6548142,1.6585832999999999,1.6388310000000001,1.4359225,-0.7020996,-2.1871033,-2.8760347,-1.5269021,-0.02932897,0.7858967,0.9995792,0.58897364,-0.48303019999999997,-1.0319009,-1.5640123,-1.9446903000000002,-2.496554,-2.327164,-1.4215573000000001,-0.79128367,-0.26336220000000005,-1.99437,-4.7722425,-3.9863458,-0.7009025,3
0.6548142,1.6585832999999999,1.6388310000000001,1.4359225,-0.7020996,-2.1871033,-2.8760347,-1.5269021,-0.02932897,0.7858967,0.9995792,0.58897364,-0.48303019999999997,-1.0319009,-1.5640123,-1.9446903000000002,-2.496554,-2.327164,-1.4215573000000001,-0.79128367,-0.26336220000000005,-1.99437,-4.7722425,-3.9863458,-0.7009025,2.5007436000000003,-1.5358804,-2.110489,-2.9436709999999997,-2.191293,-1.0390834999999998,-0.93134445,-0.92176765,-0.78290397,-0.15981296,0.15382746,-0.4938041,-1.2198458,-1.7220296000000002,-1.4544774999999999,-0.51714754,0.24361002,0.8218097,0.8972271,0.5105635000000001,0.013766658999999999,-0.7858967,-1.5346833,0.16400282,1.3904326,3
2.5007436000000003,-1.5358804,-2.110489,-2.9436709999999997,-2.191293,-1.0390834999999998,-0.93134445,-0.92176765,-0.78290397,-0.15981296,0.15382746,-0.4938041,-1.2198458,-1.7220296000000002,-1.4544774999999999,-0.51714754,0.24361002,0.8218097,0.8972271,0.5105635000000001,0.013766658999999999,-0.7858967,-1.5346833,0.16400282,1.3904326,2.1230583,-0.42975920000000006,-0.85891986,2.3008277,2.7724855,2.2709002000000003,0.8912416,-0.9343372,-2.5474305,-3.366846,-2.0769699,-0.21308395,0.8714894,1.5370774999999999,1.3706805,0.090979666,-1.0211270000000001,-1.8004397,-2.4019828,-2.7180176,-2.4498667999999997,-1.7992426,-0.89423436,-0.87567925,-1.0773908,3
2.1230583,-0.42975920000000006,-0.85891986,2.3008277,2.7724855,2.2709002000000003,0.8912416,-0.9343372,-2.5474305,-3.366846,-2.0769699,-0.21308395,0.8714894,1.5370774999999999,1.3706805,0.090979666,-1.0211270000000001,-1.8004397,-2.4019828,-2.7180176,-2.4498667999999997,-1.7992426,-0.89423436,-0.87567925,-1.0773908,-3.5541922999999995,-2.8054059,-0.45070848,1.4790181,-2.15538,-2.2463598,-1.8920178,-2.2571337000000002,-1.0223241,-1.2072762,-1.8381484000000001,-1.881244,-1.3455413999999999,0.22266077,0.24121583,-0.78529817,-1.1875241,-1.4903905000000002,-1.0809821000000002,-0.27533320000000006,0.21787235,0.19512744,-0.016759411999999998,-0.45250413,-0.40701428,3
-3.5541922999999995,-2.8054059,-0.45070848,1.4790181,-2.15538,-2.2463598,-1.8920178,-2.2571337000000002,-1.0223241,-1.2072762,-1.8381484000000001,-1.881244,-1.3455413999999999,0.22266077,0.24121583,-0.78529817,-1.1875241,-1.4903905000000002,-1.0809821000000002,-0.27533320000000006,0.21787235,0.19512744,-0.016759411999999998,-0.45250413,-0.40701428,-1.3886370000000001,0.110731825,0.86251116,1.282095,-1.6190788999999999,-2.5582043999999997,2.0518308000000003,2.891597,2.8185740000000004,1.6346412000000001,-0.6572084,-1.4137761999999998,-1.6687585999999999,-1.7411831999999998,-0.57041854,0.1945289,0.54887074,0.45429978,0.17417817,-0.5351041,-1.0708067,-1.5394716999999998,-2.2942438,-3.0202854,-3.1435869,3
-1.3886370000000001,0.110731825,0.86251116,1.282095,-1.6190788999999999,-2.5582043999999997,2.0518308000000003,2.891597,2.8185740000000004,1.6346412000000001,-0.6572084,-1.4137761999999998,-1.6687585999999999,-1.7411831999999998,-0.57041854,0.1945289,0.54887074,0.45429978,0.17417817,-0.5351041,-1.0708067,-1.5394716999999998,-2.2942438,-3.0202854,-3.1435869,-2.1260512,-0.7398083000000001,0.9115923,-0.9636662,-3.9833531000000004,-3.2495303,-0.64583594,-0.11611878,-1.8770541,-2.7694929,-1.9470845,-1.5400703000000002,-1.8303672,-1.8483237000000001,-1.9255368000000002,-0.96785605,0.08379706,0.0724246,-0.11971009,-0.5153519,-0.8643068000000002,-0.688333,0.011372458,0.49200845,0.7314286,3
-2.1260512,-0.7398083000000001,0.9115923,-0.9636662,-3.9833531000000004,-3.2495303,-0.64583594,-0.11611878,-1.8770541,-2.7694929,-1.9470845,-1.5400703000000002,-1.8303672,-1.8483237000000001,-1.9255368000000002,-0.96785605,0.08379706,0.0724246,-0.11971009,-0.5153519,-0.8643068000000002,-0.688333,0.011372458,0.49200845,0.7314286,0.5758055000000001,0.05746084,0.13407529999999998,-0.8972271,-0.61291564,0.29747957,1.3323733,1.541866,-1.1821371,1.2677298000000001,2.309806,1.4191631000000002,0.85413146,-0.29149407,-1.0618285,-2.0979192,-2.0350714,-0.9792285,-0.14963761,0.16998832,0.17597382,0.19512744,0.18375498,0.35194764,0.27174190000000004,3
0.5758055000000001,0.05746084,0.13407529999999998,-0.8972271,-0.61291564,0.29747957,1.3323733,1.541866,-1.1821371,1.2677298000000001,2.309806,1.4191631000000002,0.85413146,-0.29149407,-1.0618285,-2.0979192,-2.0350714,-0.9792285,-0.14963761,0.16998832,0.17597382,0.19512744,0.18375498,0.35194764,0.27174190000000004,-0.7529764,-1.9758148999999998,-3.0250738,-3.3848026,-2.858677,-0.57281274,-1.5837643999999997,-2.7976246,-1.9895816000000002,0.57041854,-0.7170634,-2.6737247,-3.3488896,-2.8604724,-1.0995371,-0.17417817,0.06464344,-0.53809685,-1.1689690000000001,-1.3467385,-1.4532804,-1.3180081,-0.82599956,-0.5530606,-0.1412579,3
-0.7529764,-1.9758148999999998,-3.0250738,-3.3848026,-2.858677,-0.57281274,-1.5837643999999997,-2.7976246,-1.9895816000000002,0.57041854,-0.7170634,-2.6737247,-3.3488896,-2.8604724,-1.0995371,-0.17417817,0.06464344,-0.53809685,-1.1689690000000001,-1.3467385,-1.4532804,-1.3180081,-0.82599956,-0.5530606,-0.1412579,0.29688102,0.5081693,0.5351041,0.17597382,-0.21607670000000004,-0.49679685,-0.48362875,-1.1330559,0.7074866,1.4401124,2.0284874,-1.0354922,-1.7902644,2.3738509999999997,3.7954082000000002,2.9269116000000004,1.4538790000000001,-1.3748703000000002,-2.5408466,-2.505532,-1.7202339,-0.47285482,0.14305355,0.7248446,0.47644615,3
0.29688102,0.5081693,0.5351041,0.17597382,-0.21607670000000004,-0.49679685,-0.48362875,-1.1330559,0.7074866,1.4401124,2.0284874,-1.0354922,-1.7902644,2.3738509999999997,3.7954082000000002,2.9269116000000004,1.4538790000000001,-1.3748703000000002,-2.5408466,-2.505532,-1.7202339,-0.47285482,0.14305355,0.7248446,0.47644615,-0.017956512,-0.5093664000000001,-1.1156979999999999,-1.8537107,-2.4791958,-2.735974,-2.5300727000000003,-1.0546459,0.006584055,-0.18974048,-3.7092169999999998,-3.198055,-0.83018947,2.0434509999999997,-2.60968,-4.1599255,-3.122039,-2.0027497,-0.05746084,0.13168110000000002,-0.01436521,-0.023343466,-0.44232875,-0.36930559999999996,-0.40462008,3
-0.017956512,-0.5093664000000001,-1.1156979999999999,-1.8537107,-2.4791958,-2.735974,-2.5300727000000003,-1.0546459,0.006584055,-0.18974048,-3.7092169999999998,-3.198055,-0.83018947,2.0434509999999997,-2.60968,-4.1599255,-3.122039,-2.0027497,-0.05746084,0.13168110000000002,-0.01436521,-0.023343466,-0.44232875,-0.36930559999999996,-0.40462008,-1.0408791,-1.401805,-1.5873556999999998,-1.163582,-0.20410569,0.47465047,0.43933599999999995,-0.21906945,-0.5554548,0.045489833,-0.9331401,-0.4345476,0.9588778,2.095525,0.59615624,-1.5059528,0.26515785,1.5849615,2.1829132999999996,2.332551,-0.13108255,-2.023699,-1.5089456,-0.3477578,0.52971715,3
-1.0408791,-1.401805,-1.5873556999999998,-1.163582,-0.20410569,0.47465047,0.43933599999999995,-0.21906945,-0.5554548,0.045489833,-0.9331401,-0.4345476,0.9588778,2.095525,0.59615624,-1.5059528,0.26515785,1.5849615,2.1829132999999996,2.332551,-0.13108255,-2.023699,-1.5089456,-0.3477578,0.52971715,0.6703765,0.52133745,0.037708677,-0.7218518,-1.3724761,-1.8537107,-2.496554,-2.5875334999999997,-1.8309658,-1.2779051000000001,-0.635062,-0.42018240000000007,-2.5043349999999998,-4.0306387,-2.569577,0.58777654,2.995745,-2.830545,-2.1386206000000003,-2.0314799999999997,-2.1152773,-0.41120413,-1.1073183000000002,-1.0528502,-1.4095862,3
0.6703765,0.52133745,0.037708677,-0.7218518,-1.3724761,-1.8537107,-2.496554,-2.5875334999999997,-1.8309658,-1.2779051000000001,-0.635062,-0.42018240000000007,-2.5043349999999998,-4.0306387,-2.569577,0.58777654,2.995745,-2.830545,-2.1386206000000003,-2.0314799999999997,-2.1152773,-0.41120413,-1.1073183000000002,-1.0528502,-1.4095862,-0.8463503000000001,0.11911154,-0.29867667,-1.0378863999999999,-1.3868413,-1.5538370000000001,-0.99898064,-0.37948096,0.26815059999999996,0.3477578,0.31244332,-0.207697,-0.025139118,-1.0893618,0.41299978,1.0708067,1.4377182,-0.44891283,-0.8194155000000001,2.4839842,2.2972363999999996,2.1571757999999996,0.75956047,-1.0779893,-2.1039047,3
-0.8463503000000001,0.11911154,-0.29867667,-1.0378863999999999,-1.3868413,-1.5538370000000001,-0.99898064,-0.37948096,0.26815059999999996,0.3477578,0.31244332,-0.207697,-0.025139118,-1.0893618,0.41299978,1.0708067,1.4377182,-0.44891283,-0.8194155000000001,2.4839842,2.2972363999999996,2.1571757999999996,0.75956047,-1.0779893,-2.1039047,-3.0669725,-2.4648306,-0.35733459999999995,0.7392098000000001,1.1815386,0.9259575000000001,-0.07003039999999999,-1.0773908,-1.6496049,-2.2469582999999997,-2.7024553,-2.7132292000000002,-1.9393034,-0.30645782,-0.073621705,-0.86370826,-3.90614,-3.5290532,-1.3850456,2.0308816000000003,-0.7230489,-3.2213984,-3.7415388,-3.208829,-0.7110779,3
-3.0669725,-2.4648306,-0.35733459999999995,0.7392098000000001,1.1815386,0.9259575000000001,-0.07003039999999999,-1.0773908,-1.6496049,-2.2469582999999997,-2.7024553,-2.7132292000000002,-1.9393034,-0.30645782,-0.073621705,-0.86370826,-3.90614,-3.5290532,-1.3850456,2.0308816000000003,-0.7230489,-3.2213984,-3.7415388,-3.208829,-0.7110779,0.1328782,-0.15682021,-0.8750806999999999,-0.96546185,-0.52492875,-0.6374562,-1.1563994,-1.3335704,-1.2078748,-0.46567222,0.3286042,0.6889314999999999,0.5530606,0.23942018,-0.11791443,-0.109534726,-1.0301052,-0.5781997,0.90740246,1.5993267,0.35494040000000004,-2.5605986,0.47046062,2.7952304,2.9801826,3
0.1328782,-0.15682021,-0.8750806999999999,-0.96546185,-0.52492875,-0.6374562,-1.1563994,-1.3335704,-1.2078748,-0.46567222,0.3286042,0.6889314999999999,0.5530606,0.23942018,-0.11791443,-0.109534726,-1.0301052,-0.5781997,0.90740246,1.5993267,0.35494040000000004,-2.5605986,0.47046062,2.7952304,2.9801826,1.9937714,-0.5201403,-1.7351976999999998,-3.1717186,-2.7503393,-0.65541273,0.5674258000000001,1.3060371000000002,1.1881226,0.30166942,-0.51834464,-1.3269863000000002,-1.9812019,-2.5079262000000004,-2.60968,-2.2152352000000004,-1.3281834,-0.57640404,-0.3226187,-1.7375918999999997,-3.779846,-3.0765493,0.08319851,0.10235212,-3.1597476,3
1.9937714,-0.5201403,-1.7351976999999998,-3.1717186,-2.7503393,-0.65541273,0.5674258000000001,1.3060371000000002,1.1881226,0.30166942,-0.51834464,-1.3269863000000002,-1.9812019,-2.5079262000000004,-2.60968,-2.2152352000000004,-1.3281834,-0.57640404,-0.3226187,-1.7375918999999997,-3.779846,-3.0765493,0.08319851,0.10235212,-3.1597476,-2.4109612,-3.1094694,-1.9500773,0.23403321,0.18435353,-0.81343,-1.5813701999999998,-1.4341268999999999,-0.866701,-0.93613285,-1.1863270000000001,-1.0510546,-0.7703344,-0.08379706,0.61171854,0.81402856,0.521936,-0.073621705,-0.57879823,-0.7170634,-1.7016789,0.24420857,1.7423803,2.8461072,0.23283611,3
-2.4109612,-3.1094694,-1.9500773,0.23403321,0.18435353,-0.81343,-1.5813701999999998,-1.4341268999999999,-0.866701,-0.93613285,-1.1863270000000001,-1.0510546,-0.7703344,-0.08379706,0.61171854,0.81402856,0.521936,-0.073621705,-0.57879823,-0.7170634,-1.7016789,0.24420857,1.7423803,2.8461072,0.23283611,-2.7048495,0.39324763,0.79128367,1.1438298,1.5855601000000001,-0.19931729,-1.3395559,-2.3540987999999996,-1.5011643999999997,-0.21308395,0.504578,0.9247603999999999,0.6242880999999999,-0.04369418,-0.7074866,-1.2988545,-1.9716251,-2.7156234,-3.329736,-2.4768016,-0.48722005,0.38187516,-0.11133038,-4.3161473,-4.698621,3
-2.7048495,0.39324763,0.79128367,1.1438298,1.5855601000000001,-0.19931729,-1.3395559,-2.3540987999999996,-1.5011643999999997,-0.21308395,0.504578,0.9247603999999999,0.6242880999999999,-0.04369418,-0.7074866,-1.2988545,-1.9716251,-2.7156234,-3.329736,-2.4768016,-0.48722005,0.38187516,-0.11133038,-4.3161473,-4.698621,-2.1643584,1.4652513999999999,-1.1593921,-3.2112230999999998,-3.8013937000000007,-2.5917234000000002,0.49260699999999996,1.2264298,0.90859956,-0.6278794,-1.4562732,-1.365892,-1.4945803999999998,-1.1599906999999998,-1.1797429,-1.0546459,-0.26515785,0.4357447,1.0049661,0.9295488000000001,0.5153519,-0.18255788,-0.533907,-1.7016789,-1.5191208999999999,3
-2.1643584,1.4652513999999999,-1.1593921,-3.2112230999999998,-3.8013937000000007,-2.5917234000000002,0.49260699999999996,1.2264298,0.90859956,-0.6278794,-1.4562732,-1.365892,-1.4945803999999998,-1.1599906999999998,-1.1797429,-1.0546459,-0.26515785,0.4357447,1.0049661,0.9295488000000001,0.5153519,-0.18255788,-0.533907,-1.7016789,-1.5191208999999999,1.2252326999999998,2.7581203,2.7048495,-0.36212300000000003,-0.9528923,1.3144168,1.2862848,0.6051345,-0.24301147,-0.705691,-1.2180501,-1.6579846999999999,-1.0630256,-0.065242,0.7308300999999999,1.1683705,0.45130703,-0.5770026,-1.1881226,-1.4317327,-1.4431051000000001,-1.5352819,-2.280477,-2.8149827000000003,-1.9494787,3
1.2252326999999998,2.7581203,2.7048495,-0.36212300000000003,-0.9528923,1.3144168,1.2862848,0.6051345,-0.24301147,-0.705691,-1.2180501,-1.6579846999999999,-1.0630256,-0.065242,0.7308300999999999,1.1683705,0.45130703,-0.5770026,-1.1881226,-1.4317327,-1.4431051000000001,-1.5352819,-2.280477,-2.8149827000000003,-1.9494787,-0.27473465,0.8936358,0.33877954,-2.77069,-5.6221843,-4.6710877,0.89184016,0.623091,-3.0538042,-2.1853075,-2.6527755,-0.5847838000000001,0.40761283,0.022146367,-0.15203181,-0.81043726,-1.0199299000000002,-1.1474211,-1.5346833,-1.697489,-1.5628152,-1.0013748,-0.08619126,0.6584055,0.7152678000000001,3
-0.27473465,0.8936358,0.33877954,-2.77069,-5.6221843,-4.6710877,0.89184016,0.623091,-3.0538042,-2.1853075,-2.6527755,-0.5847838000000001,0.40761283,0.022146367,-0.15203181,-0.81043726,-1.0199299000000002,-1.1474211,-1.5346833,-1.697489,-1.5628152,-1.0013748,-0.08619126,0.6584055,0.7152678000000001,0.47524905,0.27114335,0.1352724,0.40043023,-1.0720038,-1.0253168,0.53809685,2.3696610000000002,-0.28311434,-2.4839842,1.2737153,2.791639,0.60453594,0.6937199000000001,-2.1667526,-2.1583729,-1.5933412,-0.18614918,0.83258367,0.7835025,0.35913026,-0.24480712,-0.5470751,-0.7613561,-0.90620536,3
0.47524905,0.27114335,0.1352724,0.40043023,-1.0720038,-1.0253168,0.53809685,2.3696610000000002,-0.28311434,-2.4839842,1.2737153,2.791639,0.60453594,0.6937199000000001,-2.1667526,-2.1583729,-1.5933412,-0.18614918,0.83258367,0.7835025,0.35913026,-0.24480712,-0.5470751,-0.7613561,-0.90620536,-0.9540894,-1.5640123,-1.5520413,-1.602918,-1.2856863,-1.4862007,-2.8526914,-3.7942111000000005,-4.2700586,-2.203264,-0.10055647,-2.4917655,-1.2533646,-1.4437037,-0.56802434,-0.11552023,-0.545878,-1.0067618,-1.2360066,-1.1019313,-0.84455466,-0.9672575000000001,-1.2228385,-1.1935096,-1.0408791,3
-0.9540894,-1.5640123,-1.5520413,-1.602918,-1.2856863,-1.4862007,-2.8526914,-3.7942111000000005,-4.2700586,-2.203264,-0.10055647,-2.4917655,-1.2533646,-1.4437037,-0.56802434,-0.11552023,-0.545878,-1.0067618,-1.2360066,-1.1019313,-0.84455466,-0.9672575000000001,-1.2228385,-1.1935096,-1.0408791,-0.7398083000000001,-0.21368249999999997,0.36511576,0.6572084,0.6003460999999999,0.13347675,-0.41778820000000005,-0.6697779,-1.3533225,0.21428105,1.2108675,1.6292541999999999,-0.7320272,-1.7549498,0.6434416999999999,1.9626468000000001,2.285864,1.8764555,0.13587095,-1.5496471,-2.4384943999999997,-1.9111716,-0.6356605,0.27593175,0.7392098000000001,3
-0.7398083000000001,-0.21368249999999997,0.36511576,0.6572084,0.6003460999999999,0.13347675,-0.41778820000000005,-0.6697779,-1.3533225,0.21428105,1.2108675,1.6292541999999999,-0.7320272,-1.7549498,0.6434416999999999,1.9626468000000001,2.285864,1.8764555,0.13587095,-1.5496471,-2.4384943999999997,-1.9111716,-0.6356605,0.27593175,0.7392098000000001,0.94570965,0.20709845,-0.6584055,-1.079785,-1.3437457,-1.8668787,-2.1218612,-2.0171148999999997,-1.6106992,-0.44113165,-0.47465047,-0.26036942,-3.2016463,-4.1742907,-3.0831332000000002,0.26815059999999996,-0.49021279999999995,-1.3916297,-1.578976,-1.8626889,-0.9331401,-0.6476316,-1.0307038,-1.4149733,-1.4610616,3
0.94570965,0.20709845,-0.6584055,-1.079785,-1.3437457,-1.8668787,-2.1218612,-2.0171148999999997,-1.6106992,-0.44113165,-0.47465047,-0.26036942,-3.2016463,-4.1742907,-3.0831332000000002,0.26815059999999996,-0.49021279999999995,-1.3916297,-1.578976,-1.8626889,-0.9331401,-0.6476316,-1.0307038,-1.4149733,-1.4610616,-0.7140707,-0.5279215,-0.92655605,-1.0971429,-1.1982979999999999,-0.87208796,-0.1388637,0.55126494,0.7356185000000001,0.6183026,0.3537433,0.29807812,-0.3824737,-0.7565677,0.5267244000000001,1.5083469999999999,2.1410147999999998,-1.1252748,-2.8999767000000003,0.8158241999999999,3.3530796,3.0992942,1.3383588,-1.1611878,-2.7311857,3
-0.7140707,-0.5279215,-0.92655605,-1.0971429,-1.1982979999999999,-0.87208796,-0.1388637,0.55126494,0.7356185000000001,0.6183026,0.3537433,0.29807812,-0.3824737,-0.7565677,0.5267244000000001,1.5083469999999999,2.1410147999999998,-1.1252748,-2.8999767000000003,0.8158241999999999,3.3530796,3.0992942,1.3383588,-1.1611878,-2.7311857,-3.2196027999999997,-1.8016368000000003,0.017956512,0.75477207,1.246182,0.8391677,-0.14604631,-1.0803835,-1.3670892,-1.7184383,-2.2948422,-2.5911248,-2.1877017000000003,-0.8331822,-0.019153614,0.21188685,-3.4045547999999997,-4.6297874000000006,-3.0603882999999996,1.1420341999999999,-0.16519992,-1.2982559,-2.1769277999999996,-1.8010383,-0.8714894,3
-3.2196027999999997,-1.8016368000000003,0.017956512,0.75477207,1.246182,0.8391677,-0.14604631,-1.0803835,-1.3670892,-1.7184383,-2.2948422,-2.5911248,-2.1877017000000003,-0.8331822,-0.019153614,0.21188685,-3.4045547999999997,-4.6297874000000006,-3.0603882999999996,1.1420341999999999,-0.16519992,-1.2982559,-2.1769277999999996,-1.8010383,-0.8714894,-0.49200845,-0.5578489999999999,-0.64823014,-0.5626374,-0.19572599,-0.47824179999999994,-1.2054806,-1.5592238999999999,-1.5753847,-0.94810385,0.16220717,0.9247603999999999,1.1444284,0.79008657,-0.025139118,-0.29987377,-1.1959038,-1.2934675,0.54887074,1.6256628999999998,1.4311341,-0.9756372,-1.0366893,1.2802993,1.9201498,3
-0.49200845,-0.5578489999999999,-0.64823014,-0.5626374,-0.19572599,-0.47824179999999994,-1.2054806,-1.5592238999999999,-1.5753847,-0.94810385,0.16220717,0.9247603999999999,1.1444284,0.79008657,-0.025139118,-0.29987377,-1.1959038,-1.2934675,0.54887074,1.6256628999999998,1.4311341,-0.9756372,-1.0366893,1.2802993,1.9201498,1.7753005000000002,1.1988965,-0.60453594,-1.4413095,-2.6677392,-2.0500352,-0.34356794,0.4405331,0.83617496,0.6075286999999999,0.074220255,-0.46567222,-1.1025299,-1.7465701,-2.0129251,-2.4612392999999995,-2.1990743,-1.2210428999999998,-0.2172738,-0.6218939,-2.4642322,-4.88477,-3.3022027,-0.39324763,1.2922704,3
1.7753005000000002,1.1988965,-0.60453594,-1.4413095,-2.6677392,-2.0500352,-0.34356794,0.4405331,0.83617496,0.6075286999999999,0.074220255,-0.46567222,-1.1025299,-1.7465701,-2.0129251,-2.4612392999999995,-2.1990743,-1.2210428999999998,-0.2172738,-0.6218939,-2.4642322,-4.88477,-3.3022027,-0.39324763,1.2922704,-1.9865887999999998,-1.6112977,-2.0901381999999997,-1.6178818000000001,-1.027711,-1.1605892,-1.2276268999999997,-1.2773066000000002,-1.2437878,-0.5781997,-0.81402856,-1.3449427999999999,-1.4933833,-1.4814123,-0.88525605,0.050876785,0.5662286999999999,0.7248446,0.61052144,0.075417355,-0.20649989,-0.36032736,-1.4891934,-1.1121067,0.7194576,3
-1.9865887999999998,-1.6112977,-2.0901381999999997,-1.6178818000000001,-1.027711,-1.1605892,-1.2276268999999997,-1.2773066000000002,-1.2437878,-0.5781997,-0.81402856,-1.3449427999999999,-1.4933833,-1.4814123,-0.88525605,0.050876785,0.5662286999999999,0.7248446,0.61052144,0.075417355,-0.20649989,-0.36032736,-1.4891934,-1.1121067,0.7194576,2.510919,1.9722236000000002,0.2657564,-1.1162965,0.44173019999999996,1.1097125,0.79487497,-0.9840169,-2.9903579,-3.4524388,-2.1392192999999997,0.26874915,1.316811,1.1516110000000002,0.6326678000000001,-0.24899697,-0.8367735000000001,-1.0570401000000003,-1.6693572,-2.1098902,-2.6042929,-2.5731683,-1.8237831999999998,-0.3776853,0.04309563,3
2.510919,1.9722236000000002,0.2657564,-1.1162965,0.44173019999999996,1.1097125,0.79487497,-0.9840169,-2.9903579,-3.4524388,-2.1392192999999997,0.26874915,1.316811,1.1516110000000002,0.6326678000000001,-0.24899697,-0.8367735000000001,-1.0570401000000003,-1.6693572,-2.1098902,-2.6042929,-2.5731683,-1.8237831999999998,-0.3776853,0.04309563,-0.033518825,-3.693056,-4.6752769999999995,-2.280477,0.91578215,0.06404489,-1.7022773999999998,-2.6258407000000004,-2.2290018,0.12689269,0.9235633,0.7074866,-0.5518635000000001,-1.389834,-1.1803415000000002,-1.2539631000000002,-1.1587936,-1.4574703000000002,-1.5634137,-0.82480246,-0.049081136,0.40043023,0.44651863,0.34296940000000004,0.06883330000000001,3
-0.033518825,-3.693056,-4.6752769999999995,-2.280477,0.91578215,0.06404489,-1.7022773999999998,-2.6258407000000004,-2.2290018,0.12689269,0.9235633,0.7074866,-0.5518635000000001,-1.389834,-1.1803415000000002,-1.2539631000000002,-1.1587936,-1.4574703000000002,-1.5634137,-0.82480246,-0.049081136,0.40043023,0.44651863,0.34296940000000004,0.06883330000000001,0.017956512,-0.8355764000000001,-0.30825347,1.3132197,2.2655133999999997,1.7202339,-0.8936358,-1.3730746999999999,0.92775315,0.83018947,1.0414777,-0.87208796,-2.2391772,-3.0172927000000005,-2.0039468,0.63206923,1.8860323,1.8602947,1.1468226000000001,-0.014963761,-1.079785,-1.4945803999999998,-1.389834,-1.5292963,-2.0895395,3
0.017956512,-0.8355764000000001,-0.30825347,1.3132197,2.2655133999999997,1.7202339,-0.8936358,-1.3730746999999999,0.92775315,0.83018947,1.0414777,-0.87208796,-2.2391772,-3.0172927000000005,-2.0039468,0.63206923,1.8860323,1.8602947,1.1468226000000001,-0.014963761,-1.079785,-1.4945803999999998,-1.389834,-1.5292963,-2.0895395,-1.9446903000000002,-1.7968484,-1.216853,-0.48542440000000003,-1.5286977,-3.4847605,0.48662150000000004,1.0372878,0.85652566,0.40761283,-0.7625531999999999,-1.7603368000000001,-2.8814217999999996,-1.6017209,0.05267244,0.6434416999999999,1.1294646000000002,1.1563994,0.1933318,-1.0402806,-2.4181437000000003,-3.0681696,-3.345897,-2.7036523999999997,-1.4790181,3
-1.9446903000000002,-1.7968484,-1.216853,-0.48542440000000003,-1.5286977,-3.4847605,0.48662150000000004,1.0372878,0.85652566,0.40761283,-0.7625531999999999,-1.7603368000000001,-2.8814217999999996,-1.6017209,0.05267244,0.6434416999999999,1.1294646000000002,1.1563994,0.1933318,-1.0402806,-2.4181437000000003,-3.0681696,-3.345897,-2.7036523999999997,-1.4790181,-0.24420857,-0.5506664000000001,-1.1300632,-4.4304705,-5.139154,-3.0538042,-0.15263036,-1.3940238999999999,-2.8694507999999996,-2.6821042999999998,-1.6394296000000002,0.49559975,0.16101007,-0.87807345,-1.5460558,-1.5251063999999999,-1.2808979,-1.1629834,-1.1617863000000002,-1.1097125,-0.4890157,0.3172317,0.87448215,0.97623575,0.521936,3
-0.24420857,-0.5506664000000001,-1.1300632,-4.4304705,-5.139154,-3.0538042,-0.15263036,-1.3940238999999999,-2.8694507999999996,-2.6821042999999998,-1.6394296000000002,0.49559975,0.16101007,-0.87807345,-1.5460558,-1.5251063999999999,-1.2808979,-1.1629834,-1.1617863000000002,-1.1097125,-0.4890157,0.3172317,0.87448215,0.97623575,0.521936,0.55365914,1.0863690000000001,-0.15263036,-0.35913026,1.5113398,2.7832594,2.9616275,-0.52253455,-0.9900024,0.12689269,-0.338181,0.44472298,0.19512744,-0.9804255999999999,-1.9668366999999998,-1.1534066,0.10235212,0.7266402,0.9840169,0.38486794,-0.79846627,-1.7345991000000003,-2.4594438,-2.9508536,-3.4727894999999998,3
0.55365914,1.0863690000000001,-0.15263036,-0.35913026,1.5113398,2.7832594,2.9616275,-0.52253455,-0.9900024,0.12689269,-0.338181,0.44472298,0.19512744,-0.9804255999999999,-1.9668366999999998,-1.1534066,0.10235212,0.7266402,0.9840169,0.38486794,-0.79846627,-1.7345991000000003,-2.4594438,-2.9508536,-3.4727894999999998,-2.873042,-1.4449007999999999,-0.14185645,0.31902736,-2.2140381000000002,-5.581483,-4.35625,0.08619126,1.9482816000000003,-3.317765,-3.5045127999999997,-3.221997,-1.1450268999999997,1.401805,1.3958195,0.5470751,-1.174356,-1.4269443000000002,-1.3982137,-1.1773487,-1.0905589,-0.99419224,-0.24361002,0.30765492,0.5117606,3
-2.873042,-1.4449007999999999,-0.14185645,0.31902736,-2.2140381000000002,-5.581483,-4.35625,0.08619126,1.9482816000000003,-3.317765,-3.5045127999999997,-3.221997,-1.1450268999999997,1.401805,1.3958195,0.5470751,-1.174356,-1.4269443000000002,-1.3982137,-1.1773487,-1.0905589,-0.99419224,-0.24361002,0.30765492,0.5117606,0.34117374,0.094570965,-0.17417817,0.42676646,-0.046088383,0.41060558,1.8100165000000001,2.2906525,0.29328972,-2.7353754,1.0516531,2.9071592999999996,3.039439,2.6641479,0.024540568,-2.2469582999999997,-3.193865,-1.8106151000000001,0.2693477,1.1444284,1.1617863000000002,0.41479546,-0.61411273,-1.1749545,-1.8997990000000002,3
0.34117374,0.094570965,-0.17417817,0.42676646,-0.046088383,0.41060558,1.8100165000000001,2.2906525,0.29328972,-2.7353754,1.0516531,2.9071592999999996,3.039439,2.6641479,0.024540568,-2.2469582999999997,-3.193865,-1.8106151000000001,0.2693477,1.1444284,1.1617863000000002,0.41479546,-0.61411273,-1.1749545,-1.8997990000000002,-2.416348,-2.5659857,-2.0608091,-1.7292121999999999,-1.3742718,-1.1067197,-1.8477252,-4.5262384,-4.0587707,-1.0049661,2.0410569,-2.3319526,-3.7912182999999997,-3.353678,-2.9167361,0.9008184000000001,1.1671733999999998,0.97144735,-0.30406362,-1.0229226,-1.2240356000000001,-1.7866731,-1.8680758000000002,-1.6543933000000002,-0.91937345,3
-2.416348,-2.5659857,-2.0608091,-1.7292121999999999,-1.3742718,-1.1067197,-1.8477252,-4.5262384,-4.0587707,-1.0049661,2.0410569,-2.3319526,-3.7912182999999997,-3.353678,-2.9167361,0.9008184000000001,1.1671733999999998,0.97144735,-0.30406362,-1.0229226,-1.2240356000000001,-1.7866731,-1.8680758000000002,-1.6543933000000002,-0.91937345,-0.08738836,0.35793316,0.46507367,0.42975920000000006,0.20470424,0.6823475,0.1412579,2.0925324,2.8353333,2.8880057,-0.6679823,-1.3748703000000002,1.30484,1.0342950999999998,1.3221979,-0.57879823,-1.9620483,-2.4498667999999997,-1.1121067,0.29149407,0.6314706999999999,0.52612585,0.09516951400000001,-0.5506664000000001,-1.2677298000000001,3
-0.08738836,0.35793316,0.46507367,0.42975920000000006,0.20470424,0.6823475,0.1412579,2.0925324,2.8353333,2.8880057,-0.6679823,-1.3748703000000002,1.30484,1.0342950999999998,1.3221979,-0.57879823,-1.9620483,-2.4498667999999997,-1.1121067,0.29149407,0.6314706999999999,0.52612585,0.09516951400000001,-0.5506664000000001,-1.2677298000000001,-2.15957,-2.9071592999999996,-2.8766334,-1.9428947,-0.99538934,0.23223756,-0.5482722,-1.2737153,-5.145738,-5.107431,-1.3425486,2.2301989,-1.7986441000000002,-3.2710779999999997,-3.345897,-2.3092074,0.717662,1.3329718000000002,0.30526072,-1.4981716999999999,-2.0967221,-1.7262194,-1.3509283,-1.2372037,-1.1611878,3
-2.15957,-2.9071592999999996,-2.8766334,-1.9428947,-0.99538934,0.23223756,-0.5482722,-1.2737153,-5.145738,-5.107431,-1.3425486,2.2301989,-1.7986441000000002,-3.2710779999999997,-3.345897,-2.3092074,0.717662,1.3329718000000002,0.30526072,-1.4981716999999999,-2.0967221,-1.7262194,-1.3509283,-1.2372037,-1.1611878,-0.5746084,0.10833762599999999,0.6434416999999999,0.91338795,0.8846575000000001,0.81163436,0.93493575,0.37229836,0.48063599999999995,2.1200657000000005,2.540248,1.3664906,-3.3674447999999995,-2.6485856,2.3050177000000005,2.0003555,2.2523452999999996,0.8924386999999999,-0.37828386,-2.023699,-2.855684,-1.2395979,0.11671733,0.9840169,1.5083469999999999,3
-0.5746084,0.10833762599999999,0.6434416999999999,0.91338795,0.8846575000000001,0.81163436,0.93493575,0.37229836,0.48063599999999995,2.1200657000000005,2.540248,1.3664906,-3.3674447999999995,-2.6485856,2.3050177000000005,2.0003555,2.2523452999999996,0.8924386999999999,-0.37828386,-2.023699,-2.855684,-1.2395979,0.11671733,0.9840169,1.5083469999999999,0.7272388000000001,-0.5410896,-1.8848352,-2.718616,-3.0951042,-2.8736405,-2.2319946,-1.4927847,-1.2437878,-0.6871359,-3.9480386,-4.679467,-2.641403,0.5434838000000001,-1.4215573000000001,-1.3323733,-1.7579426,-1.6226702,0.31304187,0.010773907,-0.34117374,-1.4694413,-1.8698715,-1.4209588,-1.376666,3
0.7272388000000001,-0.5410896,-1.8848352,-2.718616,-3.0951042,-2.8736405,-2.2319946,-1.4927847,-1.2437878,-0.6871359,-3.9480386,-4.679467,-2.641403,0.5434838000000001,-1.4215573000000001,-1.3323733,-1.7579426,-1.6226702,0.31304187,0.010773907,-0.34117374,-1.4694413,-1.8698715,-1.4209588,-1.376666,-1.3928268,-1.347337,-0.49021279999999995,0.44951138,0.9487024,0.748188,0.27712885,0.14963761,0.8026561,-0.6751649000000001,1.4628572,2.3050177000000005,2.6503813,0.36272156,-2.0147207,0.29029694,0.61052144,0.7685388000000001,0.5823896,-0.96785605,-1.4347253999999998,-1.8339584999999998,-0.34117374,0.6003460999999999,0.8391677,3
-1.3928268,-1.347337,-0.49021279999999995,0.44951138,0.9487024,0.748188,0.27712885,0.14963761,0.8026561,-0.6751649000000001,1.4628572,2.3050177000000005,2.6503813,0.36272156,-2.0147207,0.29029694,0.61052144,0.7685388000000001,0.5823896,-0.96785605,-1.4347253999999998,-1.8339584999999998,-0.34117374,0.6003460999999999,0.8391677,0.62728083,-0.15622166,-0.9498995000000001,-1.7184383,-2.3505075,-2.9975405,-3.2142158,-2.3714569,-1.5245079,-0.6877344,-0.14844051,-2.7144263,-4.7494974,-3.5021186,0.7529764,2.959832,-2.9430726000000003,-2.843713,-3.0220811000000003,-2.5899277,0.66738373,0.45729253,0.25198972,-0.85413146,-0.97623575,3
0.62728083,-0.15622166,-0.9498995000000001,-1.7184383,-2.3505075,-2.9975405,-3.2142158,-2.3714569,-1.5245079,-0.6877344,-0.14844051,-2.7144263,-4.7494974,-3.5021186,0.7529764,2.959832,-2.9430726000000003,-2.843713,-3.0220811000000003,-2.5899277,0.66738373,0.45729253,0.25198972,-0.85413146,-0.97623575,-0.7200562,-0.91697925,-1.246182,-1.1941081,-0.7032967,-0.08080431,0.19033903,0.14604631,0.30166942,0.38307226,0.7625531999999999,-0.6823475,0.85173726,2.2882583,2.8407204,-1.163582,-1.1546037,0.11791443,0.094570965,1.1306617,0.29867667,-1.3682863,-2.2140381000000002,-1.483208,0.35194764,3
-0.7200562,-0.91697925,-1.246182,-1.1941081,-0.7032967,-0.08080431,0.19033903,0.14604631,0.30166942,0.38307226,0.7625531999999999,-0.6823475,0.85173726,2.2882583,2.8407204,-1.163582,-1.1546037,0.11791443,0.094570965,1.1306617,0.29867667,-1.3682863,-2.2140381000000002,-1.483208,0.35194764,0.86729956,0.97862995,0.48243165,-0.44592008,-1.2575544,-2.1966799999999997,-2.902371,-3.2022447999999994,-2.5480292,-1.3916297,-0.08619126,-0.51714754,-1.0097545,-4.1162314,-4.658518,-1.8076223000000002,1.1713632,-1.1492168,-2.0027497,-2.3002293,-2.3894134,0.13467385,0.6853402,0.12150574,-0.7224503999999999,3
0.86729956,0.97862995,0.48243165,-0.44592008,-1.2575544,-2.1966799999999997,-2.902371,-3.2022447999999994,-2.5480292,-1.3916297,-0.08619126,-0.51714754,-1.0097545,-4.1162314,-4.658518,-1.8076223000000002,1.1713632,-1.1492168,-2.0027497,-2.3002293,-2.3894134,0.13467385,0.6853402,0.12150574,-0.7224503999999999,-1.1725603,-1.0546459,-0.89902276,-0.9451110999999999,-1.3455413999999999,-1.0468647,-0.14544775,0.55725044,0.6356605,0.0005985504,-0.12030864,-0.11192893,0.017357962,-0.20949265,2.0410569,2.7617116000000004,1.6310499,-2.7042507999999996,0.17597382,1.2797008,1.1312603,1.0043676,0.022744916,-1.6561891,-2.9837740000000004,3
-1.1725603,-1.0546459,-0.89902276,-0.9451110999999999,-1.3455413999999999,-1.0468647,-0.14544775,0.55725044,0.6356605,0.0005985504,-0.12030864,-0.11192893,0.017357962,-0.20949265,2.0410569,2.7617116000000004,1.6310499,-2.7042507999999996,0.17597382,1.2797008,1.1312603,1.0043676,0.022744916,-1.6561891,-2.9837740000000004,-2.480393,-0.24361002,0.9959879,1.7956512999999998,1.5035586,0.17657238,-1.0648212,-1.9357121,-2.2505496,-2.532467,-2.4827871,-2.0087352,-1.0929531000000001,-1.0690111,-0.8762778,-4.3221326,-4.611831,-1.6514006,1.5454572,-0.87687635,-2.1547816,-2.8353333,-2.2415714,0.35793316,0.7577648,3
-2.480393,-0.24361002,0.9959879,1.7956512999999998,1.5035586,0.17657238,-1.0648212,-1.9357121,-2.2505496,-2.532467,-2.4827871,-2.0087352,-1.0929531000000001,-1.0690111,-0.8762778,-4.3221326,-4.611831,-1.6514006,1.5454572,-0.87687635,-2.1547816,-2.8353333,-2.2415714,0.35793316,0.7577648,-0.11851298,-1.4652513999999999,-1.9249381999999997,-1.7142484,-1.5741876000000001,-1.3341688999999999,-1.1121067,-0.58418524,0.260968,0.7613561,0.7715314999999999,0.39205053,-0.08559271,-0.0664391,-0.6715736,-0.36032736,1.3383588,2.2714990000000004,1.3760674,-1.7962499,0.99299514,2.0416555,1.6358383,1.0342950999999998,-1.1516110000000002,3
-0.11851298,-1.4652513999999999,-1.9249381999999997,-1.7142484,-1.5741876000000001,-1.3341688999999999,-1.1121067,-0.58418524,0.260968,0.7613561,0.7715314999999999,0.39205053,-0.08559271,-0.0664391,-0.6715736,-0.36032736,1.3383588,2.2714990000000004,1.3760674,-1.7962499,0.99299514,2.0416555,1.6358383,1.0342950999999998,-1.1516110000000002,-2.529474,-3.0879216,-1.5682021000000002,0.7457938000000001,1.2958617000000001,1.3503298000000001,1.0103531,-0.095768064,-1.3257892,-2.5833437000000004,-3.301604,-3.3081882000000005,-2.528277,-1.6280571000000001,-0.7350199000000001,-0.88286185,-1.3311761999999998,-3.8738184,-3.2543187000000002,-0.09935937,1.6418238,-2.5971102999999998,-2.3475148999999997,-3.4129345,-2.2385786,3
-2.529474,-3.0879216,-1.5682021000000002,0.7457938000000001,1.2958617000000001,1.3503298000000001,1.0103531,-0.095768064,-1.3257892,-2.5833437000000004,-3.301604,-3.3081882000000005,-2.528277,-1.6280571000000001,-0.7350199000000001,-0.88286185,-1.3311761999999998,-3.8738184,-3.2543187000000002,-0.09935937,1.6418238,-2.5971102999999998,-2.3475148999999997,-3.4129345,-2.2385786,0.24839842,-0.02813187,-1.0636241000000002,-2.0649989,-1.7405846,-1.0881646999999999,-0.705691,-0.694917,-0.87807345,-0.5141548,0.16160862,0.61112,0.6769605,0.3890578,0.21308395,0.38726214,-0.4950012,0.26396075,2.1039047,2.9975405,1.7202339,-1.7178397,-0.85652566,0.5410896,1.0049661,3
0.24839842,-0.02813187,-1.0636241000000002,-2.0649989,-1.7405846,-1.0881646999999999,-0.705691,-0.694917,-0.87807345,-0.5141548,0.16160862,0.61112,0.6769605,0.3890578,0.21308395,0.38726214,-0.4950012,0.26396075,2.1039047,2.9975405,1.7202339,-1.7178397,-0.85652566,0.5410896,1.0049661,1.5239093000000001,0.36511576,-1.5005659,-2.4145525,-1.5735891000000002,0.15143326,1.1563994,1.3742718,0.6194997,-0.81343,-1.5131354,-2.1871033,-2.4133554,-2.8383262000000005,-2.2870612,-1.5861586,-0.9044097,-0.8960299999999999,-1.1246762,-4.1138372,-3.4021605999999998,-0.98461545,1.8130093,-1.3958195,-2.4720132,3
1.5239093000000001,0.36511576,-1.5005659,-2.4145525,-1.5735891000000002,0.15143326,1.1563994,1.3742718,0.6194997,-0.81343,-1.5131354,-2.1871033,-2.4133554,-2.8383262000000005,-2.2870612,-1.5861586,-0.9044097,-0.8960299999999999,-1.1246762,-4.1138372,-3.4021605999999998,-0.98461545,1.8130093,-1.3958195,-2.4720132,-2.7868507,-2.5659857,0.092176765,0.08918401599999999,-0.623091,-1.567005,-1.6819267,-1.2240356000000001,-1.0301052,-1.0714053,-1.2312181999999998,-0.80804306,0.024540568,0.86849666,0.9983820999999999,0.5991489999999999,0.18914193,-0.21128829999999998,0.02873042,0.020949265,2.4199393,3.122039,2.3618799999999998,-1.0342950999999998,-1.2958617000000001,3
-2.7868507,-2.5659857,0.092176765,0.08918401599999999,-0.623091,-1.567005,-1.6819267,-1.2240356000000001,-1.0301052,-1.0714053,-1.2312181999999998,-0.80804306,0.024540568,0.86849666,0.9983820999999999,0.5991489999999999,0.18914193,-0.21128829999999998,0.02873042,0.020949265,2.4199393,3.122039,2.3618799999999998,-1.0342950999999998,-1.2958617000000001,0.33997664,1.4185646,1.7806876,0.31004912,-1.9776106,-2.9197290000000002,-1.9746178,-0.1448492,0.700304,1.0971429,0.52133745,-0.5291186,-1.2449848999999997,-2.0871453,-2.533664,-2.9861681,-2.540248,-1.9219455,-1.0301052,-0.7254431,-0.9211690999999999,-3.9641995000000003,-4.2742486,-1.8243817,1.6238673000000001,3
0.33997664,1.4185646,1.7806876,0.31004912,-1.9776106,-2.9197290000000002,-1.9746178,-0.1448492,0.700304,1.0971429,0.52133745,-0.5291186,-1.2449848999999997,-2.0871453,-2.533664,-2.9861681,-2.540248,-1.9219455,-1.0301052,-0.7254431,-0.9211690999999999,-3.9641995000000003,-4.2742486,-1.8243817,1.6238673000000001,-2.8532897999999998,-2.60549,-2.7838580000000004,-1.9249381999999997,1.2563573000000001,1.1905168,0.5267244000000001,-1.1037270000000001,-1.9776106,-2.0859482,-2.1242554,-1.7770962,-1.2557588,-0.40761283,0.39624038,0.7529764,0.53091425,0.01316811,-0.06284779,0.82899237,-0.10295067,1.3078326999999998,2.3062148,3.004723,1.0875661,3
-2.8532897999999998,-2.60549,-2.7838580000000004,-1.9249381999999997,1.2563573000000001,1.1905168,0.5267244000000001,-1.1037270000000001,-1.9776106,-2.0859482,-2.1242554,-1.7770962,-1.2557588,-0.40761283,0.39624038,0.7529764,0.53091425,0.01316811,-0.06284779,0.82899237,-0.10295067,1.3078326999999998,2.3062148,3.004723,1.0875661,-1.9321207999999999,-0.11192893,1.3916297,0.50517654,0.15382746,-0.94690675,-1.6585832999999999,-2.0494366000000004,-0.7978677,0.24540567,0.5991489999999999,0.670975,0.3345897,-0.52852005,-1.3383588,-2.2691047,-2.9137435000000003,-3.4051532999999994,-2.9652187999999997,-1.5999253,0.039504327,0.27234045,-0.3453636,-4.703409,-5.37199,3
-1.9321207999999999,-0.11192893,1.3916297,0.50517654,0.15382746,-0.94690675,-1.6585832999999999,-2.0494366000000004,-0.7978677,0.24540567,0.5991489999999999,0.670975,0.3345897,-0.52852005,-1.3383588,-2.2691047,-2.9137435000000003,-3.4051532999999994,-2.9652187999999997,-1.5999253,0.039504327,0.27234045,-0.3453636,-4.703409,-5.37199,-2.1027076,2.473809,-0.19991584,-2.9993362,-2.1775265,-2.1625626000000002,-0.10414778,0.97982705,0.47824179999999994,-0.8230068000000001,-1.7316063999999998,-1.6962918999999999,-1.401805,-1.2132617,-1.3557166999999999,-0.99299514,0.0,0.6027403,0.87448215,0.9127894,0.664391,0.36152446,0.52732295,-0.26396075,2.047641,3
-2.1027076,2.473809,-0.19991584,-2.9993362,-2.1775265,-2.1625626000000002,-0.10414778,0.97982705,0.47824179999999994,-0.8230068000000001,-1.7316063999999998,-1.6962918999999999,-1.401805,-1.2132617,-1.3557166999999999,-0.99299514,0.0,0.6027403,0.87448215,0.9127894,0.664391,0.36152446,0.52732295,-0.26396075,2.047641,2.7581203,1.7836802999999999,-2.480393,-2.882619,0.76315176,1.4257472,1.4191631000000002,0.7691373,-0.36631286,-1.6490063999999998,-1.9333179,-0.6967127,0.51475334,1.1911154,1.0313023000000001,0.093373865,-1.216853,-1.9003976999999999,-2.4037786,-2.967613,-2.8179752999999996,-1.8411411,-0.7541734999999999,-0.33279404,0.5614403,3
2.7581203,1.7836802999999999,-2.480393,-2.882619,0.76315176,1.4257472,1.4191631000000002,0.7691373,-0.36631286,-1.6490063999999998,-1.9333179,-0.6967127,0.51475334,1.1911154,1.0313023000000001,0.093373865,-1.216853,-1.9003976999999999,-2.4037786,-2.967613,-2.8179752999999996,-1.8411411,-0.7541734999999999,-0.33279404,0.5614403,-3.7313633000000004,-4.6399627,-2.273893,1.4107834,-0.52253455,-2.2906525,-2.542642,-2.3612813999999998,-0.13587095,0.81043726,0.59974754,-0.79487497,-2.0015526,-2.0566192,-1.7998412,-1.5999253,-1.3664906,-0.8882488000000002,0.18136078,0.7170634,0.93373865,0.9660603999999999,0.5991489999999999,0.24361002,-0.41359833,3
-3.7313633000000004,-4.6399627,-2.273893,1.4107834,-0.52253455,-2.2906525,-2.542642,-2.3612813999999998,-0.13587095,0.81043726,0.59974754,-0.79487497,-2.0015526,-2.0566192,-1.7998412,-1.5999253,-1.3664906,-0.8882488000000002,0.18136078,0.7170634,0.93373865,0.9660603999999999,0.5991489999999999,0.24361002,-0.41359833,-1.0049661,-0.13108255,2.333748,3.4871547,2.529474,-1.4437037,-0.6811504,1.2653356000000002,0.7015011,0.31902736,-2.0153193,-2.552219,-1.7507599999999999,-0.15203181,0.5686229,0.48123455,0.40701428,0.20350714,-0.3333926,-1.3204023,-2.1362264,-2.2984335,-1.8938134999999998,-1.4598645000000001,-1.4951789,3
-1.0049661,-0.13108255,2.333748,3.4871547,2.529474,-1.4437037,-0.6811504,1.2653356000000002,0.7015011,0.31902736,-2.0153193,-2.552219,-1.7507599999999999,-0.15203181,0.5686229,0.48123455,0.40701428,0.20350714,-0.3333926,-1.3204023,-2.1362264,-2.2984335,-1.8938134999999998,-1.4598645000000001,-1.4951789,-1.417966,-1.5580268,-2.4522612,-3.9833531000000004,-3.4739866000000004,-0.22565351,-0.45789108,-1.2401965,-0.801459,-2.540248,-0.7858967,-0.10115502,-0.46567222,-1.2563573000000001,-1.8489223000000001,-1.3844471,-1.240795,-1.2378023,-1.5083469999999999,-1.3210008,-0.32022446,0.37828386,0.6404489000000001,0.7811083000000001,0.4309563,3
-1.417966,-1.5580268,-2.4522612,-3.9833531000000004,-3.4739866000000004,-0.22565351,-0.45789108,-1.2401965,-0.801459,-2.540248,-0.7858967,-0.10115502,-0.46567222,-1.2563573000000001,-1.8489223000000001,-1.3844471,-1.240795,-1.2378023,-1.5083469999999999,-1.3210008,-0.32022446,0.37828386,0.6404489000000001,0.7811083000000001,0.4309563,-0.04129998,0.051475335,-0.43933599999999995,0.6799533,2.581548,2.837129,0.9199719999999999,-4.4663835,-1.5885528,1.5586253,2.2517467,1.3299791,-0.18794483,-1.3569138,-2.574964,-1.6525976999999998,-0.30825347,0.56682724,1.1336545,1.127669,0.14185645,-1.079785,-2.2122424,-2.9496564999999997,-3.2130187,3
-0.04129998,0.051475335,-0.43933599999999995,0.6799533,2.581548,2.837129,0.9199719999999999,-4.4663835,-1.5885528,1.5586253,2.2517467,1.3299791,-0.18794483,-1.3569138,-2.574964,-1.6525976999999998,-0.30825347,0.56682724,1.1336545,1.127669,0.14185645,-1.079785,-2.2122424,-2.9496564999999997,-3.2130187,-2.28347,-1.1623849,-0.17537527,0.0724246,-1.501763,-4.900332499999999,-4.684255599999999,-1.1312603,0.6781576,-2.112883,-2.7976246,-2.2176294,-0.51235914,1.5819688,1.2012907,0.077811554,-1.3383588,-1.8207904,-1.7459716,-1.3569138,-1.3293805,-1.3030443,-0.6943185000000001,0.25139117,0.6847416999999999,3
-2.28347,-1.1623849,-0.17537527,0.0724246,-1.501763,-4.900332499999999,-4.684255599999999,-1.1312603,0.6781576,-2.112883,-2.7976246,-2.2176294,-0.51235914,1.5819688,1.2012907,0.077811554,-1.3383588,-1.8207904,-1.7459716,-1.3569138,-1.3293805,-1.3030443,-0.6943185000000001,0.25139117,0.6847416999999999,0.7356185000000001,0.53091425,0.29508537,0.08559271,0.78170687,0.6727706999999999,2.3092074,2.585738,1.6023195,-1.4341268999999999,-0.97623575,0.770933,0.25737667,0.50996494,-0.8786719999999999,-1.3024458,-1.5975311,-0.3705027,0.7799111999999999,1.0169370999999998,0.7745243,0.15263036,-0.5351041,-1.3072342,-2.0458453000000003,3
0.7356185000000001,0.53091425,0.29508537,0.08559271,0.78170687,0.6727706999999999,2.3092074,2.585738,1.6023195,-1.4341268999999999,-0.97623575,0.770933,0.25737667,0.50996494,-0.8786719999999999,-1.3024458,-1.5975311,-0.3705027,0.7799111999999999,1.0169370999999998,0.7745243,0.15263036,-0.5351041,-1.3072342,-2.0458453000000003,-2.5677812,-2.9119477000000002,-2.5145104,-2.135628,-1.4586674,-0.5291186,-0.18794483,-3.2106244999999998,-4.410718,-2.861071,0.9103952,-0.9756372,-2.3965959999999997,-1.6514006,-1.7818846999999998,0.6739678000000001,1.2336124,0.59256494,-1.0576386,-2.1619642000000003,-2.4133554,-1.95307,-1.5831659,-1.2539631000000002,-0.7428011,3
-2.5677812,-2.9119477000000002,-2.5145104,-2.135628,-1.4586674,-0.5291186,-0.18794483,-3.2106244999999998,-4.410718,-2.861071,0.9103952,-0.9756372,-2.3965959999999997,-1.6514006,-1.7818846999999998,0.6739678000000001,1.2336124,0.59256494,-1.0576386,-2.1619642000000003,-2.4133554,-1.95307,-1.5831659,-1.2539631000000002,-0.7428011,0.21188685,0.55246204,0.8499416,0.9588778,0.45070848,0.45729253,1.1288661,0.08379706,2.0859482,2.345719,1.5508442,-2.1559787,-3.3967736000000004,0.8415619000000001,2.2224178,2.6300306,1.6645688000000003,-1.2210428999999998,-2.731784,-2.6354175,-0.7733272,0.6619968,1.1055226,1.055843,0.21428105,3
0.21188685,0.55246204,0.8499416,0.9588778,0.45070848,0.45729253,1.1288661,0.08379706,2.0859482,2.345719,1.5508442,-2.1559787,-3.3967736000000004,0.8415619000000001,2.2224178,2.6300306,1.6645688000000003,-1.2210428999999998,-2.731784,-2.6354175,-0.7733272,0.6619968,1.1055226,1.055843,0.21428105,-0.99060094,-1.567005,-2.1374235,-2.6354175,-2.765303,-1.8549078,-1.4161704,-0.82599956,-0.6775591,-1.3263878,-3.9510313999999997,-4.077924299999999,-0.7517793,2.2152352000000004,-1.3401544,-1.4909891000000002,-1.9542671000000003,-1.9375077,0.9211690999999999,0.9911995000000001,0.37110126,-1.6184803,-2.6372132,-2.497751,-1.9327193,3
-0.99060094,-1.567005,-2.1374235,-2.6354175,-2.765303,-1.8549078,-1.4161704,-0.82599956,-0.6775591,-1.3263878,-3.9510313999999997,-4.077924299999999,-0.7517793,2.2152352000000004,-1.3401544,-1.4909891000000002,-1.9542671000000003,-1.9375077,0.9211690999999999,0.9911995000000001,0.37110126,-1.6184803,-2.6372132,-2.497751,-1.9327193,-1.6136919,-1.5334862,-0.770933,0.4333505,0.9911995000000001,1.1923125,1.2366052,0.7787141,0.49679685,-0.2669535,0.055066638,1.8261773999999997,2.1242554,0.207697,-2.0368671000000003,0.47225627,1.5023615,0.8355764000000001,-0.107140526,-1.4891934,-1.2838906,-1.1198878,0.13467385,0.5482722,0.5057751,3
-1.6136919,-1.5334862,-0.770933,0.4333505,0.9911995000000001,1.1923125,1.2366052,0.7787141,0.49679685,-0.2669535,0.055066638,1.8261773999999997,2.1242554,0.207697,-2.0368671000000003,0.47225627,1.5023615,0.8355764000000001,-0.107140526,-1.4891934,-1.2838906,-1.1198878,0.13467385,0.5482722,0.5057751,0.33279404,-0.10295067,-0.6464345,-1.0983399999999999,-1.5065514,-1.9416976000000001,-2.0907366,-1.6406266999999999,-0.95349085,-1.2401965,-0.9600749,-1.4622587,-2.64679,-3.9546227,-2.9807810000000003,0.1592144,-0.025139118,-1.5664065,-0.62488663,-2.6342204,-0.5746084,0.130484,-0.4357447,-1.1887212,-1.4838065,3
0.33279404,-0.10295067,-0.6464345,-1.0983399999999999,-1.5065514,-1.9416976000000001,-2.0907366,-1.6406266999999999,-0.95349085,-1.2401965,-0.9600749,-1.4622587,-2.64679,-3.9546227,-2.9807810000000003,0.1592144,-0.025139118,-1.5664065,-0.62488663,-2.6342204,-0.5746084,0.130484,-0.4357447,-1.1887212,-1.4838065,-1.567005,-1.8016368000000003,-1.5873556999999998,-1.4329298000000001,-1.0666169,0.019153614,0.7577648,0.9552864999999999,0.76075757,0.25139117,0.03232172,-0.17178397,-0.3357868,2.2349873,3.3063924,2.0207062,-1.2054806,-1.1839328000000002,1.4814123,1.2473791,-0.47824179999999994,-1.1713632,-1.401805,-1.7489643,-1.364695,3
-1.567005,-1.8016368000000003,-1.5873556999999998,-1.4329298000000001,-1.0666169,0.019153614,0.7577648,0.9552864999999999,0.76075757,0.25139117,0.03232172,-0.17178397,-0.3357868,2.2349873,3.3063924,2.0207062,-1.2054806,-1.1839328000000002,1.4814123,1.2473791,-0.47824179999999994,-1.1713632,-1.401805,-1.7489643,-1.364695,-0.18195933,0.42018240000000007,0.8086416000000001,0.6973111999999999,-0.20290859,-0.9068039000000001,-1.6897078999999997,-2.3576900000000003,-2.7485435000000003,-2.7347770000000002,-1.5023615,-0.46208093,-0.14604631,-0.64942724,-1.6813281999999998,-4.3700166,-3.9791632000000003,-0.5931635000000001,1.1336545,-0.35913026,-1.6597804,-3.1124623,-2.1051017999999995,0.19512744,1.2862848,3
-0.18195933,0.42018240000000007,0.8086416000000001,0.6973111999999999,-0.20290859,-0.9068039000000001,-1.6897078999999997,-2.3576900000000003,-2.7485435000000003,-2.7347770000000002,-1.5023615,-0.46208093,-0.14604631,-0.64942724,-1.6813281999999998,-4.3700166,-3.9791632000000003,-0.5931635000000001,1.1336545,-0.35913026,-1.6597804,-3.1124623,-2.1051017999999995,0.19512744,1.2862848,0.41060558,-1.3443443000000002,-2.15957,-2.0308816000000003,-1.5783775,-1.3461398999999998,-1.283292,-0.6877344,0.22984336,0.5955577,0.64942724,0.8194155000000001,0.4818331,0.60094464,1.4454993,0.25677812,2.2164322999999997,2.2164322999999997,2.6204537999999995,1.2330139,-0.42796355,-0.33698390000000006,0.7368156,0.06703765,-0.9032126,3
0.41060558,-1.3443443000000002,-2.15957,-2.0308816000000003,-1.5783775,-1.3461398999999998,-1.283292,-0.6877344,0.22984336,0.5955577,0.64942724,0.8194155000000001,0.4818331,0.60094464,1.4454993,0.25677812,2.2164322999999997,2.2164322999999997,2.6204537999999995,1.2330139,-0.42796355,-0.33698390000000006,0.7368156,0.06703765,-0.9032126,-2.0069396,-1.5676036,-0.9504981,0.16879122,1.1959038,0.79128367,0.22206220000000004,-0.25617957,-0.8110358,-1.328782,-0.31124622,-1.532289,-1.9027918999999998,-2.4600422,-3.1507695,-2.6240451,-1.762731,-0.76315176,-0.40940848,-0.6793547,-4.385579,-4.854842700000001,-2.005144,1.2934675,-1.2156559,3
-2.0069396,-1.5676036,-0.9504981,0.16879122,1.1959038,0.79128367,0.22206220000000004,-0.25617957,-0.8110358,-1.328782,-0.31124622,-1.532289,-1.9027918999999998,-2.4600422,-3.1507695,-2.6240451,-1.762731,-0.76315176,-0.40940848,-0.6793547,-4.385579,-4.854842700000001,-2.005144,1.2934675,-1.2156559,-2.1577742000000004,-1.5023615,-1.8710686,-0.14425065,-0.20111294,-0.86729956,-1.5759833,-1.5885528,-1.0043676,-0.7811083000000001,-0.99898064,-1.3640964,-1.2240356000000001,-0.39803603,0.2693477,0.7224503999999999,0.6440403,0.29927522,0.43993455,-0.18016368,0.39803603,1.8189948,2.1649568,-0.12270284,-3.0992942,3
-2.1577742000000004,-1.5023615,-1.8710686,-0.14425065,-0.20111294,-0.86729956,-1.5759833,-1.5885528,-1.0043676,-0.7811083000000001,-0.99898064,-1.3640964,-1.2240356000000001,-0.39803603,0.2693477,0.7224503999999999,0.6440403,0.29927522,0.43993455,-0.18016368,0.39803603,1.8189948,2.1649568,-0.12270284,-3.0992942,-0.9708488000000001,1.4484920000000001,1.7345991000000003,1.5855601000000001,-1.0869676000000001,-2.1918917,-2.4289176,-0.4429273,1.2312181999999998,1.4502877,0.9367314,0.42078096,-0.50637364,-1.3215994,-2.1068976000000004,-2.5252842999999996,-2.4588451,-2.03567,-1.5077485000000002,-0.89064306,-1.2108675,-1.1845313,-3.2854433,-5.002684599999999,-3.0903158,3
-0.9708488000000001,1.4484920000000001,1.7345991000000003,1.5855601000000001,-1.0869676000000001,-2.1918917,-2.4289176,-0.4429273,1.2312181999999998,1.4502877,0.9367314,0.42078096,-0.50637364,-1.3215994,-2.1068976000000004,-2.5252842999999996,-2.4588451,-2.03567,-1.5077485000000002,-0.89064306,-1.2108675,-1.1845313,-3.2854433,-5.002684599999999,-3.0903158,0.07182605,-0.74758947,-2.7527334999999997,-2.1206641,-1.3497312,1.4383167,1.3467385,0.1364695,-1.5430629999999999,-2.285864,-2.2397757,-1.7411831999999998,-1.0115502,-0.7763199000000001,-0.3417723,0.45549688,0.66618663,0.41479546,0.16639702,-0.31304187,-0.91817635,-0.8888474000000001,0.44352585,2.5809495,3.477578,3
0.07182605,-0.74758947,-2.7527334999999997,-2.1206641,-1.3497312,1.4383167,1.3467385,0.1364695,-1.5430629999999999,-2.285864,-2.2397757,-1.7411831999999998,-1.0115502,-0.7763199000000001,-0.3417723,0.45549688,0.66618663,0.41479546,0.16639702,-0.31304187,-0.91817635,-0.8888474000000001,0.44352585,2.5809495,3.477578,1.2078748,-1.7160441000000002,-0.20649989,-0.7613561,0.14784196,0.010175358,-1.2773066000000002,-2.4582467,-2.203264,-0.6997054,0.54527944,1.1414356,0.7739256999999999,-0.05626374,-0.7870938000000001,-1.4676456,-1.9405005000000002,-2.4259247999999998,-2.3780408,-1.7292121999999999,-1.13964,-0.7194576,-1.3742718,-2.154183,-3.0855273999999997,3
1.2078748,-1.7160441000000002,-0.20649989,-0.7613561,0.14784196,0.010175358,-1.2773066000000002,-2.4582467,-2.203264,-0.6997054,0.54527944,1.1414356,0.7739256999999999,-0.05626374,-0.7870938000000001,-1.4676456,-1.9405005000000002,-2.4259247999999998,-2.3780408,-1.7292121999999999,-1.13964,-0.7194576,-1.3742718,-2.154183,-3.0855273999999997,-2.610877,0.9576806999999999,0.6218939,-2.0123265,-3.90614,-4.981137,-1.6753427,1.8243817,2.5067291000000003,0.45250413,-1.3461398999999998,-1.4814123,-1.8064252,-1.8908207,-1.8836381000000002,-1.7052702000000002,-0.7116765,0.40043023,1.1749545,0.8643068000000002,0.4165911,0.30166942,-0.9660603999999999,-0.20530279,2.3618799999999998,3
-2.610877,0.9576806999999999,0.6218939,-2.0123265,-3.90614,-4.981137,-1.6753427,1.8243817,2.5067291000000003,0.45250413,-1.3461398999999998,-1.4814123,-1.8064252,-1.8908207,-1.8836381000000002,-1.7052702000000002,-0.7116765,0.40043023,1.1749545,0.8643068000000002,0.4165911,0.30166942,-0.9660603999999999,-0.20530279,2.3618799999999998,2.8748376,-0.45669398,-2.9011737999999996,-0.7404069000000001,-0.7493850999999999,0.92057055,-0.21308395,-1.8309658,-2.5965118,-1.8776526000000002,-0.011372458,1.3760674,1.5125369,0.7787141,-0.3633201,-1.4502877,-2.1176715,-2.3133974,-2.6342204,-2.8125885,-1.6915035,-0.18974048,1.2916718999999999,-0.42556936,-3.1639376,3
2.8748376,-0.45669398,-2.9011737999999996,-0.7404069000000001,-0.7493850999999999,0.92057055,-0.21308395,-1.8309658,-2.5965118,-1.8776526000000002,-0.011372458,1.3760674,1.5125369,0.7787141,-0.3633201,-1.4502877,-2.1176715,-2.3133974,-2.6342204,-2.8125885,-1.6915035,-0.18974048,1.2916718999999999,-0.42556936,-3.1639376,-2.694674,-1.6035166,-2.3523033,-4.437054,-4.214992,-0.8643068000000002,-0.0005985504,1.1444284,-0.5859809,-1.3227965,-1.4939818,-0.9768343,-0.28909984,-0.8367735000000001,-1.3557166999999999,-1.8160020000000001,-1.5370774999999999,-0.40102878,0.44831428,0.85413146,0.55126494,0.4345476,0.091578215,0.054468088,-0.9355343,3
-2.694674,-1.6035166,-2.3523033,-4.437054,-4.214992,-0.8643068000000002,-0.0005985504,1.1444284,-0.5859809,-1.3227965,-1.4939818,-0.9768343,-0.28909984,-0.8367735000000001,-1.3557166999999999,-1.8160020000000001,-1.5370774999999999,-0.40102878,0.44831428,0.85413146,0.55126494,0.4345476,0.091578215,0.054468088,-0.9355343,0.8655039000000001,2.0075380000000003,2.7838580000000004,-1.1803415000000002,-1.4041992,-0.85891986,-0.8798690999999998,0.6895300999999999,0.25318682,-1.4826093999999999,-1.1186907,-0.27353755,0.8936358,1.1306617,0.88525605,0.18315643,-0.6757634,-1.2204443,-1.8608932,-2.5103204,-2.9843724,-2.4534583,-1.8788497,-0.8158241999999999,-0.62728083,3
0.8655039000000001,2.0075380000000003,2.7838580000000004,-1.1803415000000002,-1.4041992,-0.85891986,-0.8798690999999998,0.6895300999999999,0.25318682,-1.4826093999999999,-1.1186907,-0.27353755,0.8936358,1.1306617,0.88525605,0.18315643,-0.6757634,-1.2204443,-1.8608932,-2.5103204,-2.9843724,-2.4534583,-1.8788497,-0.8158241999999999,-0.62728083,-0.8050503000000001,-3.6870705999999998,-4.375403400000001,-1.5771803999999998,1.1468226000000001,-0.89303726,-2.3624785,-3.2106244999999998,-2.1631612999999996,0.0,0.9080010000000001,-0.06823475,-1.881244,-1.9554642,-1.4437037,-1.0163386,-0.8888474000000001,-1.0121487,-0.59017074,0.2172738,0.87328506,1.1031284,0.78290397,-0.05925649,-0.7727286,3
-0.8050503000000001,-3.6870705999999998,-4.375403400000001,-1.5771803999999998,1.1468226000000001,-0.89303726,-2.3624785,-3.2106244999999998,-2.1631612999999996,0.0,0.9080010000000001,-0.06823475,-1.881244,-1.9554642,-1.4437037,-1.0163386,-0.8888474000000001,-1.0121487,-0.59017074,0.2172738,0.87328506,1.1031284,0.78290397,-0.05925649,-0.7727286,-0.32022446,-0.53689975,1.6484078000000002,2.4468741,2.0039468,-2.4301147000000003,-2.895787,0.3226187,1.0737995,1.905186,0.19273324,-1.6071079,-2.855684,-1.6687585999999999,0.6901286,1.6166847,1.6525976999999998,0.866701,-0.3645172,-1.3371617,-1.9195513,-2.5145104,-2.8802247000000003,-2.7030537,-1.6867151000000002,3
-0.32022446,-0.53689975,1.6484078000000002,2.4468741,2.0039468,-2.4301147000000003,-2.895787,0.3226187,1.0737995,1.905186,0.19273324,-1.6071079,-2.855684,-1.6687585999999999,0.6901286,1.6166847,1.6525976999999998,0.866701,-0.3645172,-1.3371617,-1.9195513,-2.5145104,-2.8802247000000003,-2.7030537,-1.6867151000000002,-0.6266823,-0.23163901,-0.20709845,-3.7205894,-5.57849,-3.840898,1.0534488000000002,0.6787562,-2.0219033,-3.1842883,-1.9967641999999999,0.55485624,1.4149733,0.6290765,-1.3210008,-2.256535,-1.650802,-1.1444284,-0.9211690999999999,-1.0199299000000002,-0.90021986,-0.30526072,0.077811554,0.42078096,0.3705027,3
-0.6266823,-0.23163901,-0.20709845,-3.7205894,-5.57849,-3.840898,1.0534488000000002,0.6787562,-2.0219033,-3.1842883,-1.9967641999999999,0.55485624,1.4149733,0.6290765,-1.3210008,-2.256535,-1.650802,-1.1444284,-0.9211690999999999,-1.0199299000000002,-0.90021986,-0.30526072,0.077811554,0.42078096,0.3705027,0.28431144,0.008978256,0.15442601,-0.9564835999999999,0.107140526,1.7866731,2.7263973,1.0169370999999998,-1.9273324,-1.1917138999999999,-0.5117606,1.6095021,2.094328,-1.1240777,-2.8814217999999996,-2.3546975,-0.2621651,1.0540473,1.4395138,1.0929531000000001,0.16879122,-0.79726917,-1.6932991999999998,-2.1535845,-2.7934349,3
0.28431144,0.008978256,0.15442601,-0.9564835999999999,0.107140526,1.7866731,2.7263973,1.0169370999999998,-1.9273324,-1.1917138999999999,-0.5117606,1.6095021,2.094328,-1.1240777,-2.8814217999999996,-2.3546975,-0.2621651,1.0540473,1.4395138,1.0929531000000001,0.16879122,-0.79726917,-1.6932991999999998,-2.1535845,-2.7934349,-2.5797524,-2.098518,-1.2755108999999998,-1.0313023000000001,-0.81163436,-3.3740287,-4.4699745,-2.3678656000000005,0.40701428,-0.49081135,-1.7214310000000002,-2.48159,-2.3906104999999997,0.2172738,1.055843,0.0,-2.1051017999999995,-2.5480292,-1.6897078999999997,-1.1043254999999998,-0.50517654,-0.4842273,-0.31603462,0.17657238,0.22086509999999998,3
-2.5797524,-2.098518,-1.2755108999999998,-1.0313023000000001,-0.81163436,-3.3740287,-4.4699745,-2.3678656000000005,0.40701428,-0.49081135,-1.7214310000000002,-2.48159,-2.3906104999999997,0.2172738,1.055843,0.0,-2.1051017999999995,-2.5480292,-1.6897078999999997,-1.1043254999999998,-0.50517654,-0.4842273,-0.31603462,0.17657238,0.22086509999999998,0.25198972,0.059855044,-0.18016368,-0.58657944,0.045489833,-0.7356185000000001,0.78290397,2.1649568,2.6042929,-0.3274071,-2.6635494,0.15502456,0.25438392,1.2988545,-0.009576807,-1.8477252,-2.6695349999999998,-1.8171991000000003,0.23882163,1.3976152,1.483208,0.99658644,-0.1436521,-1.2569559,-2.094328,3
0.25198972,0.059855044,-0.18016368,-0.58657944,0.045489833,-0.7356185000000001,0.78290397,2.1649568,2.6042929,-0.3274071,-2.6635494,0.15502456,0.25438392,1.2988545,-0.009576807,-1.8477252,-2.6695349999999998,-1.8171991000000003,0.23882163,1.3976152,1.483208,0.99658644,-0.1436521,-1.2569559,-2.094328,-2.5468319999999998,-2.8257565,-2.5115175,-1.5424645000000001,-0.7212533,-0.712275,-1.2737153,-3.5212722000000003,-4.512471700000001,-2.2996306,1.7920599999999998,-0.3890578,-1.6400281000000003,-2.5390507999999996,-2.9741971,0.05865794,1.2258313,0.39384618,-1.2258313,-2.1170728,-1.6891093000000001,-1.4269443000000002,-1.2336124,-1.0779893,-0.8122329,3
-2.5468319999999998,-2.8257565,-2.5115175,-1.5424645000000001,-0.7212533,-0.712275,-1.2737153,-3.5212722000000003,-4.512471700000001,-2.2996306,1.7920599999999998,-0.3890578,-1.6400281000000003,-2.5390507999999996,-2.9741971,0.05865794,1.2258313,0.39384618,-1.2258313,-2.1170728,-1.6891093000000001,-1.4269443000000002,-1.2336124,-1.0779893,-0.8122329,-0.017357962,0.5165489999999999,0.75716627,0.5398925,0.08439561,-0.24779987,-0.34955344,-1.1306617,0.9295488000000001,1.7298107,1.6735470000000001,-1.8177976999999998,-1.9889830000000002,0.7625531999999999,0.6183026,1.2455834,0.4369418,-1.1971009,-1.6909049999999999,-1.6472107,-0.0712275,0.7505821999999999,1.0486604,0.9576806999999999,0.06584055,3
-0.017357962,0.5165489999999999,0.75716627,0.5398925,0.08439561,-0.24779987,-0.34955344,-1.1306617,0.9295488000000001,1.7298107,1.6735470000000001,-1.8177976999999998,-1.9889830000000002,0.7625531999999999,0.6183026,1.2455834,0.4369418,-1.1971009,-1.6909049999999999,-1.6472107,-0.0712275,0.7505821999999999,1.0486604,0.9576806999999999,0.06584055,-1.0887632,-1.5376761,-2.0446482,-2.3690627,-2.3319526,-1.3605051000000001,-0.6512229,-0.34895490000000007,-0.32621,-3.494936,-5.515642,-3.918111,-0.16340427,0.35494040000000004,-1.2336124,-2.5995044999999997,-1.8411411,0.5895722,2.2379801,0.8026561,-1.3760674,-2.5623944,-2.1374235,-1.8740613000000002,-1.3718776000000001,3
-1.0887632,-1.5376761,-2.0446482,-2.3690627,-2.3319526,-1.3605051000000001,-0.6512229,-0.34895490000000007,-0.32621,-3.494936,-5.515642,-3.918111,-0.16340427,0.35494040000000004,-1.2336124,-2.5995044999999997,-1.8411411,0.5895722,2.2379801,0.8026561,-1.3760674,-2.5623944,-2.1374235,-1.8740613000000002,-1.3718776000000001,-1.0660183,-0.6386533000000001,0.13407529999999998,0.6380547,0.7410054,0.5883751,-0.035314474,-0.79966336,-1.0510546,-1.3012487,1.1707646999999999,2.3594859,2.7880477999999997,-0.23163901,-1.8614918000000003,1.2982559,1.2826935,0.84694886,-0.7224503999999999,-2.0763714,-2.2457612,-1.578976,0.35254622,0.8295909,1.2970588,3
-1.0660183,-0.6386533000000001,0.13407529999999998,0.6380547,0.7410054,0.5883751,-0.035314474,-0.79966336,-1.0510546,-1.3012487,1.1707646999999999,2.3594859,2.7880477999999997,-0.23163901,-1.8614918000000003,1.2982559,1.2826935,0.84694886,-0.7224503999999999,-2.0763714,-2.2457612,-1.578976,0.35254622,0.8295909,1.2970588,1.1623849,0.15741876,-1.0833763,-2.0578163000000003,-2.8095956,-3.532046,-2.5659857,-1.3275848999999997,-0.20590134,0.19093758,-0.7673416999999999,-3.7235822999999995,-5.7005944,-3.9618053,-0.3184288,-0.7068880999999999,-1.3748703000000002,-2.1625626000000002,-1.6017209,0.8074445,2.0272903,0.66498953,-1.4508862,-2.1511902999999997,-1.7764976000000003,3
1.1623849,0.15741876,-1.0833763,-2.0578163000000003,-2.8095956,-3.532046,-2.5659857,-1.3275848999999997,-0.20590134,0.19093758,-0.7673416999999999,-3.7235822999999995,-5.7005944,-3.9618053,-0.3184288,-0.7068880999999999,-1.3748703000000002,-2.1625626000000002,-1.6017209,0.8074445,2.0272903,0.66498953,-1.4508862,-2.1511902999999997,-1.7764976000000003,-1.2689268999999999,-0.8547299999999999,-0.9331401,-0.7146691999999999,0.01616086,0.5578489999999999,0.95109665,1.0666169,0.96546185,0.37828386,-0.009576807,-0.47884035,1.2078748,1.7902644,1.5310919,-2.5785553,-0.350152,2.2272062000000004,1.7705121,0.40761283,-1.3263878,-2.6599581000000003,-2.6461914,-1.602918,-0.5033809,3
-1.2689268999999999,-0.8547299999999999,-0.9331401,-0.7146691999999999,0.01616086,0.5578489999999999,0.95109665,1.0666169,0.96546185,0.37828386,-0.009576807,-0.47884035,1.2078748,1.7902644,1.5310919,-2.5785553,-0.350152,2.2272062000000004,1.7705121,0.40761283,-1.3263878,-2.6599581000000003,-2.6461914,-1.602918,-0.5033809,0.26635495,1.039682,1.0923545000000001,0.62967503,-0.6835446,-1.34195,-1.9410990000000001,-1.9800048,-1.7363948,-0.41479546,0.39324763,0.89303726,-1.8357542000000002,-4.0785227,-4.207211,-2.6126726000000002,0.3465607,-3.4027589999999996,-2.5450362999999996,-1.3796587,1.4377182,3.0131028,0.93254155,0.002992752,-1.2366052,3
0.26635495,1.039682,1.0923545000000001,0.62967503,-0.6835446,-1.34195,-1.9410990000000001,-1.9800048,-1.7363948,-0.41479546,0.39324763,0.89303726,-1.8357542000000002,-4.0785227,-4.207211,-2.6126726000000002,0.3465607,-3.4027589999999996,-2.5450362999999996,-1.3796587,1.4377182,3.0131028,0.93254155,0.002992752,-1.2366052,-1.5292963,-1.5664065,-1.7369933000000002,-1.9871874,-2.2242134,-1.7226281000000003,-0.89423436,0.7577648,0.641646,-0.21906945,-1.0851719,-1.0384849,1.210269,2.2074540000000002,1.9213468999999996,0.3298013,2.473809,0.5153519,0.06883330000000001,0.009576807,-1.1216834999999998,-0.41479546,-0.30226797,0.2669535,0.93732995,3
-1.5292963,-1.5664065,-1.7369933000000002,-1.9871874,-2.2242134,-1.7226281000000003,-0.89423436,0.7577648,0.641646,-0.21906945,-1.0851719,-1.0384849,1.210269,2.2074540000000002,1.9213468999999996,0.3298013,2.473809,0.5153519,0.06883330000000001,0.009576807,-1.1216834999999998,-0.41479546,-0.30226797,0.2669535,0.93732995,1.4293385,1.3946223999999998,0.9439139999999999,-0.076614454,-1.3778629999999998,-1.9446903000000002,-2.5246856,-2.6952724,-2.2421699,-1.4000093999999998,-0.62009823,-2.6964695,-3.2225955,-1.2216414,0.8810662,-1.9261352999999999,-3.9384617999999993,-2.834735,-2.8933928,2.2810757,2.2798786,-0.36212300000000003,-1.7429788,-2.2188265,-1.5221136999999998,3
1.4293385,1.3946223999999998,0.9439139999999999,-0.076614454,-1.3778629999999998,-1.9446903000000002,-2.5246856,-2.6952724,-2.2421699,-1.4000093999999998,-0.62009823,-2.6964695,-3.2225955,-1.2216414,0.8810662,-1.9261352999999999,-3.9384617999999993,-2.834735,-2.8933928,2.2810757,2.2798786,-0.36212300000000003,-1.7429788,-2.2188265,-1.5221136999999998,-1.1150993999999999,-0.78529817,-0.7314286,-0.75477207,-0.45130703,0.3286042,1.1426326999999998,1.5245079,1.5304934,-0.40402153,-0.29568392,0.2172738,0.25857377,-1.8375498,1.5610195,1.2785037000000001,2.7922377999999997,1.1486181999999998,-1.7298107,-1.4610616,-0.19093758,0.23223756,0.46387658,0.6631939,0.44651863,3
-1.1150993999999999,-0.78529817,-0.7314286,-0.75477207,-0.45130703,0.3286042,1.1426326999999998,1.5245079,1.5304934,-0.40402153,-0.29568392,0.2172738,0.25857377,-1.8375498,1.5610195,1.2785037000000001,2.7922377999999997,1.1486181999999998,-1.7298107,-1.4610616,-0.19093758,0.23223756,0.46387658,0.6631939,0.44651863,0.16998832,-0.11432313,-1.2695253999999998,-2.1003133999999997,-2.5270798,-2.8311436000000003,-1.5831659,-0.6919243,0.4285621,-2.825158,-3.8654387000000003,-1.8459294999999998,-1.2659341,-4.2413282,-1.7992426,-1.7531542000000002,0.8786719999999999,2.1039047,-0.4333505,-0.78290397,-1.3922282,-0.7649474,-0.338181,-0.1604115,-0.6194997,3
0.16998832,-0.11432313,-1.2695253999999998,-2.1003133999999997,-2.5270798,-2.8311436000000003,-1.5831659,-0.6919243,0.4285621,-2.825158,-3.8654387000000003,-1.8459294999999998,-1.2659341,-4.2413282,-1.7992426,-1.7531542000000002,0.8786719999999999,2.1039047,-0.4333505,-0.78290397,-1.3922282,-0.7649474,-0.338181,-0.1604115,-0.6194997,-1.4885948999999998,-1.7615339,-1.1611878,-0.51475334,0.39264908,0.7158663000000001,0.7637503000000001,0.15981296,0.7990648,1.8519150000000002,0.6931214,0.56682724,0.88405895,1.8914193,2.979584,-0.29029694,-2.2463598,-1.5292963,-0.5895722,0.59735334,1.1558008,0.8463503000000001,0.05626374,-0.88405895,-2.202067,3
-1.4885948999999998,-1.7615339,-1.1611878,-0.51475334,0.39264908,0.7158663000000001,0.7637503000000001,0.15981296,0.7990648,1.8519150000000002,0.6931214,0.56682724,0.88405895,1.8914193,2.979584,-0.29029694,-2.2463598,-1.5292963,-0.5895722,0.59735334,1.1558008,0.8463503000000001,0.05626374,-0.88405895,-2.202067,-2.460641,-2.5234885,-2.3894134,-1.4149733,-0.93493575,-1.1432313,-3.0466216,-3.7606924,-1.2958617000000001,-1.3838485,-2.5420437000000002,-1.4119805,-1.6460136000000003,2.067393,1.5873556999999998,0.44771573,-0.21368249999999997,-0.011372458,-0.073023155,-0.6823475,-1.5239093000000001,-2.079364,-1.7537526999999997,-0.9139864999999999,-0.52732295,3
-2.460641,-2.5234885,-2.3894134,-1.4149733,-0.93493575,-1.1432313,-3.0466216,-3.7606924,-1.2958617000000001,-1.3838485,-2.5420437000000002,-1.4119805,-1.6460136000000003,2.067393,1.5873556999999998,0.44771573,-0.21368249999999997,-0.011372458,-0.073023155,-0.6823475,-1.5239093000000001,-2.079364,-1.7537526999999997,-0.9139864999999999,-0.52732295,-0.6087258000000001,-0.49200845,-1.6519991000000003,-0.5626374,2.7820622999999998,3.0496144,1.4077905000000002,-0.035913024,1.3323733,1.2515688999999999,1.0779893,-0.55126494,-2.2499511,-0.777517,-0.47764325,-0.046686932,-0.11611878,0.14006079999999999,0.27593175,0.24660277,-0.17836803,-1.1444284,-1.8549078,-2.100912,-2.3558946,3
-0.6087258000000001,-0.49200845,-1.6519991000000003,-0.5626374,2.7820622999999998,3.0496144,1.4077905000000002,-0.035913024,1.3323733,1.2515688999999999,1.0779893,-0.55126494,-2.2499511,-0.777517,-0.47764325,-0.046686932,-0.11611878,0.14006079999999999,0.27593175,0.24660277,-0.17836803,-1.1444284,-1.8549078,-2.100912,-2.3558946,-1.8112136000000003,-0.9127894,0.039504327,-1.8028339,-2.6821042999999998,-2.5623944,-1.3251906999999998,-3.2375592999999996,-3.2196027999999997,-2.2493525,0.076015905,1.9590555,0.5153519,-0.36990416,-1.1384428999999998,-1.134253,-1.1330559,-1.5801731,-1.6478093,-1.1875241,-0.43873745,0.6063316,1.1851299,0.44532153,-0.3597288,3
-1.8112136000000003,-0.9127894,0.039504327,-1.8028339,-2.6821042999999998,-2.5623944,-1.3251906999999998,-3.2375592999999996,-3.2196027999999997,-2.2493525,0.076015905,1.9590555,0.5153519,-0.36990416,-1.1384428999999998,-1.134253,-1.1330559,-1.5801731,-1.6478093,-1.1875241,-0.43873745,0.6063316,1.1851299,0.44532153,-0.3597288,-0.97982705,-1.4580688,1.1330559,2.6258407000000004,1.3856442,-1.0827777,0.24480712,-0.021547815,3.003526,1.5239093000000001,-1.6741456000000001,-1.939902,-1.1731589,-0.006584055,0.7386111999999999,0.9983820999999999,0.15263036,-0.42018240000000007,-0.96785605,-1.5263035,-1.6166847,-1.1156979999999999,-1.0528502,-0.43275195,-0.98820674,3
-0.97982705,-1.4580688,1.1330559,2.6258407000000004,1.3856442,-1.0827777,0.24480712,-0.021547815,3.003526,1.5239093000000001,-1.6741456000000001,-1.939902,-1.1731589,-0.006584055,0.7386111999999999,0.9983820999999999,0.15263036,-0.42018240000000007,-0.96785605,-1.5263035,-1.6166847,-1.1156979999999999,-1.0528502,-0.43275195,-0.98820674,-2.5953147,-4.8201265,-3.8055837,-1.2138603000000001,0.031124622,-1.364695,-2.4378957999999997,-2.9293058,0.74639237,1.4329298000000001,-1.1258733,-1.6484078000000002,-1.4688427,-0.6560113000000001,-0.019153614,0.350152,0.032920275,-0.9331401,-1.5849615,-1.8357542000000002,-1.2312181999999998,-0.83737206,-0.3393781,-0.5847838000000001,2.4079683,3
-2.5953147,-4.8201265,-3.8055837,-1.2138603000000001,0.031124622,-1.364695,-2.4378957999999997,-2.9293058,0.74639237,1.4329298000000001,-1.1258733,-1.6484078000000002,-1.4688427,-0.6560113000000001,-0.019153614,0.350152,0.032920275,-0.9331401,-1.5849615,-1.8357542000000002,-1.2312181999999998,-0.83737206,-0.3393781,-0.5847838000000001,2.4079683,3.2130187,1.9782091,-0.8810662,-0.5303157,-0.7493850999999999,1.0354922,1.0013748,-1.4802152,-1.6693572,-1.3640964,-0.44771573,0.39264908,0.8379706,0.8678981,0.59376204,0.15442601,-0.623091,-1.4347253999999998,-2.178125,-2.7401638,-2.2056582000000002,-1.1145009,-0.27174190000000004,-1.9907787000000001,-3.7475242999999994,3
3.2130187,1.9782091,-0.8810662,-0.5303157,-0.7493850999999999,1.0354922,1.0013748,-1.4802152,-1.6693572,-1.3640964,-0.44771573,0.39264908,0.8379706,0.8678981,0.59376204,0.15442601,-0.623091,-1.4347253999999998,-2.178125,-2.7401638,-2.2056582000000002,-1.1145009,-0.27174190000000004,-1.9907787000000001,-3.7475242999999994,-2.8137856,-1.2372037,-0.34117374,-2.2996306,-2.7000610000000003,-1.5227122,2.1122843999999996,1.2737153,-0.044292733,-0.98700964,-0.9876082,-0.82001406,-0.9708488000000001,-1.1755531000000001,-1.3467385,-1.4981716999999999,-1.0324994,-0.18614918,-0.30107087,-0.62847793,-0.44951138,-0.13407529999999998,1.258153,2.80361,2.5348610000000003,3
-2.8137856,-1.2372037,-0.34117374,-2.2996306,-2.7000610000000003,-1.5227122,2.1122843999999996,1.2737153,-0.044292733,-0.98700964,-0.9876082,-0.82001406,-0.9708488000000001,-1.1755531000000001,-1.3467385,-1.4981716999999999,-1.0324994,-0.18614918,-0.30107087,-0.62847793,-0.44951138,-0.13407529999999998,1.258153,2.80361,2.5348610000000003,0.023343466,-1.1162965,1.1001357,1.6232687,1.9991584,-0.3286042,-2.5330652999999996,-2.2637177000000004,-1.2180501,0.1592144,0.9211690999999999,1.2336124,1.079785,0.32621,-0.8834603999999999,-1.9147629000000002,-2.7341783,-2.7856536,-2.2864625,-0.93493575,-0.7553706,-0.44472298,-2.6803088,-3.2369606,-1.0929531000000001,3
0.023343466,-1.1162965,1.1001357,1.6232687,1.9991584,-0.3286042,-2.5330652999999996,-2.2637177000000004,-1.2180501,0.1592144,0.9211690999999999,1.2336124,1.079785,0.32621,-0.8834603999999999,-1.9147629000000002,-2.7341783,-2.7856536,-2.2864625,-0.93493575,-0.7553706,-0.44472298,-2.6803088,-3.2369606,-1.0929531000000001,0.09696517,-2.3014264,-1.4568716999999998,-1.9422960999999999,-0.6596026,1.3569138,-0.35314476,-0.8218097,-1.2144588,-0.35913026,-0.35314476,-0.81043726,-1.3521253999999998,-1.7441759,-2.0147207,-1.3359646,-0.2873042,-0.03172317,0.23822308,-0.14903906,-0.7308300999999999,1.0636241000000002,2.6677392,2.6479871,0.4914099,3
0.09696517,-2.3014264,-1.4568716999999998,-1.9422960999999999,-0.6596026,1.3569138,-0.35314476,-0.8218097,-1.2144588,-0.35913026,-0.35314476,-0.81043726,-1.3521253999999998,-1.7441759,-2.0147207,-1.3359646,-0.2873042,-0.03172317,0.23822308,-0.14903906,-0.7308300999999999,1.0636241000000002,2.6677392,2.6479871,0.4914099,-0.4985925,0.9816226999999998,0.6865373,0.6955156,-0.504578,-2.4079683,-2.1003133999999997,-0.98940384,0.29508537,0.9498995000000001,1.1300632,0.9355343,0.32022446,-0.8559271,-1.7986441000000002,-2.2284033,-2.0506337,-1.7495629000000001,-1.3078326999999998,-1.3497312,-1.4377182,-3.1741127999999996,-3.435081,-0.78529817,1.0330979999999998,3
-0.4985925,0.9816226999999998,0.6865373,0.6955156,-0.504578,-2.4079683,-2.1003133999999997,-0.98940384,0.29508537,0.9498995000000001,1.1300632,0.9355343,0.32022446,-0.8559271,-1.7986441000000002,-2.2284033,-2.0506337,-1.7495629000000001,-1.3078326999999998,-1.3497312,-1.4377182,-3.1741127999999996,-3.435081,-0.78529817,1.0330979999999998,-0.029927522,-1.9231426,-3.4159272000000005,-0.79966336,0.8655039000000001,-0.6039374,-0.7266402,-0.54767364,-0.17537527,-0.5231331,-0.91458505,-1.4030021000000001,-1.6639702,-0.8774749,-0.27593175,0.19632454,0.08499416,-0.3417723,-1.9393034,-1.8447324,0.9427169,3.193865,3.5871127,-0.16101007,0.9451110999999999,3
-0.029927522,-1.9231426,-3.4159272000000005,-0.79966336,0.8655039000000001,-0.6039374,-0.7266402,-0.54767364,-0.17537527,-0.5231331,-0.91458505,-1.4030021000000001,-1.6639702,-0.8774749,-0.27593175,0.19632454,0.08499416,-0.3417723,-1.9393034,-1.8447324,0.9427169,3.193865,3.5871127,-0.16101007,0.9451110999999999,0.5919664000000001,-1.0426749,-1.2898762,-2.2655133999999997,-2.0733786,-1.0462662,0.13587095,0.5482722,0.56682724,0.7074866,0.47046062,-0.14425065,-0.8242039000000001,-1.447295,-2.168548,-2.7856536,-2.1350293,-0.8798690999999998,-0.13347675,-0.29508537,-3.7181952000000003,-4.7147818,-2.5222914,-0.5386954,-1.4131776000000003,3
-1.210269,-1.2084733,-1.2521674999999999,-1.2563573000000001,-1.2042834999999998,-1.2174516000000002,-1.2336124,-1.2324153,-1.2114661,-1.3012487,-1.2761095,-1.2419921,-1.2240356000000001,-1.2431892,-1.3174095,-1.3215994,-1.2886791000000002,-1.2683283,-1.2587515,-1.2773066000000002,-1.2659341,-1.3150153,-1.3239936,-1.3072342,-1.2797008,-1.2916718999999999,-1.3162124,-1.3180081,-1.3162124,-1.2880806,-1.2988545,-1.2964603000000001,-1.3359646,-1.3162124,-1.3198037,-1.3365631000000002,-1.3138181999999998,-1.3108255,-1.3120226000000001,-1.3862427,-1.311424,-1.2785037000000001,-1.2856863,-1.3060371000000002,-1.3401544,-1.3329718000000002,-1.2808979,-1.2551602,-1.2563573000000001,-1.2575544,4
-1.2916718999999999,-1.3162124,-1.3180081,-1.3162124,-1.2880806,-1.2988545,-1.2964603000000001,-1.3359646,-1.3162124,-1.3198037,-1.3365631000000002,-1.3138181999999998,-1.3108255,-1.3120226000000001,-1.3862427,-1.311424,-1.2785037000000001,-1.2856863,-1.3060371000000002,-1.3401544,-1.3329718000000002,-1.2808979,-1.2551602,-1.2563573000000001,-1.2575544,-1.210269,-1.2587515,-1.2497733,-1.2551602,-1.2515688999999999,-1.2695253999999998,-1.2677298000000001,-1.2467805,-1.2000936000000002,-1.2276268999999997,-1.2084733,-1.2066777,-1.1923125,-1.1761516,-1.1917138999999999,-1.1719618,-1.1558008,-1.1234791000000002,-1.2072762,-1.2437878,-1.1522094999999999,-1.1336545,-1.1617863000000002,-1.1611878,-1.2108675,4
-1.210269,-1.2587515,-1.2497733,-1.2551602,-1.2515688999999999,-1.2695253999999998,-1.2677298000000001,-1.2467805,-1.2000936000000002,-1.2276268999999997,-1.2084733,-1.2066777,-1.1923125,-1.1761516,-1.1917138999999999,-1.1719618,-1.1558008,-1.1234791000000002,-1.2072762,-1.2437878,-1.1522094999999999,-1.1336545,-1.1617863000000002,-1.1611878,-1.2108675,-1.1887212,-1.1569979,-1.1372458,-1.1288661,-1.1270704,-1.1611878,-1.1366472,-1.1037270000000001,-1.0881646999999999,-1.0528502,-1.1085154,-1.1246762,-1.122282,-1.0833763,-1.0869676000000001,-1.0851719,-1.074398,-1.1061212,-1.0845733999999998,-1.0773908,-1.06123,-1.0528502,-1.0546459,-1.0259154000000001,-1.1133038,4
-1.1887212,-1.1569979,-1.1372458,-1.1288661,-1.1270704,-1.1611878,-1.1366472,-1.1037270000000001,-1.0881646999999999,-1.0528502,-1.1085154,-1.1246762,-1.122282,-1.0833763,-1.0869676000000001,-1.0851719,-1.074398,-1.1061212,-1.0845733999999998,-1.0773908,-1.06123,-1.0528502,-1.0546459,-1.0259154000000001,-1.1133038,-1.0785878999999998,-1.0061632,-1.0247183000000002,-1.0672153999999998,-1.0875661,-1.0911574,-1.0767921999999999,-1.0618285,-1.0672153999999998,-1.0576386,-1.050456,-1.0570401000000003,-1.049259,-1.0342950999999998,-1.0061632,-1.0067618,-1.0378863999999999,-1.0157399999999999,-1.0265139,-1.0564415,-0.99299514,-1.0061632,-1.0211270000000001,-1.0498575,-1.0169370999999998,4
-1.0785878999999998,-1.0061632,-1.0247183000000002,-1.0672153999999998,-1.0875661,-1.0911574,-1.0767921999999999,-1.0618285,-1.0672153999999998,-1.0576386,-1.050456,-1.0570401000000003,-1.049259,-1.0342950999999998,-1.0061632,-1.0067618,-1.0378863999999999,-1.0157399999999999,-1.0265139,-1.0564415,-0.99299514,-1.0061632,-1.0211270000000001,-1.0498575,-1.0169370999999998,-1.0133458,-0.9744401,-1.0145429,-1.002572,-0.9888053,-1.0283096,-1.062427,-0.9995792,-0.97743285,-0.96785605,-0.9959879,-1.0295067,-1.0348936,-1.0384849,-1.0193313,-1.0187328000000002,-1.0336965,-1.0097545,-1.0151415000000001,-0.99538934,-1.0187328000000002,-0.97862995,-1.0103531,-1.0265139,-1.0133458,4
-1.0133458,-0.9744401,-1.0145429,-1.002572,-0.9888053,-1.0283096,-1.062427,-0.9995792,-0.97743285,-0.96785605,-0.9959879,-1.0295067,-1.0348936,-1.0384849,-1.0193313,-1.0187328000000002,-1.0336965,-1.0097545,-1.0151415000000001,-0.99538934,-1.0187328000000002,-0.97862995,-1.0103531,-1.0265139,-1.0133458,-1.043872,-0.99778354,-1.0133458,-1.0708067,-1.0690111,-1.0893618,-1.0959458,-1.0755951000000001,-1.0755951000000001,-1.1049241,-1.0785878999999998,-1.122282,-1.1246762,-1.1839328000000002,-1.1156979999999999,-1.1049241,-1.1115081,-1.1408371000000002,-1.1755531000000001,-1.1941081,-1.1701661,-1.1797429,-1.1695676000000002,-1.204882,-1.1701661,4
-1.043872,-0.99778354,-1.0133458,-1.0708067,-1.0690111,-1.0893618,-1.0959458,-1.0755951000000001,-1.0755951000000001,-1.1049241,-1.0785878999999998,-1.122282,-1.1246762,-1.1839328000000002,-1.1156979999999999,-1.1049241,-1.1115081,-1.1408371000000002,-1.1755531000000001,-1.1941081,-1.1701661,-1.1797429,-1.1695676000000002,-1.204882,-1.1701661,-1.2012907,-1.1851299,-1.1809399999999999,-1.1809399999999999,-1.174356,-1.2395979,-1.2156559,-1.2186487,-1.2354081000000001,-1.2192471999999999,-1.2425906999999998,-1.22224,-1.228824,-1.2563573000000001,-1.2413936,-1.2156559,-1.2384008,-1.2611457,-1.2563573000000001,-1.2372037,-1.2880806,-1.3000516000000002,-1.2623428,-1.2563573000000001,-1.258153,4
-1.2012907,-1.1851299,-1.1809399999999999,-1.1809399999999999,-1.174356,-1.2395979,-1.2156559,-1.2186487,-1.2354081000000001,-1.2192471999999999,-1.2425906999999998,-1.22224,-1.228824,-1.2563573000000001,-1.2413936,-1.2156559,-1.2384008,-1.2611457,-1.2563573000000001,-1.2372037,-1.2880806,-1.3000516000000002,-1.2623428,-1.2563573000000001,-1.258153,-1.287482,-1.3401544,-1.3192052,-1.2976573999999998,-1.2988545,-1.3335704,-1.2940661,-1.2844891999999999,-1.3275848999999997,-1.3030443,-1.3102268999999998,-1.3144168,-1.3192052,-1.3126211,-1.2922704,-1.3239936,-1.3281834,-1.3012487,-1.2964603000000001,-1.3024458,-1.323395,-1.2797008,-1.2868833999999998,-1.2958617000000001,-1.2449848999999997,4
-1.287482,-1.3401544,-1.3192052,-1.2976573999999998,-1.2988545,-1.3335704,-1.2940661,-1.2844891999999999,-1.3275848999999997,-1.3030443,-1.3102268999999998,-1.3144168,-1.3192052,-1.3126211,-1.2922704,-1.3239936,-1.3281834,-1.3012487,-1.2964603000000001,-1.3024458,-1.323395,-1.2797008,-1.2868833999999998,-1.2958617000000001,-1.2449848999999997,-1.2306197,-1.2551602,-1.328782,-1.2557588,-1.2078748,-1.1923125,-1.2138603000000001,-1.2413936,-1.2162545,-1.1833341999999998,-1.1707646999999999,-1.2030864,-1.2192471999999999,-1.1893197,-1.1982979999999999,-1.1893197,-1.1569979,-1.1450268999999997,-1.1713632,-1.1534066,-1.1725603,-1.1593921,-1.1384428999999998,-1.1228806,-1.1198878,4
-1.2306197,-1.2551602,-1.328782,-1.2557588,-1.2078748,-1.1923125,-1.2138603000000001,-1.2413936,-1.2162545,-1.1833341999999998,-1.1707646999999999,-1.2030864,-1.2192471999999999,-1.1893197,-1.1982979999999999,-1.1893197,-1.1569979,-1.1450268999999997,-1.1713632,-1.1534066,-1.1725603,-1.1593921,-1.1384428999999998,-1.1228806,-1.1198878,-1.1629834,-1.1510124,-1.1402385,-1.1288661,-1.0977415000000001,-1.1168951,-1.1007341999999998,-1.1360487,-1.1863270000000001,-1.0881646999999999,-1.0833763,-1.1145009,-1.1438298,-1.1683705,-1.1605892,-1.1228806,-1.0935516,-1.0875661,-1.0851719,-1.0893618,-1.0863690000000001,-1.0803835,-1.0893618,-1.0648212,-1.0905589,4
-1.1629834,-1.1510124,-1.1402385,-1.1288661,-1.0977415000000001,-1.1168951,-1.1007341999999998,-1.1360487,-1.1863270000000001,-1.0881646999999999,-1.0833763,-1.1145009,-1.1438298,-1.1683705,-1.1605892,-1.1228806,-1.0935516,-1.0875661,-1.0851719,-1.0893618,-1.0863690000000001,-1.0803835,-1.0893618,-1.0648212,-1.0905589,-1.0863690000000001,-1.0911574,-1.0648212,-1.0905589,-1.0815806000000001,-1.0893618,-1.0851719,-1.1025299,-1.0803835,-1.0510546,-1.0330979999999998,-1.0785878999999998,-1.0606314,-1.043872,-1.0755951000000001,-1.1085154,-1.0175357,-1.0295067,-1.0426749,-1.0390834999999998,-1.0803835,-1.0809821000000002,-1.0654198000000001,-1.049259,-1.0450690999999999,4
-1.0863690000000001,-1.0911574,-1.0648212,-1.0905589,-1.0815806000000001,-1.0893618,-1.0851719,-1.1025299,-1.0803835,-1.0510546,-1.0330979999999998,-1.0785878999999998,-1.0606314,-1.043872,-1.0755951000000001,-1.1085154,-1.0175357,-1.0295067,-1.0426749,-1.0390834999999998,-1.0803835,-1.0809821000000002,-1.0654198000000001,-1.049259,-1.0450690999999999,-1.0187328000000002,-0.997185,-1.0139444,-1.0354922,-1.0217254999999998,-1.0402806,-1.0223241,-1.0402806,-1.0378863999999999,-1.0313023000000001,-1.0223241,-0.9864110999999999,-0.9959879,-1.0031705,-0.9995792,-1.0043676,-0.97862995,-0.96426475,-1.0115502,-0.99179804,-0.97743285,-1.0013748,-1.0498575,-0.98820674,-0.96785605,4
-1.0187328000000002,-0.997185,-1.0139444,-1.0354922,-1.0217254999999998,-1.0402806,-1.0223241,-1.0402806,-1.0378863999999999,-1.0313023000000001,-1.0223241,-0.9864110999999999,-0.9959879,-1.0031705,-0.9995792,-1.0043676,-0.97862995,-0.96426475,-1.0115502,-0.99179804,-0.97743285,-1.0013748,-1.0498575,-0.98820674,-0.96785605,-0.9612719999999999,-0.9720459000000001,-0.98820674,-1.0043676,-1.0055646999999999,-1.0307038,-1.0271125,-1.0402806,-1.0199299000000002,-1.0414777,-1.0666169,-1.0426749,-1.0301052,-1.0450690999999999,-1.073201,-1.062427,-1.1139023000000001,-1.1043254999999998,-1.0749966,-1.1055226,-1.1001357,-1.1252748,-1.1324573999999998,-1.1420341999999999,-1.1049241,4
-0.9612719999999999,-0.9720459000000001,-0.98820674,-1.0043676,-1.0055646999999999,-1.0307038,-1.0271125,-1.0402806,-1.0199299000000002,-1.0414777,-1.0666169,-1.0426749,-1.0301052,-1.0450690999999999,-1.073201,-1.062427,-1.1139023000000001,-1.1043254999999998,-1.0749966,-1.1055226,-1.1001357,-1.1252748,-1.1324573999999998,-1.1420341999999999,-1.1049241,-1.1456255,-1.1121067,-1.1294646000000002,-1.1061212,-1.1893197,-1.1713632,-1.1288661,-1.1569979,-1.1558008,-1.2066777,-1.2515688999999999,-1.2324153,-1.2126632,-1.2162545,-1.2216414,-1.2270284,-1.2132617,-1.2485761999999998,-1.2395979,-1.2306197,-1.2378023,-1.2539631000000002,-1.2587515,-1.2479776000000002,-1.2629413999999999,4
-1.1456255,-1.1121067,-1.1294646000000002,-1.1061212,-1.1893197,-1.1713632,-1.1288661,-1.1569979,-1.1558008,-1.2066777,-1.2515688999999999,-1.2324153,-1.2126632,-1.2162545,-1.2216414,-1.2270284,-1.2132617,-1.2485761999999998,-1.2395979,-1.2306197,-1.2378023,-1.2539631000000002,-1.2587515,-1.2479776000000002,-1.2629413999999999,-1.2587515,-1.2533646,-1.276708,-1.3018471999999999,-1.3012487,-1.2599486,-1.3030443,-1.2862848,-1.2551602,-1.2521674999999999,-1.3467385,-1.292869,-1.2395979,-1.2360066,-1.240795,-1.2892777,-1.3066356000000001,-1.2743138,-1.2449848999999997,-1.2378023,-1.2449848999999997,-1.2479776000000002,-1.2042834999999998,-1.2306197,-1.2036848999999998,4
-1.2587515,-1.2533646,-1.276708,-1.3018471999999999,-1.3012487,-1.2599486,-1.3030443,-1.2862848,-1.2551602,-1.2521674999999999,-1.3467385,-1.292869,-1.2395979,-1.2360066,-1.240795,-1.2892777,-1.3066356000000001,-1.2743138,-1.2449848999999997,-1.2378023,-1.2449848999999997,-1.2479776000000002,-1.2042834999999998,-1.2306197,-1.2036848999999998,-1.1976993999999999,-1.1833341999999998,-1.2018893,-1.210269,-1.1971009,-1.1971009,-1.1623849,-1.1599906999999998,-1.1330559,-1.1330559,-1.122282,-1.0959458,-1.0929531000000001,-1.0708067,-1.0642227,-1.074398,-1.1420341999999999,-1.1174936000000002,-1.055843,-1.0462662,-1.0630256,-1.0767921999999999,-1.0791864,-1.0594343000000002,-1.0283096,4
-1.1976993999999999,-1.1833341999999998,-1.2018893,-1.210269,-1.1971009,-1.1971009,-1.1623849,-1.1599906999999998,-1.1330559,-1.1330559,-1.122282,-1.0959458,-1.0929531000000001,-1.0708067,-1.0642227,-1.074398,-1.1420341999999999,-1.1174936000000002,-1.055843,-1.0462662,-1.0630256,-1.0767921999999999,-1.0791864,-1.0594343000000002,-1.0283096,-0.9756372,-0.98700964,-1.0031705,-0.9816226999999998,-1.0013748,-0.9720459000000001,-0.9804255999999999,-0.9672575000000001,-0.9708488000000001,-0.9876082,-0.9708488000000001,-0.95827925,-0.94092125,-0.94211835,-0.9115923,-0.9498995000000001,-0.96426475,-0.9576806999999999,-0.91338795,-0.9056068000000002,-0.9355343,-0.87328506,-0.9211690999999999,-0.97384155,-0.9187749,4
-0.9756372,-0.98700964,-1.0031705,-0.9816226999999998,-1.0013748,-0.9720459000000001,-0.9804255999999999,-0.9672575000000001,-0.9708488000000001,-0.9876082,-0.9708488000000001,-0.95827925,-0.94092125,-0.94211835,-0.9115923,-0.9498995000000001,-0.96426475,-0.9576806999999999,-0.91338795,-0.9056068000000002,-0.9355343,-0.87328506,-0.9211690999999999,-0.97384155,-0.9187749,-0.8984242,-0.90500826,-0.8726865,-0.9139864999999999,-0.94331545,-0.91578215,-0.90141696,-0.8924386999999999,-0.9211690999999999,-0.86610246,-0.87328506,-0.88405895,-0.8678981,-0.8714894,-0.86490536,-0.85054016,-0.88645315,-0.87687635,-0.8798690999999998,-0.86849666,-0.85891986,-0.89184016,-0.8972271,-0.86370826,-0.84455466,4
-0.8984242,-0.90500826,-0.8726865,-0.9139864999999999,-0.94331545,-0.91578215,-0.90141696,-0.8924386999999999,-0.9211690999999999,-0.86610246,-0.87328506,-0.88405895,-0.8678981,-0.8714894,-0.86490536,-0.85054016,-0.88645315,-0.87687635,-0.8798690999999998,-0.86849666,-0.85891986,-0.89184016,-0.8972271,-0.86370826,-0.84455466,-0.88645315,-0.87328506,-0.88405895,-0.86011696,-0.96665895,-0.9199719999999999,-0.86729956,-0.88405895,-0.9091981,-0.94331545,-0.9828198,-0.9672575000000001,-0.9564835999999999,-0.9888053,-0.95109665,-0.9696517,-0.9660603999999999,-1.0067618,-1.0031705,-0.9864110999999999,-1.0175357,-1.0205284,-1.067814,-1.0426749,-1.0462662,4
-0.88645315,-0.87328506,-0.88405895,-0.86011696,-0.96665895,-0.9199719999999999,-0.86729956,-0.88405895,-0.9091981,-0.94331545,-0.9828198,-0.9672575000000001,-0.9564835999999999,-0.9888053,-0.95109665,-0.9696517,-0.9660603999999999,-1.0067618,-1.0031705,-0.9864110999999999,-1.0175357,-1.0205284,-1.067814,-1.0426749,-1.0462662,-1.0642227,-1.0480618,-1.0815806000000001,-1.1043254999999998,-1.1085154,-1.1180921999999998,-1.0749966,-1.1025299,-1.1186907,-1.1246762,-1.1240777,-1.1833341999999998,-1.1354501000000001,-1.1162965,-1.1312603,-1.1516110000000002,-1.2078748,-1.2282255,-1.1959038,-1.2006921999999998,-1.1677719,-1.2108675,-1.2192471999999999,-1.2156559,-1.2401965,4
-1.0642227,-1.0480618,-1.0815806000000001,-1.1043254999999998,-1.1085154,-1.1180921999999998,-1.0749966,-1.1025299,-1.1186907,-1.1246762,-1.1240777,-1.1833341999999998,-1.1354501000000001,-1.1162965,-1.1312603,-1.1516110000000002,-1.2078748,-1.2282255,-1.1959038,-1.2006921999999998,-1.1677719,-1.2108675,-1.2192471999999999,-1.2156559,-1.2401965,-1.2108675,-1.2234371000000002,-1.2096704,-1.2431892,-1.2587515,-1.2503718000000001,-1.2449848999999997,-1.2336124,-1.2282255,-1.2575544,-1.2539631000000002,-1.2892777,-1.2497733,-1.2707225,-1.258153,-1.2096704,-1.2162545,-1.2791021999999999,-1.2773066000000002,-1.2054806,-1.1695676000000002,-1.1821371,-1.2036848999999998,-1.2617443000000002,-1.2228385,4
-1.2108675,-1.2234371000000002,-1.2096704,-1.2431892,-1.2587515,-1.2503718000000001,-1.2449848999999997,-1.2336124,-1.2282255,-1.2575544,-1.2539631000000002,-1.2892777,-1.2497733,-1.2707225,-1.258153,-1.2096704,-1.2162545,-1.2791021999999999,-1.2773066000000002,-1.2054806,-1.1695676000000002,-1.1821371,-1.2036848999999998,-1.2617443000000002,-1.2228385,-1.1833341999999998,-1.1851299,-1.1875241,-1.1881226,-1.1869254999999999,-1.1605892,-1.1492168,-1.0959458,-1.0965444,-1.1324573999999998,-1.1534066,-1.1438298,-1.1073183000000002,-1.0827777,-1.0815806000000001,-1.0630256,-1.1055226,-1.079785,-1.074398,-1.0863690000000001,-1.0480618,-1.0121487,-1.039682,-1.0851719,-1.0588357,4
-1.1833341999999998,-1.1851299,-1.1875241,-1.1881226,-1.1869254999999999,-1.1605892,-1.1492168,-1.0959458,-1.0965444,-1.1324573999999998,-1.1534066,-1.1438298,-1.1073183000000002,-1.0827777,-1.0815806000000001,-1.0630256,-1.1055226,-1.079785,-1.074398,-1.0863690000000001,-1.0480618,-1.0121487,-1.039682,-1.0851719,-1.0588357,-1.0133458,-1.0067618,-1.0486604,-1.0510546,-1.06123,-1.0271125,-0.99778354,-1.0157399999999999,-0.99299514,-1.0301052,-0.98461545,-1.0259154000000001,-0.997185,-0.9995792,-0.9852139999999999,-0.9900024,-1.0163386,-0.9959879,-1.0295067,-1.0205284,-0.98581254,-1.0007763,-1.0211270000000001,-1.0193313,-0.99778354,4
-1.0133458,-1.0067618,-1.0486604,-1.0510546,-1.06123,-1.0271125,-0.99778354,-1.0157399999999999,-0.99299514,-1.0301052,-0.98461545,-1.0259154000000001,-0.997185,-0.9995792,-0.9852139999999999,-0.9900024,-1.0163386,-0.9959879,-1.0295067,-1.0205284,-0.98581254,-1.0007763,-1.0211270000000001,-1.0193313,-0.99778354,-0.97144735,-0.9900024,-1.0121487,-0.97743285,-1.0145429,-1.055843,-1.0115502,-0.9900024,-0.9696517,-1.0055646999999999,-1.0540473,-1.055843,-1.0055646999999999,-1.0169370999999998,-0.99179804,-1.0085574000000002,-0.9804255999999999,-0.98102415,-0.9911995000000001,-0.9756372,-0.9995792,-0.99778354,-1.0139444,-1.0295067,-1.0330979999999998,4
-0.97144735,-0.9900024,-1.0121487,-0.97743285,-1.0145429,-1.055843,-1.0115502,-0.9900024,-0.9696517,-1.0055646999999999,-1.0540473,-1.055843,-1.0055646999999999,-1.0169370999999998,-0.99179804,-1.0085574000000002,-0.9804255999999999,-0.98102415,-0.9911995000000001,-0.9756372,-0.9995792,-0.99778354,-1.0139444,-1.0295067,-1.0330979999999998,-1.0301052,-1.0121487,-1.0139444,-1.0301052,-1.0402806,-1.0360907,-1.0187328000000002,-1.0187328000000002,-1.0420763000000002,-1.0384849,-1.0307038,-1.0564415,-1.1360487,-1.0869676000000001,-1.039682,-1.0749966,-1.0845733999999998,-1.1061212,-1.1426326999999998,-1.1186907,-1.1115081,-1.1061212,-1.1192893,-1.1468226000000001,-1.0923545000000001,4
-1.0301052,-1.0121487,-1.0139444,-1.0301052,-1.0402806,-1.0360907,-1.0187328000000002,-1.0187328000000002,-1.0420763000000002,-1.0384849,-1.0307038,-1.0564415,-1.1360487,-1.0869676000000001,-1.039682,-1.0749966,-1.0845733999999998,-1.1061212,-1.1426326999999998,-1.1186907,-1.1115081,-1.1061212,-1.1192893,-1.1468226000000001,-1.0923545000000001,-1.1228806,-1.1384428999999998,-1.1402385,-1.1653777,-1.1887212,-1.1917138999999999,-1.1899183,-1.2078748,-1.1899183,-1.1755531000000001,-1.163582,-1.1839328000000002,-1.1875241,-1.1851299,-1.1881226,-1.1935096,-1.2030864,-1.1959038,-1.2036848999999998,-1.2707225,-1.2360066,-1.2018893,-1.2198458,-1.2557588,-1.2443863000000002,4
-1.1228806,-1.1384428999999998,-1.1402385,-1.1653777,-1.1887212,-1.1917138999999999,-1.1899183,-1.2078748,-1.1899183,-1.1755531000000001,-1.163582,-1.1839328000000002,-1.1875241,-1.1851299,-1.1881226,-1.1935096,-1.2030864,-1.1959038,-1.2036848999999998,-1.2707225,-1.2360066,-1.2018893,-1.2198458,-1.2557588,-1.2443863000000002,-1.2946646000000002,-1.2641385,-1.2599486,-1.2725182,-1.2593501,-1.2617443000000002,-1.2425906999999998,-1.2731166999999999,-1.2629413999999999,-1.2773066000000002,-1.2491747,-1.2641385,-1.2808979,-1.2653356000000002,-1.2707225,-1.2659341,-1.2330139,-1.2312181999999998,-1.2144588,-1.2066777,-1.1988965,-1.1893197,-1.2216414,-1.2132617,-1.1767502,4
-1.2946646000000002,-1.2641385,-1.2599486,-1.2725182,-1.2593501,-1.2617443000000002,-1.2425906999999998,-1.2731166999999999,-1.2629413999999999,-1.2773066000000002,-1.2491747,-1.2641385,-1.2808979,-1.2653356000000002,-1.2707225,-1.2659341,-1.2330139,-1.2312181999999998,-1.2144588,-1.2066777,-1.1988965,-1.1893197,-1.2216414,-1.2132617,-1.1767502,-1.1809399999999999,-1.2096704,-1.2120646000000002,-1.1689690000000001,-1.1629834,-1.1707646999999999,-1.1869254999999999,-1.210269,-1.1815386,-1.1791444,-1.163582,-1.1486181999999998,-1.1629834,-1.1456255,-1.1336545,-1.1426326999999998,-1.1444284,-1.1312603,-1.1438298,-1.1563994,-1.1139023000000001,-1.1192893,-1.1168951,-1.1168951,-1.1085154,4
-1.1809399999999999,-1.2096704,-1.2120646000000002,-1.1689690000000001,-1.1629834,-1.1707646999999999,-1.1869254999999999,-1.210269,-1.1815386,-1.1791444,-1.163582,-1.1486181999999998,-1.1629834,-1.1456255,-1.1336545,-1.1426326999999998,-1.1444284,-1.1312603,-1.1438298,-1.1563994,-1.1139023000000001,-1.1192893,-1.1168951,-1.1168951,-1.1085154,-1.1252748,-1.1258733,-1.1085154,-1.0995371,-1.0899603,-1.0977415000000001,-1.0923545000000001,-1.1360487,-1.13964,-1.1043254999999998,-1.0546459,-1.0606314,-1.1073183000000002,-1.13964,-1.1145009,-1.0845733999999998,-1.0510546,-1.0708067,-1.0618285,-1.0534488000000002,-1.0690111,-1.0696096000000002,-1.0887632,-1.0588357,-1.0348936,4
-1.1252748,-1.1258733,-1.1085154,-1.0995371,-1.0899603,-1.0977415000000001,-1.0923545000000001,-1.1360487,-1.13964,-1.1043254999999998,-1.0546459,-1.0606314,-1.1073183000000002,-1.13964,-1.1145009,-1.0845733999999998,-1.0510546,-1.0708067,-1.0618285,-1.0534488000000002,-1.0690111,-1.0696096000000002,-1.0887632,-1.0588357,-1.0348936,-1.0636241000000002,-1.0672153999999998,-1.062427,-1.0648212,-1.0953473,-1.0815806000000001,-1.0803835,-1.0444705,-1.0600328,-1.0348936,-1.0414777,-1.039682,-1.039682,-1.0067618,-1.055843,-1.1073183000000002,-1.0342950999999998,-1.0055646999999999,-1.0378863999999999,-1.0235212,-1.0690111,-1.0672153999999998,-1.0726023999999998,-1.050456,-1.0414777,4
-1.0636241000000002,-1.0672153999999998,-1.062427,-1.0648212,-1.0953473,-1.0815806000000001,-1.0803835,-1.0444705,-1.0600328,-1.0348936,-1.0414777,-1.039682,-1.039682,-1.0067618,-1.055843,-1.1073183000000002,-1.0342950999999998,-1.0055646999999999,-1.0378863999999999,-1.0235212,-1.0690111,-1.0672153999999998,-1.0726023999999998,-1.050456,-1.0414777,-1.050456,-1.0384849,-1.0199299000000002,-1.0229226,-1.0031705,-1.0121487,-0.99778354,-0.99060094,-1.0223241,-1.0342950999999998,-1.0187328000000002,-0.98581254,-0.97025025,-0.97264445,-1.0067618,-0.9876082,-0.97623575,-1.0169370999999998,-1.0229226,-1.0121487,-1.0097545,-1.0690111,-1.0815806000000001,-1.0390834999999998,-1.0151415000000001,4
-1.050456,-1.0384849,-1.0199299000000002,-1.0229226,-1.0031705,-1.0121487,-0.99778354,-0.99060094,-1.0223241,-1.0342950999999998,-1.0187328000000002,-0.98581254,-0.97025025,-0.97264445,-1.0067618,-0.9876082,-0.97623575,-1.0169370999999998,-1.0229226,-1.0121487,-1.0097545,-1.0690111,-1.0815806000000001,-1.0390834999999998,-1.0151415000000001,-1.0432734000000001,-1.050456,-1.0935516,-1.0905589,-1.0827777,-1.0827777,-1.1031284,-1.0869676000000001,-1.1049241,-1.073201,-1.1282675,-1.1067197,-1.1150993999999999,-1.1390414,-1.1282675,-1.174356,-1.1504139,-1.1300632,-1.1372458,-1.1647792,-1.1599906999999998,-1.1869254999999999,-1.1971009,-1.1611878,-1.1833341999999998,4
-1.0432734000000001,-1.050456,-1.0935516,-1.0905589,-1.0827777,-1.0827777,-1.1031284,-1.0869676000000001,-1.1049241,-1.073201,-1.1282675,-1.1067197,-1.1150993999999999,-1.1390414,-1.1282675,-1.174356,-1.1504139,-1.1300632,-1.1372458,-1.1647792,-1.1599906999999998,-1.1869254999999999,-1.1971009,-1.1611878,-1.1833341999999998,-1.1761516,-1.1641805,-1.1659763,-1.2413936,-1.2066777,-1.1851299,-1.1869254999999999,-1.1953052,-1.2282255,-1.2557588,-1.2467805,-1.2132617,-1.204882,-1.2162545,-1.2378023,-1.204882,-1.2252326999999998,-1.2348095,-1.2366052,-1.240795,-1.2509704,-1.228824,-1.2240356000000001,-1.1982979999999999,-1.2054806,4
-1.1761516,-1.1641805,-1.1659763,-1.2413936,-1.2066777,-1.1851299,-1.1869254999999999,-1.1953052,-1.2282255,-1.2557588,-1.2467805,-1.2132617,-1.204882,-1.2162545,-1.2378023,-1.204882,-1.2252326999999998,-1.2348095,-1.2366052,-1.240795,-1.2509704,-1.228824,-1.2240356000000001,-1.1982979999999999,-1.2054806,-1.1953052,-1.1701661,-1.2012907,-1.1887212,-1.1803415000000002,-1.1785458,-1.1731589,-1.1755531000000001,-1.1665748,-1.1923125,-1.2156559,-1.1845313,-1.1480197,-1.1288661,-1.1737574,-1.1953052,-1.1791444,-1.1522094999999999,-1.1246762,-1.0977415000000001,-1.1007341999999998,-1.1109096,-1.1001357,-1.1145009,-1.1025299,4
-1.1953052,-1.1701661,-1.2012907,-1.1887212,-1.1803415000000002,-1.1785458,-1.1731589,-1.1755531000000001,-1.1665748,-1.1923125,-1.2156559,-1.1845313,-1.1480197,-1.1288661,-1.1737574,-1.1953052,-1.1791444,-1.1522094999999999,-1.1246762,-1.0977415000000001,-1.1007341999999998,-1.1109096,-1.1001357,-1.1145009,-1.1025299,-1.0923545000000001,-1.0911574,-1.0977415000000001,-1.1210848999999998,-1.1001357,-1.1145009,-1.0857705,-1.0737995,-1.1139023000000001,-1.0857705,-1.0534488000000002,-1.0791864,-1.0749966,-1.0708067,-1.0444705,-1.0947487,-1.0989386,-1.0330979999999998,-1.0354922,-1.0522517,-1.0690111,-1.1055226,-1.0857705,-1.0648212,-1.0773908,4
-1.0923545000000001,-1.0911574,-1.0977415000000001,-1.1210848999999998,-1.1001357,-1.1145009,-1.0857705,-1.0737995,-1.1139023000000001,-1.0857705,-1.0534488000000002,-1.0791864,-1.0749966,-1.0708067,-1.0444705,-1.0947487,-1.0989386,-1.0330979999999998,-1.0354922,-1.0522517,-1.0690111,-1.1055226,-1.0857705,-1.0648212,-1.0773908,-1.0450690999999999,-1.0564415,-1.0360907,-1.0366893,-1.0408791,-1.0324994,-1.0432734000000001,-1.0342950999999998,-1.0319009,-1.0330979999999998,-1.0606314,-1.073201,-1.0229226,-1.043872,-1.0486604,-1.0540473,-1.062427,-1.0079589,-1.0163386,-1.0175357,-1.0330979999999998,-1.0217254999999998,-1.0522517,-1.0516531,-1.0031705,4
-1.0450690999999999,-1.0564415,-1.0360907,-1.0366893,-1.0408791,-1.0324994,-1.0432734000000001,-1.0342950999999998,-1.0319009,-1.0330979999999998,-1.0606314,-1.073201,-1.0229226,-1.043872,-1.0486604,-1.0540473,-1.062427,-1.0079589,-1.0163386,-1.0175357,-1.0330979999999998,-1.0217254999999998,-1.0522517,-1.0516531,-1.0031705,-1.0079589,-1.0073603000000002,-1.0330979999999998,-1.0684125,-1.0265139,-1.0115502,-1.0061632,-1.0151415000000001,-0.9995792,-0.98700964,-0.96785605,-0.97503865,-0.9744401,-0.9576806999999999,-0.9684546,-0.9876082,-0.98461545,-0.98581254,-1.0037690000000001,-1.0121487,-1.0366893,-1.0360907,-1.049259,-1.043872,-1.0055646999999999,4
-1.0079589,-1.0073603000000002,-1.0330979999999998,-1.0684125,-1.0265139,-1.0115502,-1.0061632,-1.0151415000000001,-0.9995792,-0.98700964,-0.96785605,-0.97503865,-0.9744401,-0.9576806999999999,-0.9684546,-0.9876082,-0.98461545,-0.98581254,-1.0037690000000001,-1.0121487,-1.0366893,-1.0360907,-1.049259,-1.043872,-1.0055646999999999,-1.0408791,-1.0474633,-1.0827777,-1.0420763000000002,-1.0965444,-1.0821792,-1.0247183000000002,-1.0642227,-1.0468647,-1.0971429,-1.1294646000000002,-1.1432313,-1.1049241,-1.0953473,-1.1174936000000002,-1.1210848999999998,-1.1420341999999999,-1.1001357,-1.1486181999999998,-1.13964,-1.1438298,-1.1294646000000002,-1.1492168,-1.1480197,-1.1773487,4
-1.0408791,-1.0474633,-1.0827777,-1.0420763000000002,-1.0965444,-1.0821792,-1.0247183000000002,-1.0642227,-1.0468647,-1.0971429,-1.1294646000000002,-1.1432313,-1.1049241,-1.0953473,-1.1174936000000002,-1.1210848999999998,-1.1420341999999999,-1.1001357,-1.1486181999999998,-1.13964,-1.1438298,-1.1294646000000002,-1.1492168,-1.1480197,-1.1773487,-1.1623849,-1.1881226,-1.1839328000000002,-1.2024878,-1.2072762,-1.2180501,-1.1899183,-1.2240356000000001,-1.2000936000000002,-1.1731589,-1.2054806,-1.2497733,-1.2276268999999997,-1.192911,-1.2108675,-1.1953052,-1.2575544,-1.2629413999999999,-1.2563573000000001,-1.2330139,-1.2389994,-1.2551602,-1.2443863000000002,-1.2192471999999999,-1.2725182,4
-1.1623849,-1.1881226,-1.1839328000000002,-1.2024878,-1.2072762,-1.2180501,-1.1899183,-1.2240356000000001,-1.2000936000000002,-1.1731589,-1.2054806,-1.2497733,-1.2276268999999997,-1.192911,-1.2108675,-1.1953052,-1.2575544,-1.2629413999999999,-1.2563573000000001,-1.2330139,-1.2389994,-1.2551602,-1.2443863000000002,-1.2192471999999999,-1.2725182,-1.2533646,-1.2659341,-1.2641385,-1.2868833999999998,-1.2725182,-1.258153,-1.2539631000000002,-1.2318168,-1.2533646,-1.2425906999999998,-1.2401965,-1.2162545,-1.2024878,-1.2120646000000002,-1.2078748,-1.2216414,-1.2018893,-1.2491747,-1.1953052,-1.2006921999999998,-1.2054806,-1.1923125,-1.1881226,-1.2084733,-1.1671733999999998,4
-1.2533646,-1.2659341,-1.2641385,-1.2868833999999998,-1.2725182,-1.258153,-1.2539631000000002,-1.2318168,-1.2533646,-1.2425906999999998,-1.2401965,-1.2162545,-1.2024878,-1.2120646000000002,-1.2078748,-1.2216414,-1.2018893,-1.2491747,-1.1953052,-1.2006921999999998,-1.2054806,-1.1923125,-1.1881226,-1.2084733,-1.1671733999999998,-1.1575965,-1.1510124,-1.1480197,-1.1629834,-1.1174936000000002,-1.127669,-1.1139023000000001,-1.1240777,-1.1127052,-1.1330559,-1.1174936000000002,-1.1079168,-1.0959458,-1.1031284,-1.0851719,-1.0959458,-1.1091138999999999,-1.0726023999999998,-1.0737995,-1.1049241,-1.0552443999999999,-1.043872,-1.0540473,-1.1037270000000001,-1.0737995,4
-1.1575965,-1.1510124,-1.1480197,-1.1629834,-1.1174936000000002,-1.127669,-1.1139023000000001,-1.1240777,-1.1127052,-1.1330559,-1.1174936000000002,-1.1079168,-1.0959458,-1.1031284,-1.0851719,-1.0959458,-1.1091138999999999,-1.0726023999999998,-1.0737995,-1.1049241,-1.0552443999999999,-1.043872,-1.0540473,-1.1037270000000001,-1.0737995,-1.0360907,-1.0247183000000002,-1.0307038,-1.0546459,-1.0654198000000001,-1.0564415,-1.0253168,-1.0043676,-0.98700964,-1.0103531,-1.002572,-0.98940384,-0.9708488000000001,-0.97743285,-0.9804255999999999,-0.9516952,-0.97982705,-0.97982705,-0.9528923,-0.9564835999999999,-0.9552864999999999,-0.95349085,-0.9696517,-0.9516952,-0.92655605,4
-1.0360907,-1.0247183000000002,-1.0307038,-1.0546459,-1.0654198000000001,-1.0564415,-1.0253168,-1.0043676,-0.98700964,-1.0103531,-1.002572,-0.98940384,-0.9708488000000001,-0.97743285,-0.9804255999999999,-0.9516952,-0.97982705,-0.97982705,-0.9528923,-0.9564835999999999,-0.9552864999999999,-0.95349085,-0.9696517,-0.9516952,-0.92655605,-0.9463082,-0.9187749,-0.9187749,-0.91338795,-0.92416185,-0.9876082,-0.9612719999999999,-0.9367314,-0.9211690999999999,-0.9475053,-0.95109665,-0.95588505,-0.9307459000000001,-0.92655605,-0.91099375,-0.8960299999999999,-0.92176765,-0.8750806999999999,-0.9127894,-0.88645315,-0.89782566,-0.8900445,-0.89423436,-0.9127894,-0.91817635,4
-0.9463082,-0.9187749,-0.9187749,-0.91338795,-0.92416185,-0.9876082,-0.9612719999999999,-0.9367314,-0.9211690999999999,-0.9475053,-0.95109665,-0.95588505,-0.9307459000000001,-0.92655605,-0.91099375,-0.8960299999999999,-0.92176765,-0.8750806999999999,-0.9127894,-0.88645315,-0.89782566,-0.8900445,-0.89423436,-0.9127894,-0.91817635,-0.8996213,-0.88765025,-0.87567925,-0.90979666,-0.87927055,-0.8595184000000001,-0.88525605,-0.86969376,-0.8738836,-0.9008184000000001,-0.91937345,-0.9552864999999999,-0.93014735,-0.91817635,-0.9367314,-0.9612719999999999,-0.96426475,-0.98581254,-1.009156,-1.0007763,-0.98222125,-0.98940384,-1.0127473,-0.98940384,-1.0229226,4
-0.8996213,-0.88765025,-0.87567925,-0.90979666,-0.87927055,-0.8595184000000001,-0.88525605,-0.86969376,-0.8738836,-0.9008184000000001,-0.91937345,-0.9552864999999999,-0.93014735,-0.91817635,-0.9367314,-0.9612719999999999,-0.96426475,-0.98581254,-1.009156,-1.0007763,-0.98222125,-0.98940384,-1.0127473,-0.98940384,-1.0229226,-1.0121487,-1.0097545,-1.0366893,-1.0426749,-1.0444705,-1.0755951000000001,-1.0588357,-1.0534488000000002,-1.0654198000000001,-1.062427,-1.0594343000000002,-1.110311,-1.1061212,-1.0749966,-1.0965444,-1.1115081,-1.110311,-1.1210848999999998,-1.1815386,-1.1480197,-1.1121067,-1.1192893,-1.1300632,-1.1881226,-1.2090718999999999,4
-1.0121487,-1.0097545,-1.0366893,-1.0426749,-1.0444705,-1.0755951000000001,-1.0588357,-1.0534488000000002,-1.0654198000000001,-1.062427,-1.0594343000000002,-1.110311,-1.1061212,-1.0749966,-1.0965444,-1.1115081,-1.110311,-1.1210848999999998,-1.1815386,-1.1480197,-1.1121067,-1.1192893,-1.1300632,-1.1881226,-1.2090718999999999,-1.1653777,-1.174356,-1.1713632,-1.1791444,-1.2036848999999998,-1.1701661,-1.2012907,-1.1899183,-1.1971009,-1.1941081,-1.2054806,-1.2306197,-1.2330139,-1.2431892,-1.2455834,-1.2216414,-1.2306197,-1.2312181999999998,-1.2449848999999997,-1.2306197,-1.2228385,-1.2006921999999998,-1.1905168,-1.2132617,-1.2401965,4
-1.1653777,-1.174356,-1.1713632,-1.1791444,-1.2036848999999998,-1.1701661,-1.2012907,-1.1899183,-1.1971009,-1.1941081,-1.2054806,-1.2306197,-1.2330139,-1.2431892,-1.2455834,-1.2216414,-1.2306197,-1.2312181999999998,-1.2449848999999997,-1.2306197,-1.2228385,-1.2006921999999998,-1.1905168,-1.2132617,-1.2401965,-1.192911,-1.1821371,-1.1587936,-1.1707646999999999,-1.2024878,-1.2234371000000002,-1.210269,-1.1976993999999999,-1.163582,-1.2000936000000002,-1.1773487,-1.174356,-1.1982979999999999,-1.1689690000000001,-1.1851299,-1.1719618,-1.1653777,-1.158195,-1.1492168,-1.1426326999999998,-1.1234791000000002,-1.1133038,-1.1192893,-1.1288661,-1.1282675,4
-1.192911,-1.1821371,-1.1587936,-1.1707646999999999,-1.2024878,-1.2234371000000002,-1.210269,-1.1976993999999999,-1.163582,-1.2000936000000002,-1.1773487,-1.174356,-1.1982979999999999,-1.1689690000000001,-1.1851299,-1.1719618,-1.1653777,-1.158195,-1.1492168,-1.1426326999999998,-1.1234791000000002,-1.1133038,-1.1192893,-1.1288661,-1.1282675,-1.1306617,-1.1252748,-1.1156979999999999,-1.1168951,-1.134253,-1.1671733999999998,-1.1109096,-1.079785,-1.0737995,-1.1019313,-1.1019313,-1.1456255,-1.1156979999999999,-1.0791864,-1.0600328,-1.0636241000000002,-1.0863690000000001,-1.0666169,-1.0785878999999998,-1.0672153999999998,-1.0684125,-1.0522517,-1.0474633,-1.0546459,-1.091756,4
-1.1306617,-1.1252748,-1.1156979999999999,-1.1168951,-1.134253,-1.1671733999999998,-1.1109096,-1.079785,-1.0737995,-1.1019313,-1.1019313,-1.1456255,-1.1156979999999999,-1.0791864,-1.0600328,-1.0636241000000002,-1.0863690000000001,-1.0666169,-1.0785878999999998,-1.0672153999999998,-1.0684125,-1.0522517,-1.0474633,-1.0546459,-1.091756,-1.0444705,-1.0414777,-1.0283096,-1.0205284,-1.0432734000000001,-1.0043676,-1.0103531,-1.0031705,-0.98461545,-0.98581254,-0.97025025,-1.0175357,-0.9995792,-0.9864110999999999,-1.0001777,-0.9900024,-0.99538934,-0.9923966000000001,-1.0241197,-0.98341835,-0.9864110999999999,-0.98461545,-0.99778354,-0.9768343,-0.9684546,4
-1.0444705,-1.0414777,-1.0283096,-1.0205284,-1.0432734000000001,-1.0043676,-1.0103531,-1.0031705,-0.98461545,-0.98581254,-0.97025025,-1.0175357,-0.9995792,-0.9864110999999999,-1.0001777,-0.9900024,-0.99538934,-0.9923966000000001,-1.0241197,-0.98341835,-0.9864110999999999,-0.98461545,-0.99778354,-0.9768343,-0.9684546,-0.96426475,-0.94930094,-0.9600749,-0.93972415,-0.93014735,-0.92296475,-0.9295488000000001,-0.93732995,-0.9343372,-0.89902276,-0.9163806999999999,-0.93254155,-0.92775315,-0.87927055,-0.89902276,-0.91817635,-0.92296475,-0.92655605,-0.9792285,-0.9696517,-0.9439139999999999,-0.9379284999999999,-0.9864110999999999,-0.98581254,-1.0354922,4
-0.96426475,-0.94930094,-0.9600749,-0.93972415,-0.93014735,-0.92296475,-0.9295488000000001,-0.93732995,-0.9343372,-0.89902276,-0.9163806999999999,-0.93254155,-0.92775315,-0.87927055,-0.89902276,-0.91817635,-0.92296475,-0.92655605,-0.9792285,-0.9696517,-0.9439139999999999,-0.9379284999999999,-0.9864110999999999,-0.98581254,-1.0354922,-1.0187328000000002,-1.0061632,-0.99419224,-1.027711,-1.0432734000000001,-0.9995792,-1.0103531,-1.0414777,-1.0444705,-1.0462662,-1.0354922,-1.0755951000000001,-1.0773908,-1.091756,-1.0755951000000001,-1.0737995,-1.0959458,-1.1049241,-1.146224,-1.1150993999999999,-1.1139023000000001,-1.1139023000000001,-1.1067197,-1.1288661,-1.1348516000000002,4
-1.0187328000000002,-1.0061632,-0.99419224,-1.027711,-1.0432734000000001,-0.9995792,-1.0103531,-1.0414777,-1.0444705,-1.0462662,-1.0354922,-1.0755951000000001,-1.0773908,-1.091756,-1.0755951000000001,-1.0737995,-1.0959458,-1.1049241,-1.146224,-1.1150993999999999,-1.1139023000000001,-1.1139023000000001,-1.1067197,-1.1288661,-1.1348516000000002,-1.1971009,-1.1665748,-1.1204863999999999,-1.1252748,-1.1659763,-1.1665748,-1.1797429,-1.1665748,-1.174356,-1.1587936,-1.1887212,-1.2084733,-1.1695676000000002,-1.2066777,-1.2084733,-1.2036848999999998,-1.2366052,-1.2330139,-1.2192471999999999,-1.2276268999999997,-1.2372037,-1.2683283,-1.228824,-1.2413936,-1.2431892,4
-1.1971009,-1.1665748,-1.1204863999999999,-1.1252748,-1.1659763,-1.1665748,-1.1797429,-1.1665748,-1.174356,-1.1587936,-1.1887212,-1.2084733,-1.1695676000000002,-1.2066777,-1.2084733,-1.2036848999999998,-1.2366052,-1.2330139,-1.2192471999999999,-1.2276268999999997,-1.2372037,-1.2683283,-1.228824,-1.2413936,-1.2431892,-1.2617443000000002,-1.2174516000000002,-1.2150573999999998,-1.2497733,-1.2443863000000002,-1.2425906999999998,-1.2814964,-1.2785037000000001,-1.1881226,-1.1791444,-1.1881226,-1.1839328000000002,-1.2336124,-1.2306197,-1.1498153,-1.1534066,-1.1384428999999998,-1.1498153,-1.1773487,-1.1546037,-1.1372458,-1.1480197,-1.1456255,-1.1324573999999998,-1.1240777,4
-1.2617443000000002,-1.2174516000000002,-1.2150573999999998,-1.2497733,-1.2443863000000002,-1.2425906999999998,-1.2814964,-1.2785037000000001,-1.1881226,-1.1791444,-1.1881226,-1.1839328000000002,-1.2336124,-1.2306197,-1.1498153,-1.1534066,-1.1384428999999998,-1.1498153,-1.1773487,-1.1546037,-1.1372458,-1.1480197,-1.1456255,-1.1324573999999998,-1.1240777,-1.127669,-1.1109096,-1.134253,-1.1240777,-1.0887632,-1.0779893,-1.0564415,-1.0881646999999999,-1.0779893,-1.0510546,-1.0708067,-1.039682,-1.0690111,-1.1127052,-1.067814,-1.0450690999999999,-1.0432734000000001,-1.0606314,-1.0953473,-1.110311,-1.0702082,-1.0660183,-1.0313023000000001,-1.0229226,-1.0253168,4
-1.127669,-1.1109096,-1.134253,-1.1240777,-1.0887632,-1.0779893,-1.0564415,-1.0881646999999999,-1.0779893,-1.0510546,-1.0708067,-1.039682,-1.0690111,-1.1127052,-1.067814,-1.0450690999999999,-1.0432734000000001,-1.0606314,-1.0953473,-1.110311,-1.0702082,-1.0660183,-1.0313023000000001,-1.0229226,-1.0253168,-0.98581254,-1.0342950999999998,-1.009156,-1.0217254999999998,-0.9983820999999999,-1.0348936,-1.002572,-1.0247183000000002,-1.009156,-1.0444705,-1.0265139,-1.0235212,-1.0570401000000003,-1.0522517,-1.0007763,-1.0031705,-0.9983820999999999,-0.97982705,-1.0253168,-0.9959879,-0.9911995000000001,-0.9648633,-0.98581254,-0.98700964,-0.99299514,4
-0.98581254,-1.0342950999999998,-1.009156,-1.0217254999999998,-0.9983820999999999,-1.0348936,-1.002572,-1.0247183000000002,-1.009156,-1.0444705,-1.0265139,-1.0235212,-1.0570401000000003,-1.0522517,-1.0007763,-1.0031705,-0.9983820999999999,-0.97982705,-1.0253168,-0.9959879,-0.9911995000000001,-0.9648633,-0.98581254,-0.98700964,-0.99299514,-0.99419224,-0.98820674,-0.99419224,-0.98700964,-0.98700964,-0.98222125,-0.9648633,-0.98461545,-0.97982705,-0.96067345,-0.9367314,-0.9816226999999998,-0.9475053,-0.96905315,-0.99419224,-0.96426475,-0.9612719999999999,-0.93134445,-0.95827925,-0.9528923,-0.9439139999999999,-0.8936358,-0.90979666,-0.9259575000000001,-0.9564835999999999,4
-0.99419224,-0.98820674,-0.99419224,-0.98700964,-0.98700964,-0.98222125,-0.9648633,-0.98461545,-0.97982705,-0.96067345,-0.9367314,-0.9816226999999998,-0.9475053,-0.96905315,-0.99419224,-0.96426475,-0.9612719999999999,-0.93134445,-0.95827925,-0.9528923,-0.9439139999999999,-0.8936358,-0.90979666,-0.9259575000000001,-0.9564835999999999,-0.9295488000000001,-0.9816226999999998,-0.9935937,-0.9487024,-0.96187055,-0.98461545,-0.99898064,-1.0259154000000001,-1.0384849,-1.0259154000000001,-0.9959879,-1.0354922,-1.0055646999999999,-1.0007763,-1.009156,-1.0456676,-1.0354922,-1.0672153999999998,-1.0594343000000002,-1.0690111,-1.1061212,-1.1312603,-1.1049241,-1.110311,-1.1174936000000002,4
-0.9295488000000001,-0.9816226999999998,-0.9935937,-0.9487024,-0.96187055,-0.98461545,-0.99898064,-1.0259154000000001,-1.0384849,-1.0259154000000001,-0.9959879,-1.0354922,-1.0055646999999999,-1.0007763,-1.009156,-1.0456676,-1.0354922,-1.0672153999999998,-1.0594343000000002,-1.0690111,-1.1061212,-1.1312603,-1.1049241,-1.110311,-1.1174936000000002,-1.1204863999999999,-1.1492168,-1.1414356,-1.13964,-1.0965444,-1.1324573999999998,-1.1384428999999998,-1.1683705,-1.1575965,-1.1965023000000001,-1.2006921999999998,-1.1516110000000002,-1.1791444,-1.1971009,-1.1947067,-1.2509704,-1.2132617,-1.2162545,-1.2078748,-1.2246342,-1.2090718999999999,-1.1875241,-1.2318168,-1.2479776000000002,-1.2467805,4
-1.1204863999999999,-1.1492168,-1.1414356,-1.13964,-1.0965444,-1.1324573999999998,-1.1384428999999998,-1.1683705,-1.1575965,-1.1965023000000001,-1.2006921999999998,-1.1516110000000002,-1.1791444,-1.1971009,-1.1947067,-1.2509704,-1.2132617,-1.2162545,-1.2078748,-1.2246342,-1.2090718999999999,-1.1875241,-1.2318168,-1.2479776000000002,-1.2467805,-1.2467805,-1.2419921,-1.2689268999999999,-1.2593501,-1.2605472,-1.2737153,-1.2575544,-1.2593501,-1.2653356000000002,-1.2934675,-1.2641385,-1.2455834,-1.2539631000000002,-1.2497733,-1.2186487,-1.2413936,-1.2431892,-1.2425906999999998,-1.1845313,-1.2132617,-1.1976993999999999,-1.2264298,-1.2300211,-1.2198458,-1.1857284,4
-1.2467805,-1.2419921,-1.2689268999999999,-1.2593501,-1.2605472,-1.2737153,-1.2575544,-1.2593501,-1.2653356000000002,-1.2934675,-1.2641385,-1.2455834,-1.2539631000000002,-1.2497733,-1.2186487,-1.2413936,-1.2431892,-1.2425906999999998,-1.1845313,-1.2132617,-1.1976993999999999,-1.2264298,-1.2300211,-1.2198458,-1.1857284,-1.1683705,-1.1701661,-1.1689690000000001,-1.1420341999999999,-1.1174936000000002,-1.1444284,-1.1372458,-1.1390414,-1.1145009,-1.1420341999999999,-1.1043254999999998,-1.0977415000000001,-1.1121067,-1.1031284,-1.0857705,-1.1043254999999998,-1.1025299,-1.0720038,-1.0708067,-1.043872,-1.0534488000000002,-1.0402806,-1.074398,-1.0534488000000002,-1.0259154000000001,4
-1.1683705,-1.1701661,-1.1689690000000001,-1.1420341999999999,-1.1174936000000002,-1.1444284,-1.1372458,-1.1390414,-1.1145009,-1.1420341999999999,-1.1043254999999998,-1.0977415000000001,-1.1121067,-1.1031284,-1.0857705,-1.1043254999999998,-1.1025299,-1.0720038,-1.0708067,-1.043872,-1.0534488000000002,-1.0402806,-1.074398,-1.0534488000000002,-1.0259154000000001,-1.0235212,-1.0079589,-1.0127473,-1.0247183000000002,-1.0330979999999998,-1.0073603000000002,-1.0211270000000001,-1.0414777,-1.0444705,-1.0259154000000001,-0.9876082,-1.0223241,-0.9983820999999999,-1.0319009,-0.98222125,-0.9708488000000001,-0.9732430000000001,-0.95468795,-0.96665895,-0.98222125,-0.9528923,-0.97743285,-0.96546185,-0.9391255999999999,-0.93373865,4
-1.0235212,-1.0079589,-1.0127473,-1.0247183000000002,-1.0330979999999998,-1.0073603000000002,-1.0211270000000001,-1.0414777,-1.0444705,-1.0259154000000001,-0.9876082,-1.0223241,-0.9983820999999999,-1.0319009,-0.98222125,-0.9708488000000001,-0.9732430000000001,-0.95468795,-0.96665895,-0.98222125,-0.9528923,-0.97743285,-0.96546185,-0.9391255999999999,-0.93373865,-0.9307459000000001,-0.93014735,-0.89782566,-0.9211690999999999,-0.9540894,-0.92296475,-0.9175778,-0.89662856,-0.91458505,-0.90859956,-0.92655605,-0.91219085,-0.90620536,-0.91099375,-0.9175778,-0.90859956,-0.8810662,-0.91578215,-0.8750806999999999,-0.8487445,-0.88645315,-0.87567925,-0.8798690999999998,-0.87089086,-0.8619126,4
-0.9307459000000001,-0.93014735,-0.89782566,-0.9211690999999999,-0.9540894,-0.92296475,-0.9175778,-0.89662856,-0.91458505,-0.90859956,-0.92655605,-0.91219085,-0.90620536,-0.91099375,-0.9175778,-0.90859956,-0.8810662,-0.91578215,-0.8750806999999999,-0.8487445,-0.88645315,-0.87567925,-0.8798690999999998,-0.87089086,-0.8619126,-0.86729956,-0.8690952,-0.8547299999999999,-0.86610246,-0.87089086,-0.86610246,-0.84934306,-0.8559271,-0.87328506,-0.86610246,-0.91099375,-0.91219085,-0.90021986,-0.8810662,-0.89064306,-0.89782566,-0.93732995,-0.9636662,-0.99898064,-0.9498995000000001,-0.97743285,-0.98820674,-1.0151415000000001,-0.97743285,-0.97264445,4
-0.86729956,-0.8690952,-0.8547299999999999,-0.86610246,-0.87089086,-0.86610246,-0.84934306,-0.8559271,-0.87328506,-0.86610246,-0.91099375,-0.91219085,-0.90021986,-0.8810662,-0.89064306,-0.89782566,-0.93732995,-0.9636662,-0.99898064,-0.9498995000000001,-0.97743285,-0.98820674,-1.0151415000000001,-0.97743285,-0.97264445,-0.9923966000000001,-0.98102415,-0.99299514,-1.0247183000000002,-1.0103531,-1.0516531,-1.055843,-1.073201,-1.0684125,-1.074398,-1.1019313,-1.0767921999999999,-1.073201,-1.0564415,-1.0965444,-1.0773908,-1.0648212,-1.0935516,-1.1492168,-1.1378443,-1.0989386,-1.1085154,-1.1180921999999998,-1.1563994,-1.1755531000000001,4
-0.9923966000000001,-0.98102415,-0.99299514,-1.0247183000000002,-1.0103531,-1.0516531,-1.055843,-1.073201,-1.0684125,-1.074398,-1.1019313,-1.0767921999999999,-1.073201,-1.0564415,-1.0965444,-1.0773908,-1.0648212,-1.0935516,-1.1492168,-1.1378443,-1.0989386,-1.1085154,-1.1180921999999998,-1.1563994,-1.1755531000000001,-1.1468226000000001,-1.1504139,-1.1390414,-1.1575965,-1.1773487,-1.1522094999999999,-1.1982979999999999,-1.1959038,-1.1791444,-1.1875241,-1.1845313,-1.2036848999999998,-1.1976993999999999,-1.2036848999999998,-1.2348095,-1.2234371000000002,-1.2030864,-1.2258313,-1.2096704,-1.2096704,-1.2234371000000002,-1.1994951,-1.1641805,-1.174356,-1.1917138999999999,4
-1.1468226000000001,-1.1504139,-1.1390414,-1.1575965,-1.1773487,-1.1522094999999999,-1.1982979999999999,-1.1959038,-1.1791444,-1.1875241,-1.1845313,-1.2036848999999998,-1.1976993999999999,-1.2036848999999998,-1.2348095,-1.2234371000000002,-1.2030864,-1.2258313,-1.2096704,-1.2096704,-1.2234371000000002,-1.1994951,-1.1641805,-1.174356,-1.1917138999999999,-1.1438298,-1.1252748,-1.1384428999999998,-1.1516110000000002,-1.1659763,-1.1839328000000002,-1.1629834,-1.1444284,-1.1246762,-1.13964,-1.1294646000000002,-1.1139023000000001,-1.110311,-1.0875661,-1.1198878,-1.0821792,-1.0869676000000001,-1.0737995,-1.1007341999999998,-1.0528502,-1.0749966,-1.0690111,-1.0654198000000001,-1.0420763000000002,-1.0498575,4
-1.1438298,-1.1252748,-1.1384428999999998,-1.1516110000000002,-1.1659763,-1.1839328000000002,-1.1629834,-1.1444284,-1.1246762,-1.13964,-1.1294646000000002,-1.1139023000000001,-1.110311,-1.0875661,-1.1198878,-1.0821792,-1.0869676000000001,-1.0737995,-1.1007341999999998,-1.0528502,-1.0749966,-1.0690111,-1.0654198000000001,-1.0420763000000002,-1.0498575,-1.073201,-1.0534488000000002,-1.0330979999999998,-1.0205284,-1.0271125,-1.0600328,-1.0444705,-1.0145429,-1.0151415000000001,-1.0247183000000002,-1.0540473,-1.0570401000000003,-1.049259,-1.0247183000000002,-0.9995792,-1.0049661,-1.0247183000000002,-1.0097545,-0.9935937,-0.9876082,-0.97862995,-0.9828198,-0.97623575,-0.97264445,-1.0115502,4
-1.073201,-1.0534488000000002,-1.0330979999999998,-1.0205284,-1.0271125,-1.0600328,-1.0444705,-1.0145429,-1.0151415000000001,-1.0247183000000002,-1.0540473,-1.0570401000000003,-1.049259,-1.0247183000000002,-0.9995792,-1.0049661,-1.0247183000000002,-1.0097545,-0.9935937,-0.9876082,-0.97862995,-0.9828198,-0.97623575,-0.97264445,-1.0115502,-1.002572,-0.99419224,-0.96426475,-0.95947635,-0.97384155,-0.9804255999999999,-0.9564835999999999,-0.9487024,-0.9295488000000001,-0.88765025,-0.94092125,-0.9487024,-0.9648633,-0.93134445,-0.9295488000000001,-0.9463082,-0.9439139999999999,-0.95468795,-0.93014735,-0.91458505,-0.8984242,-0.9307459000000001,-0.9187749,-0.8888474000000001,-0.9247603999999999,4
-1.002572,-0.99419224,-0.96426475,-0.95947635,-0.97384155,-0.9804255999999999,-0.9564835999999999,-0.9487024,-0.9295488000000001,-0.88765025,-0.94092125,-0.9487024,-0.9648633,-0.93134445,-0.9295488000000001,-0.9463082,-0.9439139999999999,-0.95468795,-0.93014735,-0.91458505,-0.8984242,-0.9307459000000001,-0.9187749,-0.8888474000000001,-0.9247603999999999,-0.88405895,-0.8690952,-0.8984242,-0.8972271,-0.9271546,-0.9139864999999999,-0.90859956,-0.90021986,-0.89543146,-0.89184016,-0.8858546,-0.8984242,-0.89064306,-0.8858546,-0.88765025,-0.8924386999999999,-0.96187055,-0.9768343,-0.9540894,-0.9564835999999999,-0.9487024,-0.9672575000000001,-1.0061632,-1.0067618,-1.0235212,4
-0.88405895,-0.8690952,-0.8984242,-0.8972271,-0.9271546,-0.9139864999999999,-0.90859956,-0.90021986,-0.89543146,-0.89184016,-0.8858546,-0.8984242,-0.89064306,-0.8858546,-0.88765025,-0.8924386999999999,-0.96187055,-0.9768343,-0.9540894,-0.9564835999999999,-0.9487024,-0.9672575000000001,-1.0061632,-1.0067618,-1.0235212,-0.9995792,-0.9995792,-1.0013748,-1.0235212,-1.0193313,-1.0163386,-1.0468647,-1.0594343000000002,-1.0564415,-1.074398,-1.0636241000000002,-1.0821792,-1.0767921999999999,-1.1097125,-1.1031284,-1.1067197,-1.1216834999999998,-1.127669,-1.1246762,-1.1228806,-1.1097125,-1.1192893,-1.1881226,-1.1881226,-1.158195,4
-0.9995792,-0.9995792,-1.0013748,-1.0235212,-1.0193313,-1.0163386,-1.0468647,-1.0594343000000002,-1.0564415,-1.074398,-1.0636241000000002,-1.0821792,-1.0767921999999999,-1.1097125,-1.1031284,-1.1067197,-1.1216834999999998,-1.127669,-1.1246762,-1.1228806,-1.1097125,-1.1192893,-1.1881226,-1.1881226,-1.158195,-1.1516110000000002,-1.1617863000000002,-1.1875241,-1.2096704,-1.2024878,-1.1965023000000001,-1.1863270000000001,-1.1899183,-1.2384008,-1.2336124,-1.2066777,-1.2180501,-1.228824,-1.2354081000000001,-1.2372037,-1.2695253999999998,-1.2563573000000001,-1.2174516000000002,-1.2348095,-1.2485761999999998,-1.2665327,-1.2467805,-1.2240356000000001,-1.2413936,-1.2078748,4
-1.1516110000000002,-1.1617863000000002,-1.1875241,-1.2096704,-1.2024878,-1.1965023000000001,-1.1863270000000001,-1.1899183,-1.2384008,-1.2336124,-1.2066777,-1.2180501,-1.228824,-1.2354081000000001,-1.2372037,-1.2695253999999998,-1.2563573000000001,-1.2174516000000002,-1.2348095,-1.2485761999999998,-1.2665327,-1.2467805,-1.2240356000000001,-1.2413936,-1.2078748,-1.1887212,-1.1863270000000001,-1.2443863000000002,-1.2378023,-1.1959038,-1.1731589,-1.1923125,-1.2084733,-1.2216414,-1.2006921999999998,-1.1857284,-1.1767502,-1.163582,-1.1492168,-1.1366472,-1.1192893,-1.1378443,-1.1174936000000002,-1.146224,-1.1067197,-1.1270704,-1.1240777,-1.1234791000000002,-1.0941502,-1.1043254999999998,4
-1.1887212,-1.1863270000000001,-1.2443863000000002,-1.2378023,-1.1959038,-1.1731589,-1.1923125,-1.2084733,-1.2216414,-1.2006921999999998,-1.1857284,-1.1767502,-1.163582,-1.1492168,-1.1366472,-1.1192893,-1.1378443,-1.1174936000000002,-1.146224,-1.1067197,-1.1270704,-1.1240777,-1.1234791000000002,-1.0941502,-1.1043254999999998,-1.0779893,-1.0827777,-1.073201,-1.0564415,-1.0630256,-1.027711,-1.0115502,-1.0372878,-1.0534488000000002,-1.0552443999999999,-0.9947908000000001,-0.9900024,-1.0157399999999999,-1.0121487,-1.0360907,-1.0145429,-0.9888053,-0.9876082,-0.99538934,-1.0049661,-0.9744401,-0.99060094,-0.9744401,-0.9708488000000001,-0.96067345,4
-1.0779893,-1.0827777,-1.073201,-1.0564415,-1.0630256,-1.027711,-1.0115502,-1.0372878,-1.0534488000000002,-1.0552443999999999,-0.9947908000000001,-0.9900024,-1.0157399999999999,-1.0121487,-1.0360907,-1.0145429,-0.9888053,-0.9876082,-0.99538934,-1.0049661,-0.9744401,-0.99060094,-0.9744401,-0.9708488000000001,-0.96067345,-0.96546185,-0.97144735,-0.9307459000000001,-0.9463082,-0.9600749,-0.92535895,-0.93852705,-0.93014735,-0.93613285,-0.91338795,-0.9391255999999999,-0.9163806999999999,-0.9151836,-0.8912416,-0.93254155,-0.9175778,-0.90021986,-0.8870517,-0.90381116,-0.89662856,-0.8984242,-0.91338795,-0.9151836,-0.9020155000000001,-0.86849666,4
-0.96546185,-0.97144735,-0.9307459000000001,-0.9463082,-0.9600749,-0.92535895,-0.93852705,-0.93014735,-0.93613285,-0.91338795,-0.9391255999999999,-0.9163806999999999,-0.9151836,-0.8912416,-0.93254155,-0.9175778,-0.90021986,-0.8870517,-0.90381116,-0.89662856,-0.8984242,-0.91338795,-0.9151836,-0.9020155000000001,-0.86849666,-0.8870517,-0.8631097,-0.8655039000000001,-0.87208796,-0.8379706,-0.83976626,-0.85173726,-0.8559271,-0.842759,-0.83258367,-0.8487445,-0.83378077,-0.8343792999999999,-0.81761986,-0.8295909,-0.81761986,-0.7787141,-0.7906850999999999,-0.8379706,-0.83617496,-0.8265981,-0.9044097,-0.85532856,-0.8403648000000001,-0.8583213,4
-0.8870517,-0.8631097,-0.8655039000000001,-0.87208796,-0.8379706,-0.83976626,-0.85173726,-0.8559271,-0.842759,-0.83258367,-0.8487445,-0.83378077,-0.8343792999999999,-0.81761986,-0.8295909,-0.81761986,-0.7787141,-0.7906850999999999,-0.8379706,-0.83617496,-0.8265981,-0.9044097,-0.85532856,-0.8403648000000001,-0.8583213,-0.8391677,-0.8858546,-0.90859956,-0.91697925,-0.9080010000000001,-0.9044097,-0.90979666,-0.9295488000000001,-0.91817635,-0.9271546,-0.9504981,-0.97144735,-0.9816226999999998,-0.9463082,-0.99419224,-0.99778354,-1.0324994,-0.9995792,-1.0139444,-1.0127473,-1.0456676,-1.0654198000000001,-1.0480618,-1.0498575,-1.0630256,4
-0.8391677,-0.8858546,-0.90859956,-0.91697925,-0.9080010000000001,-0.9044097,-0.90979666,-0.9295488000000001,-0.91817635,-0.9271546,-0.9504981,-0.97144735,-0.9816226999999998,-0.9463082,-0.99419224,-0.99778354,-1.0324994,-0.9995792,-1.0139444,-1.0127473,-1.0456676,-1.0654198000000001,-1.0480618,-1.0498575,-1.0630256,-1.0606314,-1.0564415,-1.0636241000000002,-1.1192893,-1.1019313,-1.0947487,-1.0929531000000001,-1.1121067,-1.1593921,-1.1629834,-1.1677719,-1.1516110000000002,-1.1366472,-1.158195,-1.1522094999999999,-1.1629834,-1.1719618,-1.1689690000000001,-1.1791444,-1.2240356000000001,-1.1797429,-1.2186487,-1.2108675,-1.2270284,-1.210269,4
-1.0606314,-1.0564415,-1.0636241000000002,-1.1192893,-1.1019313,-1.0947487,-1.0929531000000001,-1.1121067,-1.1593921,-1.1629834,-1.1677719,-1.1516110000000002,-1.1366472,-1.158195,-1.1522094999999999,-1.1629834,-1.1719618,-1.1689690000000001,-1.1791444,-1.2240356000000001,-1.1797429,-1.2186487,-1.2108675,-1.2270284,-1.210269,-1.2018893,-1.2096704,-1.2138603000000001,-1.1953052,-1.1821371,-1.2000936000000002,-1.1821371,-1.1713632,-1.1761516,-1.2330139,-1.1641805,-1.1264718999999999,-1.1701661,-1.1528081000000001,-1.1528081000000001,-1.1653777,-1.1546037,-1.1414356,-1.1174936000000002,-1.1336545,-1.1079168,-1.0899603,-1.074398,-1.0791864,-1.0576386,4
-1.2018893,-1.2096704,-1.2138603000000001,-1.1953052,-1.1821371,-1.2000936000000002,-1.1821371,-1.1713632,-1.1761516,-1.2330139,-1.1641805,-1.1264718999999999,-1.1701661,-1.1528081000000001,-1.1528081000000001,-1.1653777,-1.1546037,-1.1414356,-1.1174936000000002,-1.1336545,-1.1079168,-1.0899603,-1.074398,-1.0791864,-1.0576386,-1.0726023999999998,-1.0833763,-1.0773908,-1.0630256,-1.0540473,-1.0384849,-1.0450690999999999,-1.027711,-1.0378863999999999,-1.0235212,-1.0115502,-1.0151415000000001,-0.9744401,-0.9792285,-0.9947908000000001,-1.0205284,-0.99060094,-0.96426475,-0.9624690999999999,-0.95708215,-0.97144735,-0.97862995,-0.99179804,-0.95468795,-0.94690675,4
-1.0726023999999998,-1.0833763,-1.0773908,-1.0630256,-1.0540473,-1.0384849,-1.0450690999999999,-1.027711,-1.0378863999999999,-1.0235212,-1.0115502,-1.0151415000000001,-0.9744401,-0.9792285,-0.9947908000000001,-1.0205284,-0.99060094,-0.96426475,-0.9624690999999999,-0.95708215,-0.97144735,-0.97862995,-0.99179804,-0.95468795,-0.94690675,-0.9343372,-0.9439139999999999,-0.9331401,-0.9307459000000001,-0.9415198,-0.9283517,-0.9295488000000001,-0.9127894,-0.91099375,-0.9331401,-0.9307459000000001,-0.9355343,-0.90141696,-0.91099375,-0.92416185,-0.9008184000000001,-0.9080010000000001,-0.89662856,-0.89064306,-0.9044097,-0.87328506,-0.89064306,-0.9056068000000002,-0.8870517,-0.866701,4
-0.9343372,-0.9439139999999999,-0.9331401,-0.9307459000000001,-0.9415198,-0.9283517,-0.9295488000000001,-0.9127894,-0.91099375,-0.9331401,-0.9307459000000001,-0.9355343,-0.90141696,-0.91099375,-0.92416185,-0.9008184000000001,-0.9080010000000001,-0.89662856,-0.89064306,-0.9044097,-0.87328506,-0.89064306,-0.9056068000000002,-0.8870517,-0.866701,-0.85532856,-0.88046765,-0.8714894,-0.87567925,-0.8750806999999999,-0.86729956,-0.8511386999999999,-0.8822633,-0.86969376,-0.83497787,-0.8559271,-0.8379706,-0.83856916,-0.81881696,-0.82001406,-0.7942764,-0.81163436,-0.83138657,-0.8331822,-0.8074445,-0.84335756,-0.81881696,-0.82599956,-0.7918821999999999,-0.79846627,4
-0.85532856,-0.88046765,-0.8714894,-0.87567925,-0.8750806999999999,-0.86729956,-0.8511386999999999,-0.8822633,-0.86969376,-0.83497787,-0.8559271,-0.8379706,-0.83856916,-0.81881696,-0.82001406,-0.7942764,-0.81163436,-0.83138657,-0.8331822,-0.8074445,-0.84335756,-0.81881696,-0.82599956,-0.7918821999999999,-0.79846627,-0.79726917,-0.8218097,-0.8110358,-0.89064306,-0.87089086,-0.81343,-0.85293436,-0.87807345,-0.89902276,-0.94451255,-0.9672575000000001,-0.90979666,-0.91817635,-0.93613285,-0.9415198,-0.9379284999999999,-0.94211835,-0.9600749,-0.9780314,-0.9816226999999998,-0.9959879,-1.0133458,-1.0145429,-1.0103531,-1.0193313,4
-0.79726917,-0.8218097,-0.8110358,-0.89064306,-0.87089086,-0.81343,-0.85293436,-0.87807345,-0.89902276,-0.94451255,-0.9672575000000001,-0.90979666,-0.91817635,-0.93613285,-0.9415198,-0.9379284999999999,-0.94211835,-0.9600749,-0.9780314,-0.9816226999999998,-0.9959879,-1.0133458,-1.0145429,-1.0103531,-1.0193313,-1.0360907,-1.0295067,-1.0378863999999999,-1.0618285,-1.0564415,-1.0606314,-1.0779893,-1.0726023999999998,-1.0791864,-1.0983399999999999,-1.1522094999999999,-1.0953473,-1.0887632,-1.1073183000000002,-1.122282,-1.1611878,-1.1695676000000002,-1.1336545,-1.1540052,-1.1611878,-1.1677719,-1.1833341999999998,-1.1887212,-1.2024878,-1.1803415000000002,4
-1.0360907,-1.0295067,-1.0378863999999999,-1.0618285,-1.0564415,-1.0606314,-1.0779893,-1.0726023999999998,-1.0791864,-1.0983399999999999,-1.1522094999999999,-1.0953473,-1.0887632,-1.1073183000000002,-1.122282,-1.1611878,-1.1695676000000002,-1.1336545,-1.1540052,-1.1611878,-1.1677719,-1.1833341999999998,-1.1887212,-1.2024878,-1.1803415000000002,-1.1917138999999999,-1.2000936000000002,-1.2144588,-1.2473791,-1.2006921999999998,-1.2228385,-1.2138603000000001,-1.1982979999999999,-1.2156559,-1.2306197,-1.1947067,-1.2018893,-1.2144588,-1.1731589,-1.1611878,-1.2042834999999998,-1.1988965,-1.1791444,-1.1312603,-1.1294646000000002,-1.1468226000000001,-1.1755531000000001,-1.1857284,-1.163582,-1.1312603,4
-1.1917138999999999,-1.2000936000000002,-1.2144588,-1.2473791,-1.2006921999999998,-1.2228385,-1.2138603000000001,-1.1982979999999999,-1.2156559,-1.2306197,-1.1947067,-1.2018893,-1.2144588,-1.1731589,-1.1611878,-1.2042834999999998,-1.1988965,-1.1791444,-1.1312603,-1.1294646000000002,-1.1468226000000001,-1.1755531000000001,-1.1857284,-1.163582,-1.1312603,-1.1264718999999999,-1.1079168,-1.1025299,-1.1073183000000002,-1.0821792,-1.0935516,-1.0785878999999998,-1.073201,-1.0648212,-1.0546459,-1.0540473,-1.0378863999999999,-1.0516531,-1.0175357,-1.0151415000000001,-1.039682,-1.0319009,-1.0085574000000002,-0.9900024,-0.98940384,-0.9768343,-0.9672575000000001,-1.0265139,-0.99179804,-0.94810385,4
-1.1264718999999999,-1.1079168,-1.1025299,-1.1073183000000002,-1.0821792,-1.0935516,-1.0785878999999998,-1.073201,-1.0648212,-1.0546459,-1.0540473,-1.0378863999999999,-1.0516531,-1.0175357,-1.0151415000000001,-1.039682,-1.0319009,-1.0085574000000002,-0.9900024,-0.98940384,-0.9768343,-0.9672575000000001,-1.0265139,-0.99179804,-0.94810385,-0.9636662,-0.9732430000000001,-0.99419224,-1.0139444,-0.99898064,-0.94211835,-0.9199719999999999,-0.90620536,-0.95588505,-0.9127894,-0.90261406,-0.9211690999999999,-0.88645315,-0.89303726,-0.89184016,-0.90740246,-0.90620536,-0.89423436,-0.8924386999999999,-0.8738836,-0.87328506,-0.88525605,-0.8690952,-0.8619126,-0.8194155000000001,4
-0.9636662,-0.9732430000000001,-0.99419224,-1.0139444,-0.99898064,-0.94211835,-0.9199719999999999,-0.90620536,-0.95588505,-0.9127894,-0.90261406,-0.9211690999999999,-0.88645315,-0.89303726,-0.89184016,-0.90740246,-0.90620536,-0.89423436,-0.8924386999999999,-0.8738836,-0.87328506,-0.88525605,-0.8690952,-0.8619126,-0.8194155000000001,-0.8026561,-0.82121116,-0.8242039000000001,-0.86849666,-0.85532856,-0.81522566,-0.8415619000000001,-0.8265981,-0.85054016,-0.85054016,-0.8230068000000001,-0.84694886,-0.8463503000000001,-0.84575176,-0.8499416,-0.8146270999999999,-0.81881696,-0.80684596,-0.8295909,-0.83976626,-0.83018947,-0.8475474000000001,-0.8571242,-0.86370826,-0.8523358,4
-0.8026561,-0.82121116,-0.8242039000000001,-0.86849666,-0.85532856,-0.81522566,-0.8415619000000001,-0.8265981,-0.85054016,-0.85054016,-0.8230068000000001,-0.84694886,-0.8463503000000001,-0.84575176,-0.8499416,-0.8146270999999999,-0.81881696,-0.80684596,-0.8295909,-0.83976626,-0.83018947,-0.8475474000000001,-0.8571242,-0.86370826,-0.8523358,-0.8738836,-0.8726865,-0.8631097,-0.8643068000000002,-0.8451531999999999,-0.8559271,-0.8535328999999999,-0.8643068000000002,-0.84814596,-0.9271546,-0.86251116,-0.81522566,-0.8439561,-0.8607155000000001,-0.85173726,-0.8655039000000001,-0.8738836,-0.8439561,-0.84216046,-0.8511386999999999,-0.86131406,-0.8619126,-0.84694886,-0.8439561,-0.84216046,4
-0.8738836,-0.8726865,-0.8631097,-0.8643068000000002,-0.8451531999999999,-0.8559271,-0.8535328999999999,-0.8643068000000002,-0.84814596,-0.9271546,-0.86251116,-0.81522566,-0.8439561,-0.8607155000000001,-0.85173726,-0.8655039000000001,-0.8738836,-0.8439561,-0.84216046,-0.8511386999999999,-0.86131406,-0.8619126,-0.84694886,-0.8439561,-0.84216046,-0.8367735000000001,-0.84455466,-0.84814596,-0.87448215,-0.87089086,-0.88046765,-0.88166475,-0.8846575000000001,-0.8882488000000002,-0.8972271,-0.89423436,-0.9008184000000001,-0.88286185,-0.8702923,-0.9427169,-0.92655605,-0.90979666,-0.9259575000000001,-0.95588505,-0.97623575,-0.9780314,-0.9684546,-1.0109516,-0.99778354,-0.9804255999999999,4
-0.8367735000000001,-0.84455466,-0.84814596,-0.87448215,-0.87089086,-0.88046765,-0.88166475,-0.8846575000000001,-0.8882488000000002,-0.8972271,-0.89423436,-0.9008184000000001,-0.88286185,-0.8702923,-0.9427169,-0.92655605,-0.90979666,-0.9259575000000001,-0.95588505,-0.97623575,-0.9780314,-0.9684546,-1.0109516,-0.99778354,-0.9804255999999999,-1.0049661,-1.0205284,-0.98102415,-1.0043676,-1.0037690000000001,-1.0133458,-1.0402806,-1.0444705,-1.0480618,-1.0636241000000002,-1.0714053,-1.0720038,-1.0791864,-1.0666169,-1.1097125,-1.122282,-1.0899603,-1.073201,-1.1372458,-1.1420341999999999,-1.1270704,-1.1575965,-1.1707646999999999,-1.1540052,-1.1959038,4
-1.0049661,-1.0205284,-0.98102415,-1.0043676,-1.0037690000000001,-1.0133458,-1.0402806,-1.0444705,-1.0480618,-1.0636241000000002,-1.0714053,-1.0720038,-1.0791864,-1.0666169,-1.1097125,-1.122282,-1.0899603,-1.073201,-1.1372458,-1.1420341999999999,-1.1270704,-1.1575965,-1.1707646999999999,-1.1540052,-1.1959038,-1.2234371000000002,-1.2006921999999998,-1.1809399999999999,-1.1671733999999998,-1.2234371000000002,-1.2126632,-1.1976993999999999,-1.2348095,-1.2276268999999997,-1.2443863000000002,-1.2264298,-1.2228385,-1.2479776000000002,-1.2587515,-1.2246342,-1.2174516000000002,-1.2030864,-1.2150573999999998,-1.2216414,-1.1857284,-1.1749545,-1.1623849,-1.1994951,-1.1695676000000002,-1.1480197,4
-1.2234371000000002,-1.2006921999999998,-1.1809399999999999,-1.1671733999999998,-1.2234371000000002,-1.2126632,-1.1976993999999999,-1.2348095,-1.2276268999999997,-1.2443863000000002,-1.2264298,-1.2228385,-1.2479776000000002,-1.2587515,-1.2246342,-1.2174516000000002,-1.2030864,-1.2150573999999998,-1.2216414,-1.1857284,-1.1749545,-1.1623849,-1.1994951,-1.1695676000000002,-1.1480197,-1.1420341999999999,-1.1390414,-1.1575965,-1.1540052,-1.1414356,-1.1133038,-1.0977415000000001,-1.0857705,-1.1127052,-1.0941502,-1.0702082,-1.067814,-1.0534488000000002,-1.0636241000000002,-1.0630256,-1.0654198000000001,-1.0516531,-1.0372878,-1.0319009,-1.0217254999999998,-1.0283096,-1.0085574000000002,-1.0271125,-0.99179804,-0.9888053,4
-1.1420341999999999,-1.1390414,-1.1575965,-1.1540052,-1.1414356,-1.1133038,-1.0977415000000001,-1.0857705,-1.1127052,-1.0941502,-1.0702082,-1.067814,-1.0534488000000002,-1.0636241000000002,-1.0630256,-1.0654198000000001,-1.0516531,-1.0372878,-1.0319009,-1.0217254999999998,-1.0283096,-1.0085574000000002,-1.0271125,-0.99179804,-0.9888053,-0.97503865,-0.9888053,-1.0175357,-0.98820674,-0.97144735,-0.97982705,-0.9684546,-0.9768343,-0.9888053,-0.95109665,-0.93254155,-0.9498995000000001,-0.9427169,-0.94092125,-0.9127894,-0.93852705,-0.93014735,-0.90740246,-0.8900445,-0.8972271,-0.8774749,-0.9020155000000001,-0.88944596,-0.85891986,-0.87328506,4
-0.97503865,-0.9888053,-1.0175357,-0.98820674,-0.97144735,-0.97982705,-0.9684546,-0.9768343,-0.9888053,-0.95109665,-0.93254155,-0.9498995000000001,-0.9427169,-0.94092125,-0.9127894,-0.93852705,-0.93014735,-0.90740246,-0.8900445,-0.8972271,-0.8774749,-0.9020155000000001,-0.88944596,-0.85891986,-0.87328506,-0.87448215,-0.84575176,-0.8762778,-0.84814596,-0.8295909,-0.8242039000000001,-0.8098387,-0.86131406,-0.83856916,-0.82599956,-0.80086046,-0.8086416000000001,-0.8295909,-0.8451531999999999,-0.81881696,-0.830788,-0.8146270999999999,-0.81163436,-0.8062474000000001,-0.79846627,-0.8122329,-0.78769237,-0.7739256999999999,-0.7846996,-0.78170687,4
-0.87448215,-0.84575176,-0.8762778,-0.84814596,-0.8295909,-0.8242039000000001,-0.8098387,-0.86131406,-0.83856916,-0.82599956,-0.80086046,-0.8086416000000001,-0.8295909,-0.8451531999999999,-0.81881696,-0.830788,-0.8146270999999999,-0.81163436,-0.8062474000000001,-0.79846627,-0.8122329,-0.78769237,-0.7739256999999999,-0.7846996,-0.78170687,-0.7667431,-0.7589619000000001,-0.7721300999999999,-0.78888947,-0.75118077,-0.7404069000000001,-0.75357497,-0.76554596,-0.74399817,-0.7356185000000001,-0.7541734999999999,-0.7697359,-0.7906850999999999,-0.83737206,-0.80325466,-0.80445176,-0.8218097,-0.82899237,-0.8571242,-0.89543146,-0.87687635,-0.8583213,-0.8643068000000002,-0.85652566,-0.89423436,4
-0.7667431,-0.7589619000000001,-0.7721300999999999,-0.78888947,-0.75118077,-0.7404069000000001,-0.75357497,-0.76554596,-0.74399817,-0.7356185000000001,-0.7541734999999999,-0.7697359,-0.7906850999999999,-0.83737206,-0.80325466,-0.80445176,-0.8218097,-0.82899237,-0.8571242,-0.89543146,-0.87687635,-0.8583213,-0.8643068000000002,-0.85652566,-0.89423436,-0.8870517,-0.89902276,-0.9091981,-0.9331401,-0.91817635,-0.9528923,-0.9439139999999999,-0.96546185,-0.9576806999999999,-0.96785605,-0.9744401,-0.9636662,-1.0061632,-1.0163386,-1.0169370999999998,-0.98341835,-1.0229226,-1.0259154000000001,-1.0121487,-1.0354922,-1.0953473,-1.062427,-1.074398,-1.1043254999999998,-1.0857705,4
-0.8870517,-0.89902276,-0.9091981,-0.9331401,-0.91817635,-0.9528923,-0.9439139999999999,-0.96546185,-0.9576806999999999,-0.96785605,-0.9744401,-0.9636662,-1.0061632,-1.0163386,-1.0169370999999998,-0.98341835,-1.0229226,-1.0259154000000001,-1.0121487,-1.0354922,-1.0953473,-1.062427,-1.074398,-1.1043254999999998,-1.0857705,-1.1115081,-1.1378443,-1.1312603,-1.1384428999999998,-1.1115081,-1.1426326999999998,-1.1450268999999997,-1.1240777,-1.1456255,-1.1623849,-1.1671733999999998,-1.1779473,-1.2174516000000002,-1.2132617,-1.2156559,-1.2012907,-1.2114661,-1.216853,-1.2378023,-1.2330139,-1.2108675,-1.2090718999999999,-1.2144588,-1.2126632,-1.1803415000000002,4
-1.1115081,-1.1378443,-1.1312603,-1.1384428999999998,-1.1115081,-1.1426326999999998,-1.1450268999999997,-1.1240777,-1.1456255,-1.1623849,-1.1671733999999998,-1.1779473,-1.2174516000000002,-1.2132617,-1.2156559,-1.2012907,-1.2114661,-1.216853,-1.2378023,-1.2330139,-1.2108675,-1.2090718999999999,-1.2144588,-1.2126632,-1.1803415000000002,-1.2264298,-1.2473791,-1.1731589,-1.1731589,-1.1821371,-1.1959038,-1.1982979999999999,-1.1965023000000001,-1.1719618,-1.1510124,-1.1450268999999997,-1.1378443,-1.13964,-1.1468226000000001,-1.127669,-1.1360487,-1.1091138999999999,-1.1091138999999999,-1.1210848999999998,-1.1115081,-1.0755951000000001,-1.0755951000000001,-1.0821792,-1.0672153999999998,-1.050456,4
-1.2264298,-1.2473791,-1.1731589,-1.1731589,-1.1821371,-1.1959038,-1.1982979999999999,-1.1965023000000001,-1.1719618,-1.1510124,-1.1450268999999997,-1.1378443,-1.13964,-1.1468226000000001,-1.127669,-1.1360487,-1.1091138999999999,-1.1091138999999999,-1.1210848999999998,-1.1115081,-1.0755951000000001,-1.0755951000000001,-1.0821792,-1.0672153999999998,-1.050456,-1.0618285,-1.0642227,-1.0486604,-1.0390834999999998,-1.0103531,-0.9852139999999999,-1.0193313,-1.0133458,-0.9888053,-0.99060094,-0.97503865,-0.99898064,-1.0193313,-0.98581254,-0.9355343,-0.95229375,-0.95349085,-0.9504981,-0.92775315,-0.9199719999999999,-0.9331401,-0.92775315,-0.9295488000000001,-0.92296475,-0.9103952,4
-1.0618285,-1.0642227,-1.0486604,-1.0390834999999998,-1.0103531,-0.9852139999999999,-1.0193313,-1.0133458,-0.9888053,-0.99060094,-0.97503865,-0.99898064,-1.0193313,-0.98581254,-0.9355343,-0.95229375,-0.95349085,-0.9504981,-0.92775315,-0.9199719999999999,-0.9331401,-0.92775315,-0.9295488000000001,-0.92296475,-0.9103952,-0.9211690999999999,-0.91099375,-0.90979666,-0.8900445,-0.8870517,-0.90859956,-0.8870517,-0.87567925,-0.8960299999999999,-0.8678981,-0.8690952,-0.83856916,-0.88944596,-0.8960299999999999,-0.8714894,-0.83737206,-0.8463503000000001,-0.86251116,-0.86131406,-0.86490536,-0.84694886,-0.8331822,-0.82001406,-0.8343792999999999,-0.82719666,4
-0.9211690999999999,-0.91099375,-0.90979666,-0.8900445,-0.8870517,-0.90859956,-0.8870517,-0.87567925,-0.8960299999999999,-0.8678981,-0.8690952,-0.83856916,-0.88944596,-0.8960299999999999,-0.8714894,-0.83737206,-0.8463503000000001,-0.86251116,-0.86131406,-0.86490536,-0.84694886,-0.8331822,-0.82001406,-0.8343792999999999,-0.82719666,-0.8283938,-0.82779527,-0.79248077,-0.80445176,-0.79367787,-0.7751228,-0.7906850999999999,-0.82360536,-0.79367787,-0.79008657,-0.7649474,-0.7769185000000001,-0.80325466,-0.79966336,-0.79367787,-0.7679402,-0.7954735,-0.78529817,-0.79128367,-0.7858967,-0.8295909,-0.7733272,-0.7422025,-0.7679402,-0.81043726,4
-0.8283938,-0.82779527,-0.79248077,-0.80445176,-0.79367787,-0.7751228,-0.7906850999999999,-0.82360536,-0.79367787,-0.79008657,-0.7649474,-0.7769185000000001,-0.80325466,-0.79966336,-0.79367787,-0.7679402,-0.7954735,-0.78529817,-0.79128367,-0.7858967,-0.8295909,-0.7733272,-0.7422025,-0.7679402,-0.81043726,-0.82899237,-0.81642276,-0.80086046,-0.8074445,-0.8230068000000001,-0.8206126,-0.8535328999999999,-0.87328506,-0.8702923,-0.86969376,-0.8726865,-0.86969376,-0.87089086,-0.8996213,-0.90141696,-0.9211690999999999,-0.9475053,-0.93852705,-0.9259575000000001,-0.9804255999999999,-0.97862995,-0.94810385,-0.9600749,-0.96426475,-0.9600749,4
-0.82899237,-0.81642276,-0.80086046,-0.8074445,-0.8230068000000001,-0.8206126,-0.8535328999999999,-0.87328506,-0.8702923,-0.86969376,-0.8726865,-0.86969376,-0.87089086,-0.8996213,-0.90141696,-0.9211690999999999,-0.9475053,-0.93852705,-0.9259575000000001,-0.9804255999999999,-0.97862995,-0.94810385,-0.9600749,-0.96426475,-0.9600749,-0.96306765,-0.9876082,-1.0348936,-1.050456,-0.9947908000000001,-1.0163386,-1.0169370999999998,-1.0708067,-1.0755951000000001,-1.0989386,-1.0462662,-1.0869676000000001,-1.0929531000000001,-1.1031284,-1.0989386,-1.1079168,-1.1252748,-1.1156979999999999,-1.1270704,-1.1198878,-1.1330559,-1.1671733999999998,-1.1731589,-1.1941081,-1.1552023,4
-0.96306765,-0.9876082,-1.0348936,-1.050456,-0.9947908000000001,-1.0163386,-1.0169370999999998,-1.0708067,-1.0755951000000001,-1.0989386,-1.0462662,-1.0869676000000001,-1.0929531000000001,-1.1031284,-1.0989386,-1.1079168,-1.1252748,-1.1156979999999999,-1.1270704,-1.1198878,-1.1330559,-1.1671733999999998,-1.1731589,-1.1941081,-1.1552023,-1.1767502,-1.1851299,-1.192911,-1.192911,-1.1587936,-1.1755531000000001,-1.1713632,-1.13964,-1.1444284,-1.210269,-1.1701661,-1.1318588,-1.1659763,-1.1534066,-1.1139023000000001,-1.1683705,-1.1282675,-1.0815806000000001,-1.0845733999999998,-1.1073183000000002,-1.1228806,-1.1043254999999998,-1.0803835,-1.0767921999999999,-1.0672153999999998,4
-1.1767502,-1.1851299,-1.192911,-1.192911,-1.1587936,-1.1755531000000001,-1.1713632,-1.13964,-1.1444284,-1.210269,-1.1701661,-1.1318588,-1.1659763,-1.1534066,-1.1139023000000001,-1.1683705,-1.1282675,-1.0815806000000001,-1.0845733999999998,-1.1073183000000002,-1.1228806,-1.1043254999999998,-1.0803835,-1.0767921999999999,-1.0672153999999998,-1.0851719,-1.0588357,-1.06123,-1.0330979999999998,-1.0468647,-1.009156,-1.0139444,-1.0049661,-1.0271125,-1.0235212,-1.0061632,-0.99658644,-0.97623575,-0.98102415,-0.9911995000000001,-0.9672575000000001,-1.0019734,-0.9756372,-0.9415198,-0.9427169,-0.94570965,-0.96785605,-0.9780314,-0.9744401,-0.94570965,4
-1.0851719,-1.0588357,-1.06123,-1.0330979999999998,-1.0468647,-1.009156,-1.0139444,-1.0049661,-1.0271125,-1.0235212,-1.0061632,-0.99658644,-0.97623575,-0.98102415,-0.9911995000000001,-0.9672575000000001,-1.0019734,-0.9756372,-0.9415198,-0.9427169,-0.94570965,-0.96785605,-0.9780314,-0.9744401,-0.94570965,-0.9271546,-0.94690675,-0.93493575,-0.9020155000000001,-0.9068039000000001,-0.9235633,-0.87927055,-0.8948328999999999,-0.8798690999999998,-0.9127894,-0.90979666,-0.87927055,-0.87807345,-0.87807345,-0.88286185,-0.86849666,-0.8798690999999998,-0.86610246,-0.85173726,-0.84216046,-0.842759,-0.82779527,-0.84455466,-0.9056068000000002,-0.81761986,4
-0.9271546,-0.94690675,-0.93493575,-0.9020155000000001,-0.9068039000000001,-0.9235633,-0.87927055,-0.8948328999999999,-0.8798690999999998,-0.9127894,-0.90979666,-0.87927055,-0.87807345,-0.87807345,-0.88286185,-0.86849666,-0.8798690999999998,-0.86610246,-0.85173726,-0.84216046,-0.842759,-0.82779527,-0.84455466,-0.9056068000000002,-0.81761986,-0.8451531999999999,-0.80564886,-0.84335756,-0.85054016,-0.8463503000000001,-0.84934306,-0.81881696,-0.8415619000000001,-0.86490536,-0.8355764000000001,-0.8110358,-0.81343,-0.8026561,-0.81761986,-0.80564886,-0.79726917,-0.8038531999999999,-0.7870938000000001,-0.81043726,-0.81522566,-0.7745243,-0.777517,-0.7930793,-0.78529817,-0.7835025,4
-0.8451531999999999,-0.80564886,-0.84335756,-0.85054016,-0.8463503000000001,-0.84934306,-0.81881696,-0.8415619000000001,-0.86490536,-0.8355764000000001,-0.8110358,-0.81343,-0.8026561,-0.81761986,-0.80564886,-0.79726917,-0.8038531999999999,-0.7870938000000001,-0.81043726,-0.81522566,-0.7745243,-0.777517,-0.7930793,-0.78529817,-0.7835025,-0.7649474,-0.7721300999999999,-0.78410107,-0.7942764,-0.79607207,-0.84934306,-0.8511386999999999,-0.8074445,-0.82480246,-0.84455466,-0.87927055,-0.9211690999999999,-0.9271546,-0.88405895,-0.87448215,-0.90381116,-0.9056068000000002,-0.9307459000000001,-0.9103952,-0.9415198,-0.92176765,-0.9367314,-0.9636662,-0.9720459000000001,-0.9828198,4
-0.7649474,-0.7721300999999999,-0.78410107,-0.7942764,-0.79607207,-0.84934306,-0.8511386999999999,-0.8074445,-0.82480246,-0.84455466,-0.87927055,-0.9211690999999999,-0.9271546,-0.88405895,-0.87448215,-0.90381116,-0.9056068000000002,-0.9307459000000001,-0.9103952,-0.9415198,-0.92176765,-0.9367314,-0.9636662,-0.9720459000000001,-0.9828198,-0.99658644,-1.0061632,-1.0043676,-1.0169370999999998,-1.0468647,-1.0408791,-1.050456,-1.0157399999999999,-1.0636241000000002,-1.0372878,-1.0348936,-1.0342950999999998,-1.0761937,-1.0881646999999999,-1.073201,-1.0905589,-1.091756,-1.0983399999999999,-1.1324573999999998,-1.1474211,-1.1468226000000001,-1.1264718999999999,-1.1204863999999999,-1.1450268999999997,-1.1330559,4
-0.99658644,-1.0061632,-1.0043676,-1.0169370999999998,-1.0468647,-1.0408791,-1.050456,-1.0157399999999999,-1.0636241000000002,-1.0372878,-1.0348936,-1.0342950999999998,-1.0761937,-1.0881646999999999,-1.073201,-1.0905589,-1.091756,-1.0983399999999999,-1.1324573999999998,-1.1474211,-1.1468226000000001,-1.1264718999999999,-1.1204863999999999,-1.1450268999999997,-1.1330559,-1.1450268999999997,-1.1797429,-1.1438298,-1.1713632,-1.1791444,-1.2006921999999998,-1.1947067,-1.1994951,-1.2132617,-1.2126632,-1.1988965,-1.2024878,-1.2276268999999997,-1.2192471999999999,-1.1953052,-1.1982979999999999,-1.1623849,-1.1647792,-1.1498153,-1.1791444,-1.1731589,-1.1659763,-1.1432313,-1.1408371000000002,-1.1552023,4
-1.1450268999999997,-1.1797429,-1.1438298,-1.1713632,-1.1791444,-1.2006921999999998,-1.1947067,-1.1994951,-1.2132617,-1.2126632,-1.1988965,-1.2024878,-1.2276268999999997,-1.2192471999999999,-1.1953052,-1.1982979999999999,-1.1623849,-1.1647792,-1.1498153,-1.1791444,-1.1731589,-1.1659763,-1.1432313,-1.1408371000000002,-1.1552023,-1.1863270000000001,-1.1695676000000002,-1.1085154,-1.0881646999999999,-1.0905589,-1.1043254999999998,-1.0977415000000001,-1.0666169,-1.0851719,-1.06123,-1.0672153999999998,-1.0576386,-1.0779893,-1.0576386,-1.0366893,-1.0432734000000001,-1.0420763000000002,-1.0205284,-1.0265139,-1.027711,-1.0366893,-1.0223241,-0.97623575,-0.9780314,-0.95947635,4
-1.1863270000000001,-1.1695676000000002,-1.1085154,-1.0881646999999999,-1.0905589,-1.1043254999999998,-1.0977415000000001,-1.0666169,-1.0851719,-1.06123,-1.0672153999999998,-1.0576386,-1.0779893,-1.0576386,-1.0366893,-1.0432734000000001,-1.0420763000000002,-1.0205284,-1.0265139,-1.027711,-1.0366893,-1.0223241,-0.97623575,-0.9780314,-0.95947635,-1.0061632,-0.9947908000000001,-0.9451110999999999,-0.9439139999999999,-0.9355343,-0.9319430000000001,-0.9552864999999999,-0.98341835,-0.9463082,-0.9187749,-0.9247603999999999,-0.9439139999999999,-0.91817635,-0.89303726,-0.9008184000000001,-0.8984242,-0.8948328999999999,-0.8924386999999999,-0.90261406,-0.9295488000000001,-0.88765025,-0.8882488000000002,-0.90381116,-0.8595184000000001,-0.87687635,4
-1.0061632,-0.9947908000000001,-0.9451110999999999,-0.9439139999999999,-0.9355343,-0.9319430000000001,-0.9552864999999999,-0.98341835,-0.9463082,-0.9187749,-0.9247603999999999,-0.9439139999999999,-0.91817635,-0.89303726,-0.9008184000000001,-0.8984242,-0.8948328999999999,-0.8924386999999999,-0.90261406,-0.9295488000000001,-0.88765025,-0.8882488000000002,-0.90381116,-0.8595184000000001,-0.87687635,-0.8798690999999998,-0.88405895,-0.86251116,-0.8631097,-0.84934306,-0.84216046,-0.82480246,-0.87567925,-0.8439561,-0.825401,-0.8319851,-0.8283938,-0.8487445,-0.8571242,-0.8523358,-0.8242039000000001,-0.82719666,-0.8242039000000001,-0.82719666,-0.81343,-0.7906850999999999,-0.7990648,-0.79607207,-0.7799111999999999,-0.7858967,4
-0.8798690999999998,-0.88405895,-0.86251116,-0.8631097,-0.84934306,-0.84216046,-0.82480246,-0.87567925,-0.8439561,-0.825401,-0.8319851,-0.8283938,-0.8487445,-0.8571242,-0.8523358,-0.8242039000000001,-0.82719666,-0.8242039000000001,-0.82719666,-0.81343,-0.7906850999999999,-0.7990648,-0.79607207,-0.7799111999999999,-0.7858967,-0.79487497,-0.7978677,-0.78888947,-0.7966706,-0.7835025,-0.760159,-0.76075757,-0.7733272,-0.78769237,-0.7613561,-0.7344214,-0.7398083000000001,-0.7757214,-0.7553706,-0.7930793,-0.82719666,-0.7990648,-0.8158241999999999,-0.8331822,-0.8331822,-0.8858546,-0.8858546,-0.8571242,-0.8834603999999999,-0.88645315,4
-0.79487497,-0.7978677,-0.78888947,-0.7966706,-0.7835025,-0.760159,-0.76075757,-0.7733272,-0.78769237,-0.7613561,-0.7344214,-0.7398083000000001,-0.7757214,-0.7553706,-0.7930793,-0.82719666,-0.7990648,-0.8158241999999999,-0.8331822,-0.8331822,-0.8858546,-0.8858546,-0.8571242,-0.8834603999999999,-0.88645315,-0.8936358,-0.9032126,-0.8900445,-0.93493575,-0.9175778,-0.9211690999999999,-0.9427169,-0.9660603999999999,-0.9624690999999999,-0.97743285,-0.98940384,-0.99179804,-0.99179804,-1.0031705,-1.0181341999999998,-1.0079589,-1.0378863999999999,-1.0247183000000002,-1.0444705,-1.0265139,-1.0390834999999998,-1.0606314,-1.0875661,-1.0594343000000002,-1.0564415,4
-0.8936358,-0.9032126,-0.8900445,-0.93493575,-0.9175778,-0.9211690999999999,-0.9427169,-0.9660603999999999,-0.9624690999999999,-0.97743285,-0.98940384,-0.99179804,-0.99179804,-1.0031705,-1.0181341999999998,-1.0079589,-1.0378863999999999,-1.0247183000000002,-1.0444705,-1.0265139,-1.0390834999999998,-1.0606314,-1.0875661,-1.0594343000000002,-1.0564415,-1.0827777,-1.0893618,-1.1061212,-1.1288661,-1.1139023000000001,-1.110311,-1.1150993999999999,-1.1408371000000002,-1.1372458,-1.1324573999999998,-1.1558008,-1.1450268999999997,-1.1516110000000002,-1.1725603,-1.1677719,-1.1755531000000001,-1.192911,-1.204882,-1.1982979999999999,-1.1959038,-1.216853,-1.2024878,-1.204882,-1.2006921999999998,-1.2000936000000002,4
-1.0827777,-1.0893618,-1.1061212,-1.1288661,-1.1139023000000001,-1.110311,-1.1150993999999999,-1.1408371000000002,-1.1372458,-1.1324573999999998,-1.1558008,-1.1450268999999997,-1.1516110000000002,-1.1725603,-1.1677719,-1.1755531000000001,-1.192911,-1.204882,-1.1982979999999999,-1.1959038,-1.216853,-1.2024878,-1.204882,-1.2006921999999998,-1.2000936000000002,-1.1785458,-1.1647792,-1.1809399999999999,-1.1893197,-1.2066777,-1.13964,-1.1623849,-1.1713632,-1.1480197,-1.1689690000000001,-1.1749545,-1.1426326999999998,-1.1258733,-1.1204863999999999,-1.1162965,-1.1288661,-1.0905589,-1.0755951000000001,-1.0720038,-1.0893618,-1.0923545000000001,-1.0684125,-1.0905589,-1.0582372,-1.0630256,4
-1.1785458,-1.1647792,-1.1809399999999999,-1.1893197,-1.2066777,-1.13964,-1.1623849,-1.1713632,-1.1480197,-1.1689690000000001,-1.1749545,-1.1426326999999998,-1.1258733,-1.1204863999999999,-1.1162965,-1.1288661,-1.0905589,-1.0755951000000001,-1.0720038,-1.0893618,-1.0923545000000001,-1.0684125,-1.0905589,-1.0582372,-1.0630256,-1.039682,-1.0468647,-1.0546459,-1.0582372,-1.0420763000000002,-1.027711,-1.0049661,-0.98102415,-0.99299514,-0.9935937,-1.0187328000000002,-0.9852139999999999,-0.9756372,-0.9540894,-0.9624690999999999,-0.9720459000000001,-1.0079589,-0.99179804,-0.9487024,-0.93613285,-0.9415198,-0.92775315,-0.9331401,-0.90859956,-0.89303726,4
-1.039682,-1.0468647,-1.0546459,-1.0582372,-1.0420763000000002,-1.027711,-1.0049661,-0.98102415,-0.99299514,-0.9935937,-1.0187328000000002,-0.9852139999999999,-0.9756372,-0.9540894,-0.9624690999999999,-0.9720459000000001,-1.0079589,-0.99179804,-0.9487024,-0.93613285,-0.9415198,-0.92775315,-0.9331401,-0.90859956,-0.89303726,-0.90500826,-0.9056068000000002,-0.89902276,-0.89782566,-0.90021986,-0.8960299999999999,-0.89902276,-0.8858546,-0.87448215,-0.86969376,-0.86969376,-0.8619126,-0.8403648000000001,-0.82779527,-0.83617496,-0.79846627,-0.8619126,-0.842759,-0.8218097,-0.789488,-0.82121116,-0.8230068000000001,-0.8295909,-0.8074445,-0.8283938,4
-0.90500826,-0.9056068000000002,-0.89902276,-0.89782566,-0.90021986,-0.8960299999999999,-0.89902276,-0.8858546,-0.87448215,-0.86969376,-0.86969376,-0.8619126,-0.8403648000000001,-0.82779527,-0.83617496,-0.79846627,-0.8619126,-0.842759,-0.8218097,-0.789488,-0.82121116,-0.8230068000000001,-0.8295909,-0.8074445,-0.8283938,-0.81642276,-0.7703344,-0.76315176,-0.78649527,-0.7577648,-0.7553706,-0.7739256999999999,-0.7649474,-0.75118077,-0.7553706,-0.7661445,-0.75956047,-0.75596917,-0.741604,-0.7290344,-0.7350199000000001,-0.7320272,-0.7206547,-0.7182605,-0.7020996,-0.7170634,-0.7188591,-0.7314286,-0.7703344,-0.7763199000000001,4
-0.81642276,-0.7703344,-0.76315176,-0.78649527,-0.7577648,-0.7553706,-0.7739256999999999,-0.7649474,-0.75118077,-0.7553706,-0.7661445,-0.75956047,-0.75596917,-0.741604,-0.7290344,-0.7350199000000001,-0.7320272,-0.7206547,-0.7182605,-0.7020996,-0.7170634,-0.7188591,-0.7314286,-0.7703344,-0.7763199000000001,-0.7703344,-0.7751228,-0.7990648,-0.81343,-0.82240826,-0.8451531999999999,-0.8379706,-0.8523358,-0.8499416,-0.8738836,-0.8678981,-0.86729956,-0.88525605,-0.88525605,-0.8948328999999999,-0.9091981,-0.92895025,-0.94331545,-0.95109665,-0.96067345,-0.9768343,-0.97025025,-0.9959879,-1.0043676,-0.9780314,4
-0.7703344,-0.7751228,-0.7990648,-0.81343,-0.82240826,-0.8451531999999999,-0.8379706,-0.8523358,-0.8499416,-0.8738836,-0.8678981,-0.86729956,-0.88525605,-0.88525605,-0.8948328999999999,-0.9091981,-0.92895025,-0.94331545,-0.95109665,-0.96067345,-0.9768343,-0.97025025,-0.9959879,-1.0043676,-0.9780314,-0.97743285,-1.0151415000000001,-0.99658644,-0.99299514,-1.0247183000000002,-1.0552443999999999,-1.0372878,-1.0061632,-1.0468647,-1.0498575,-1.0696096000000002,-1.1067197,-1.0893618,-1.0564415,-1.0857705,-1.0965444,-1.1156979999999999,-1.1031284,-1.0929531000000001,-1.1001357,-1.1037270000000001,-1.1354501000000001,-1.1270704,-1.1558008,-1.1528081000000001,4
-0.97743285,-1.0151415000000001,-0.99658644,-0.99299514,-1.0247183000000002,-1.0552443999999999,-1.0372878,-1.0061632,-1.0468647,-1.0498575,-1.0696096000000002,-1.1067197,-1.0893618,-1.0564415,-1.0857705,-1.0965444,-1.1156979999999999,-1.1031284,-1.0929531000000001,-1.1001357,-1.1037270000000001,-1.1354501000000001,-1.1270704,-1.1558008,-1.1528081000000001,-1.1444284,-1.1653777,-1.1426326999999998,-1.1965023000000001,-1.1821371,-1.1432313,-1.1587936,-1.1378443,-1.1384428999999998,-1.1085154,-1.1779473,-1.1605892,-1.134253,-1.1174936000000002,-1.1186907,-1.1061212,-1.1408371000000002,-1.1480197,-1.1174936000000002,-1.1025299,-1.0953473,-1.1001357,-1.1055226,-1.0755951000000001,-1.0660183,4
-1.1444284,-1.1653777,-1.1426326999999998,-1.1965023000000001,-1.1821371,-1.1432313,-1.1587936,-1.1378443,-1.1384428999999998,-1.1085154,-1.1779473,-1.1605892,-1.134253,-1.1174936000000002,-1.1186907,-1.1061212,-1.1408371000000002,-1.1480197,-1.1174936000000002,-1.1025299,-1.0953473,-1.1001357,-1.1055226,-1.0755951000000001,-1.0660183,-1.0887632,-1.0869676000000001,-1.0714053,-1.0833763,-1.0516531,-1.0456676,-1.0696096000000002,-1.0336965,-1.0390834999999998,-1.0384849,-1.0145429,-1.0265139,-1.0055646999999999,-0.9852139999999999,-0.9648633,-0.93493575,-1.0151415000000001,-0.9828198,-0.9744401,-0.9439139999999999,-0.9439139999999999,-0.9552864999999999,-0.99179804,-0.94451255,-0.93613285,4
-1.0887632,-1.0869676000000001,-1.0714053,-1.0833763,-1.0516531,-1.0456676,-1.0696096000000002,-1.0336965,-1.0390834999999998,-1.0384849,-1.0145429,-1.0265139,-1.0055646999999999,-0.9852139999999999,-0.9648633,-0.93493575,-1.0151415000000001,-0.9828198,-0.9744401,-0.9439139999999999,-0.9439139999999999,-0.9552864999999999,-0.99179804,-0.94451255,-0.93613285,-0.9020155000000001,-0.9115923,-0.9139864999999999,-0.9103952,-0.90021986,-0.90261406,-0.89902276,-0.89902276,-0.88405895,-0.88765025,-0.8810662,-0.86610246,-0.87807345,-0.87448215,-0.8690952,-0.85413146,-0.83617496,-0.85772276,-0.83617496,-0.83497787,-0.79487497,-0.82480246,-0.8283938,-0.8319851,-0.81343,4
-0.9020155000000001,-0.9115923,-0.9139864999999999,-0.9103952,-0.90021986,-0.90261406,-0.89902276,-0.89902276,-0.88405895,-0.88765025,-0.8810662,-0.86610246,-0.87807345,-0.87448215,-0.8690952,-0.85413146,-0.83617496,-0.85772276,-0.83617496,-0.83497787,-0.79487497,-0.82480246,-0.8283938,-0.8319851,-0.81343,-0.7882909,-0.80684596,-0.8343792999999999,-0.8403648000000001,-0.8319851,-0.80564886,-0.80086046,-0.80205756,-0.8038531999999999,-0.7661445,-0.79367787,-0.76075757,-0.74519527,-0.75596917,-0.7721300999999999,-0.7685388000000001,-0.7703344,-0.75836337,-0.76434886,-0.75596917,-0.748188,-0.75956047,-0.7577648,-0.7625531999999999,-0.7248446,4
-0.7882909,-0.80684596,-0.8343792999999999,-0.8403648000000001,-0.8319851,-0.80564886,-0.80086046,-0.80205756,-0.8038531999999999,-0.7661445,-0.79367787,-0.76075757,-0.74519527,-0.75596917,-0.7721300999999999,-0.7685388000000001,-0.7703344,-0.75836337,-0.76434886,-0.75596917,-0.748188,-0.75956047,-0.7577648,-0.7625531999999999,-0.7248446,-0.7320272,-0.7230489,-0.7667431,-0.79008657,-0.7739256999999999,-0.7787141,-0.8098387,-0.81642276,-0.84694886,-0.86251116,-0.84814596,-0.84575176,-0.85772276,-0.87089086,-0.8960299999999999,-0.8655039000000001,-0.8834603999999999,-0.8774749,-0.9032126,-0.9115923,-0.9391255999999999,-0.9540894,-0.9391255999999999,-0.9504981,-0.96187055,4
-0.7320272,-0.7230489,-0.7667431,-0.79008657,-0.7739256999999999,-0.7787141,-0.8098387,-0.81642276,-0.84694886,-0.86251116,-0.84814596,-0.84575176,-0.85772276,-0.87089086,-0.8960299999999999,-0.8655039000000001,-0.8834603999999999,-0.8774749,-0.9032126,-0.9115923,-0.9391255999999999,-0.9540894,-0.9391255999999999,-0.9504981,-0.96187055,-0.9660603999999999,-0.9576806999999999,-0.96426475,-0.98461545,-0.9876082,-0.9768343,-0.9911995000000001,-0.9720459000000001,-1.0247183000000002,-1.0229226,-1.0223241,-1.0384849,-1.0486604,-1.0594343000000002,-1.0881646999999999,-1.1091138999999999,-1.1031284,-1.0941502,-1.0660183,-1.1097125,-1.091756,-1.0863690000000001,-1.1180921999999998,-1.1133038,-1.1372458,4
-0.9660603999999999,-0.9576806999999999,-0.96426475,-0.98461545,-0.9876082,-0.9768343,-0.9911995000000001,-0.9720459000000001,-1.0247183000000002,-1.0229226,-1.0223241,-1.0384849,-1.0486604,-1.0594343000000002,-1.0881646999999999,-1.1091138999999999,-1.1031284,-1.0941502,-1.0660183,-1.1097125,-1.091756,-1.0863690000000001,-1.1180921999999998,-1.1133038,-1.1372458,-1.1474211,-1.1623849,-1.1593921,-1.1426326999999998,-1.1677719,-1.1785458,-1.1839328000000002,-1.1899183,-1.2018893,-1.2018893,-1.2132617,-1.1803415000000002,-1.1827357,-1.1905168,-1.2252326999999998,-1.1791444,-1.2060791000000002,-1.1911154,-1.1911154,-1.2276268999999997,-1.2276268999999997,-1.2000936000000002,-1.1707646999999999,-1.1785458,-1.1516110000000002,4
-1.1474211,-1.1623849,-1.1593921,-1.1426326999999998,-1.1677719,-1.1785458,-1.1839328000000002,-1.1899183,-1.2018893,-1.2018893,-1.2132617,-1.1803415000000002,-1.1827357,-1.1905168,-1.2252326999999998,-1.1791444,-1.2060791000000002,-1.1911154,-1.1911154,-1.2276268999999997,-1.2276268999999997,-1.2000936000000002,-1.1707646999999999,-1.1785458,-1.1516110000000002,-1.1707646999999999,-1.1312603,-1.1587936,-1.13964,-1.1246762,-1.1617863000000002,-1.1450268999999997,-1.1450268999999997,-1.1378443,-1.1186907,-1.1312603,-1.1330559,-1.1115081,-1.0989386,-1.122282,-1.1264718999999999,-1.0510546,-1.0618285,-1.0821792,-1.0893618,-1.0654198000000001,-1.0696096000000002,-1.0444705,-1.0456676,-1.0480618,4
-1.1707646999999999,-1.1312603,-1.1587936,-1.13964,-1.1246762,-1.1617863000000002,-1.1450268999999997,-1.1450268999999997,-1.1378443,-1.1186907,-1.1312603,-1.1330559,-1.1115081,-1.0989386,-1.122282,-1.1264718999999999,-1.0510546,-1.0618285,-1.0821792,-1.0893618,-1.0654198000000001,-1.0696096000000002,-1.0444705,-1.0456676,-1.0480618,-1.0642227,-1.0474633,-1.0319009,-0.99538934,-1.0073603000000002,-1.0235212,-1.0001777,-0.99658644,-1.002572,-0.99778354,-0.9780314,-0.98341835,-0.9888053,-0.99778354,-0.9864110999999999,-0.9624690999999999,-0.95229375,-0.95588505,-0.95947635,-0.9540894,-0.95588505,-0.9187749,-0.90859956,-0.91817635,-0.9367314,4
-1.0642227,-1.0474633,-1.0319009,-0.99538934,-1.0073603000000002,-1.0235212,-1.0001777,-0.99658644,-1.002572,-0.99778354,-0.9780314,-0.98341835,-0.9888053,-0.99778354,-0.9864110999999999,-0.9624690999999999,-0.95229375,-0.95588505,-0.95947635,-0.9540894,-0.95588505,-0.9187749,-0.90859956,-0.91817635,-0.9367314,-0.9564835999999999,-0.9139864999999999,-0.91937345,-0.90261406,-0.9115923,-0.92057055,-0.9151836,-0.89662856,-0.8810662,-0.8996213,-0.87208796,-0.87807345,-0.85652566,-0.8571242,-0.85413146,-0.82779527,-0.8355764000000001,-0.8571242,-0.8738836,-0.842759,-0.82001406,-0.81881696,-0.85772276,-0.8439561,-0.8403648000000001,4
-0.9564835999999999,-0.9139864999999999,-0.91937345,-0.90261406,-0.9115923,-0.92057055,-0.9151836,-0.89662856,-0.8810662,-0.8996213,-0.87208796,-0.87807345,-0.85652566,-0.8571242,-0.85413146,-0.82779527,-0.8355764000000001,-0.8571242,-0.8738836,-0.842759,-0.82001406,-0.81881696,-0.85772276,-0.8439561,-0.8403648000000001,-0.84694886,-0.8295909,-0.81043726,-0.7930793,-0.7739256999999999,-0.8403648000000001,-0.83737206,-0.7906850999999999,-0.79128367,-0.8038531999999999,-0.8146270999999999,-0.85293436,-0.80804306,-0.78649527,-0.7793127,-0.79248077,-0.8050503000000001,-0.7990648,-0.8062474000000001,-0.83258367,-0.8242039000000001,-0.81642276,-0.8690952,-0.8726865,-0.87567925,4
-0.84694886,-0.8295909,-0.81043726,-0.7930793,-0.7739256999999999,-0.8403648000000001,-0.83737206,-0.7906850999999999,-0.79128367,-0.8038531999999999,-0.8146270999999999,-0.85293436,-0.80804306,-0.78649527,-0.7793127,-0.79248077,-0.8050503000000001,-0.7990648,-0.8062474000000001,-0.83258367,-0.8242039000000001,-0.81642276,-0.8690952,-0.8726865,-0.87567925,-0.9068039000000001,-0.89303726,-0.9115923,-0.8996213,-0.9127894,-0.9343372,-0.92057055,-0.92057055,-0.9391255999999999,-0.93972415,-0.9391255999999999,-0.94690675,-1.0127473,-1.0067618,-0.96785605,-0.9864110999999999,-0.98700964,-1.0289081,-1.0636241000000002,-1.0564415,-1.0372878,-1.0259154000000001,-1.0498575,-1.043872,-1.0546459,4
-0.9068039000000001,-0.89303726,-0.9115923,-0.8996213,-0.9127894,-0.9343372,-0.92057055,-0.92057055,-0.9391255999999999,-0.93972415,-0.9391255999999999,-0.94690675,-1.0127473,-1.0067618,-0.96785605,-0.9864110999999999,-0.98700964,-1.0289081,-1.0636241000000002,-1.0564415,-1.0372878,-1.0259154000000001,-1.0498575,-1.043872,-1.0546459,-1.050456,-1.0540473,-1.067814,-1.0779893,-1.0851719,-1.0815806000000001,-1.0815806000000001,-1.0905589,-1.0845733999999998,-1.1234791000000002,-1.1162965,-1.1204863999999999,-1.1587936,-1.1534066,-1.1587936,-1.1007341999999998,-1.0863690000000001,-1.1270704,-1.1552023,-1.1330559,-1.091756,-1.1025299,-1.1133038,-1.1228806,-1.127669,4
-1.050456,-1.0540473,-1.067814,-1.0779893,-1.0851719,-1.0815806000000001,-1.0815806000000001,-1.0905589,-1.0845733999999998,-1.1234791000000002,-1.1162965,-1.1204863999999999,-1.1587936,-1.1534066,-1.1587936,-1.1007341999999998,-1.0863690000000001,-1.1270704,-1.1552023,-1.1330559,-1.091756,-1.1025299,-1.1133038,-1.1228806,-1.127669,-1.1145009,-1.0815806000000001,-1.1013328000000002,-1.0791864,-1.0720038,-1.0630256,-1.062427,-1.0773908,-1.0666169,-1.0726023999999998,-1.0767921999999999,-1.0791864,-1.0737995,-1.0737995,-1.067814,-1.0642227,-1.0360907,-1.0474633,-1.0480618,-1.0348936,-1.0450690999999999,-1.0241197,-1.0067618,-1.0510546,-1.0630256,4
-1.1145009,-1.0815806000000001,-1.1013328000000002,-1.0791864,-1.0720038,-1.0630256,-1.062427,-1.0773908,-1.0666169,-1.0726023999999998,-1.0767921999999999,-1.0791864,-1.0737995,-1.0737995,-1.067814,-1.0642227,-1.0360907,-1.0474633,-1.0480618,-1.0348936,-1.0450690999999999,-1.0241197,-1.0067618,-1.0510546,-1.0630256,-1.0271125,-1.0145429,-1.0115502,-1.0193313,-1.0420763000000002,-1.0522517,-1.0229226,-1.009156,-0.9756372,-0.9995792,-1.0097545,-0.97982705,-0.997185,-0.95827925,-0.97503865,-0.9564835999999999,-0.97743285,-0.9600749,-0.9744401,-0.96187055,-0.9427169,-0.93493575,-0.93254155,-0.9355343,-0.9211690999999999,4
-1.0271125,-1.0145429,-1.0115502,-1.0193313,-1.0420763000000002,-1.0522517,-1.0229226,-1.009156,-0.9756372,-0.9995792,-1.0097545,-0.97982705,-0.997185,-0.95827925,-0.97503865,-0.9564835999999999,-0.97743285,-0.9600749,-0.9744401,-0.96187055,-0.9427169,-0.93493575,-0.93254155,-0.9355343,-0.9211690999999999,-0.90979666,-0.92057055,-0.89662856,-0.8798690999999998,-0.86729956,-0.91817635,-0.90620536,-0.87687635,-0.87208796,-0.8960299999999999,-0.9235633,-0.91697925,-0.91578215,-0.9307459000000001,-0.88046765,-0.8762778,-0.9032126,-0.87328506,-0.8726865,-0.86131406,-0.8834603999999999,-0.87807345,-0.88166475,-0.90620536,-0.8948328999999999,4
-0.90979666,-0.92057055,-0.89662856,-0.8798690999999998,-0.86729956,-0.91817635,-0.90620536,-0.87687635,-0.87208796,-0.8960299999999999,-0.9235633,-0.91697925,-0.91578215,-0.9307459000000001,-0.88046765,-0.8762778,-0.9032126,-0.87328506,-0.8726865,-0.86131406,-0.8834603999999999,-0.87807345,-0.88166475,-0.90620536,-0.8948328999999999,-0.9139864999999999,-0.87687635,-0.8774749,-0.8487445,-0.8511386999999999,-0.87448215,-0.8678981,-0.85652566,-0.8343792999999999,-0.8415619000000001,-0.8690952,-0.86131406,-0.85652566,-0.830788,-0.866701,-0.8888474000000001,-0.8774749,-0.87567925,-0.8810662,-0.89782566,-0.89064306,-0.8888474000000001,-0.89782566,-0.8870517,-0.89423436,4
-0.9139864999999999,-0.87687635,-0.8774749,-0.8487445,-0.8511386999999999,-0.87448215,-0.8678981,-0.85652566,-0.8343792999999999,-0.8415619000000001,-0.8690952,-0.86131406,-0.85652566,-0.830788,-0.866701,-0.8888474000000001,-0.8774749,-0.87567925,-0.8810662,-0.89782566,-0.89064306,-0.8888474000000001,-0.89782566,-0.8870517,-0.89423436,-0.92176765,-0.9271546,-0.9247603999999999,-0.94930094,-0.94690675,-0.97743285,-0.95827925,-0.9540894,-0.9828198,-0.9660603999999999,-0.99299514,-1.0109516,-1.0157399999999999,-0.99778354,-1.0145429,-0.98820674,-1.0642227,-1.0594343000000002,-1.0468647,-1.0366893,-1.0342950999999998,-1.0564415,-1.0941502,-1.1115081,-1.1025299,4
-0.92176765,-0.9271546,-0.9247603999999999,-0.94930094,-0.94690675,-0.97743285,-0.95827925,-0.9540894,-0.9828198,-0.9660603999999999,-0.99299514,-1.0109516,-1.0157399999999999,-0.99778354,-1.0145429,-0.98820674,-1.0642227,-1.0594343000000002,-1.0468647,-1.0366893,-1.0342950999999998,-1.0564415,-1.0941502,-1.1115081,-1.1025299,-1.0845733999999998,-1.0821792,-1.1073183000000002,-1.1049241,-1.1139023000000001,-1.1312603,-1.13964,-1.1079168,-1.1324573999999998,-1.1480197,-1.1611878,-1.1755531000000001,-1.1701661,-1.1605892,-1.1761516,-1.1779473,-1.174356,-1.1935096,-1.2090718999999999,-1.1587936,-1.1318588,-1.1731589,-1.2138603000000001,-1.1749545,-1.1623849,4
-1.0845733999999998,-1.0821792,-1.1073183000000002,-1.1049241,-1.1139023000000001,-1.1312603,-1.13964,-1.1079168,-1.1324573999999998,-1.1480197,-1.1611878,-1.1755531000000001,-1.1701661,-1.1605892,-1.1761516,-1.1779473,-1.174356,-1.1935096,-1.2090718999999999,-1.1587936,-1.1318588,-1.1731589,-1.2138603000000001,-1.1749545,-1.1623849,-1.1629834,-1.1689690000000001,-1.1988965,-1.1965023000000001,-1.1593921,-1.1444284,-1.1246762,-1.1384428999999998,-1.1414356,-1.1180921999999998,-1.1139023000000001,-1.1139023000000001,-1.1073183000000002,-1.1312603,-1.1210848999999998,-1.1055226,-1.1121067,-1.0983399999999999,-1.0935516,-1.1085154,-1.0869676000000001,-1.0821792,-1.0803835,-1.0845733999999998,-1.0594343000000002,4
-1.1629834,-1.1689690000000001,-1.1988965,-1.1965023000000001,-1.1593921,-1.1444284,-1.1246762,-1.1384428999999998,-1.1414356,-1.1180921999999998,-1.1139023000000001,-1.1139023000000001,-1.1073183000000002,-1.1312603,-1.1210848999999998,-1.1055226,-1.1121067,-1.0983399999999999,-1.0935516,-1.1085154,-1.0869676000000001,-1.0821792,-1.0803835,-1.0845733999999998,-1.0594343000000002,-1.0432734000000001,-1.06123,-1.073201,-1.0576386,-1.0139444,-1.0354922,-1.0390834999999998,-1.0582372,-1.049259,-1.055843,-1.0319009,-1.0271125,-1.027711,-1.0085574000000002,-1.0013748,-0.98341835,-1.0037690000000001,-0.97862995,-0.9744401,-0.9756372,-0.9923966000000001,-1.002572,-0.9792285,-0.9660603999999999,-0.9636662,4
-1.0432734000000001,-1.06123,-1.073201,-1.0576386,-1.0139444,-1.0354922,-1.0390834999999998,-1.0582372,-1.049259,-1.055843,-1.0319009,-1.0271125,-1.027711,-1.0085574000000002,-1.0013748,-0.98341835,-1.0037690000000001,-0.97862995,-0.9744401,-0.9756372,-0.9923966000000001,-1.002572,-0.9792285,-0.9660603999999999,-0.9636662,-0.9588778,-0.95468795,-0.94451255,-0.9403226999999998,-0.90979666,-0.9091981,-0.9080010000000001,-0.93613285,-0.91338795,-0.91578215,-0.9175778,-0.8882488000000002,-0.90261406,-0.92296475,-0.93972415,-0.8798690999999998,-0.88765025,-0.89303726,-0.91338795,-0.8702923,-0.87208796,-0.8475474000000001,-0.842759,-0.8487445,-0.84814596,4
-0.9588778,-0.95468795,-0.94451255,-0.9403226999999998,-0.90979666,-0.9091981,-0.9080010000000001,-0.93613285,-0.91338795,-0.91578215,-0.9175778,-0.8882488000000002,-0.90261406,-0.92296475,-0.93972415,-0.8798690999999998,-0.88765025,-0.89303726,-0.91338795,-0.8702923,-0.87208796,-0.8475474000000001,-0.842759,-0.8487445,-0.84814596,-0.85054016,-0.8678981,-0.8774749,-0.8678981,-0.85891986,-0.84575176,-0.8762778,-0.8595184000000001,-0.84096336,-0.8218097,-0.7990648,-0.801459,-0.82599956,-0.8146270999999999,-0.8858546,-0.8355764000000001,-0.80684596,-0.8415619000000001,-0.8319851,-0.87089086,-0.8762778,-0.8643068000000002,-0.8206126,-0.84096336,-0.86490536,4
-0.85054016,-0.8678981,-0.8774749,-0.8678981,-0.85891986,-0.84575176,-0.8762778,-0.8595184000000001,-0.84096336,-0.8218097,-0.7990648,-0.801459,-0.82599956,-0.8146270999999999,-0.8858546,-0.8355764000000001,-0.80684596,-0.8415619000000001,-0.8319851,-0.87089086,-0.8762778,-0.8643068000000002,-0.8206126,-0.84096336,-0.86490536,-0.9151836,-0.8900445,-0.8595184000000001,-0.89782566,-0.8984242,-0.93493575,-0.94810385,-0.9564835999999999,-0.9427169,-0.9756372,-0.9959879,-0.9636662,-0.9708488000000001,-0.9947908000000001,-1.0043676,-1.0061632,-1.0145429,-0.9935937,-1.0115502,-1.0103531,-1.0642227,-1.062427,-1.0468647,-1.0307038,-1.0468647,4
-0.9151836,-0.8900445,-0.8595184000000001,-0.89782566,-0.8984242,-0.93493575,-0.94810385,-0.9564835999999999,-0.9427169,-0.9756372,-0.9959879,-0.9636662,-0.9708488000000001,-0.9947908000000001,-1.0043676,-1.0061632,-1.0145429,-0.9935937,-1.0115502,-1.0103531,-1.0642227,-1.062427,-1.0468647,-1.0307038,-1.0468647,-1.0468647,-1.067814,-1.1133038,-1.0845733999999998,-1.0726023999999998,-1.1061212,-1.1198878,-1.1085154,-1.1085154,-1.1258733,-1.1150993999999999,-1.1127052,-1.1528081000000001,-1.1641805,-1.1593921,-1.1725603,-1.1725603,-1.1677719,-1.1833341999999998,-1.1713632,-1.2132617,-1.1611878,-1.2042834999999998,-1.1923125,-1.192911,4
-1.0468647,-1.067814,-1.1133038,-1.0845733999999998,-1.0726023999999998,-1.1061212,-1.1198878,-1.1085154,-1.1085154,-1.1258733,-1.1150993999999999,-1.1127052,-1.1528081000000001,-1.1641805,-1.1593921,-1.1725603,-1.1725603,-1.1677719,-1.1833341999999998,-1.1713632,-1.2132617,-1.1611878,-1.2042834999999998,-1.1923125,-1.192911,-1.1737574,-1.2210428999999998,-1.2084733,-1.1725603,-1.1869254999999999,-1.1797429,-1.2132617,-1.2443863000000002,-1.2084733,-1.1689690000000001,-1.163582,-1.1653777,-1.1761516,-1.1498153,-1.1402385,-1.1366472,-1.1575965,-1.1486181999999998,-1.1426326999999998,-1.158195,-1.1390414,-1.1480197,-1.1168951,-1.1198878,-1.0887632,4
-1.1737574,-1.2210428999999998,-1.2084733,-1.1725603,-1.1869254999999999,-1.1797429,-1.2132617,-1.2443863000000002,-1.2084733,-1.1689690000000001,-1.163582,-1.1653777,-1.1761516,-1.1498153,-1.1402385,-1.1366472,-1.1575965,-1.1486181999999998,-1.1426326999999998,-1.158195,-1.1390414,-1.1480197,-1.1168951,-1.1198878,-1.0887632,-1.1097125,-1.0899603,-1.122282,-1.0726023999999998,-1.055843,-1.0534488000000002,-1.0720038,-1.1001357,-1.0606314,-1.0259154000000001,-1.0414777,-1.0372878,-1.0342950999999998,-1.0749966,-1.0684125,-1.0043676,-1.009156,-1.0085574000000002,-0.99060094,-0.9816226999999998,-0.9708488000000001,-0.97503865,-0.96785605,-0.9475053,-0.95827925,4
-1.1097125,-1.0899603,-1.122282,-1.0726023999999998,-1.055843,-1.0534488000000002,-1.0720038,-1.1001357,-1.0606314,-1.0259154000000001,-1.0414777,-1.0372878,-1.0342950999999998,-1.0749966,-1.0684125,-1.0043676,-1.009156,-1.0085574000000002,-0.99060094,-0.9816226999999998,-0.9708488000000001,-0.97503865,-0.96785605,-0.9475053,-0.95827925,-0.99419224,-0.96426475,-0.94451255,-0.9403226999999998,-0.9283517,-0.93972415,-0.93373865,-0.9307459000000001,-0.92416185,-0.88405895,-0.90261406,-0.8810662,-0.9199719999999999,-0.9211690999999999,-0.8726865,-0.8738836,-0.86729956,-0.88765025,-0.9008184000000001,-0.9068039000000001,-0.86969376,-0.8762778,-0.85891986,-0.8631097,-0.8355764000000001,4
-0.99419224,-0.96426475,-0.94451255,-0.9403226999999998,-0.9283517,-0.93972415,-0.93373865,-0.9307459000000001,-0.92416185,-0.88405895,-0.90261406,-0.8810662,-0.9199719999999999,-0.9211690999999999,-0.8726865,-0.8738836,-0.86729956,-0.88765025,-0.9008184000000001,-0.9068039000000001,-0.86969376,-0.8762778,-0.85891986,-0.8631097,-0.8355764000000001,-0.830788,-0.8242039000000001,-0.82360536,-0.83737206,-0.825401,-0.82001406,-0.8283938,-0.83138657,-0.80564886,-0.8062474000000001,-0.80564886,-0.8086416000000001,-0.80086046,-0.7882909,-0.79248077,-0.7942764,-0.7966706,-0.7745243,-0.7715314999999999,-0.8218097,-0.78050977,-0.7811083000000001,-0.8050503000000001,-0.789488,-0.7978677,4
-0.830788,-0.8242039000000001,-0.82360536,-0.83737206,-0.825401,-0.82001406,-0.8283938,-0.83138657,-0.80564886,-0.8062474000000001,-0.80564886,-0.8086416000000001,-0.80086046,-0.7882909,-0.79248077,-0.7942764,-0.7966706,-0.7745243,-0.7715314999999999,-0.8218097,-0.78050977,-0.7811083000000001,-0.8050503000000001,-0.789488,-0.7978677,-0.81343,-0.7679402,-0.7763199000000001,-0.79846627,-0.79367787,-0.82480246,-0.78649527,-0.8170213000000001,-0.82480246,-0.8182184,-0.83737206,-0.82719666,-0.86490536,-0.89782566,-0.89303726,-0.8858546,-0.8924386999999999,-0.89782566,-0.93613285,-0.9271546,-0.9564835999999999,-0.96187055,-0.93732995,-0.9355343,-0.9331401,4
-0.81343,-0.7679402,-0.7763199000000001,-0.79846627,-0.79367787,-0.82480246,-0.78649527,-0.8170213000000001,-0.82480246,-0.8182184,-0.83737206,-0.82719666,-0.86490536,-0.89782566,-0.89303726,-0.8858546,-0.8924386999999999,-0.89782566,-0.93613285,-0.9271546,-0.9564835999999999,-0.96187055,-0.93732995,-0.9355343,-0.9331401,-0.98461545,-0.98581254,-0.9660603999999999,-0.96665895,-0.9756372,-0.99538934,-1.027711,-1.0468647,-1.0265139,-1.0079589,-1.0067618,-1.0432734000000001,-1.0426749,-1.0313023000000001,-1.073201,-1.0576386,-1.0761937,-1.0911574,-1.0929531000000001,-1.1013328000000002,-1.1168951,-1.1216834999999998,-1.0953473,-1.1252748,-1.1354501000000001,4
-0.98461545,-0.98581254,-0.9660603999999999,-0.96665895,-0.9756372,-0.99538934,-1.027711,-1.0468647,-1.0265139,-1.0079589,-1.0067618,-1.0432734000000001,-1.0426749,-1.0313023000000001,-1.073201,-1.0576386,-1.0761937,-1.0911574,-1.0929531000000001,-1.1013328000000002,-1.1168951,-1.1216834999999998,-1.0953473,-1.1252748,-1.1354501000000001,-1.1372458,-1.1504139,-1.1528081000000001,-1.1432313,-1.1073183000000002,-1.122282,-1.1923125,-1.1516110000000002,-1.1133038,-1.1234791000000002,-1.1210848999999998,-1.1426326999999998,-1.1528081000000001,-1.1552023,-1.1168951,-1.0965444,-1.0911574,-1.1019313,-1.1156979999999999,-1.0809821000000002,-1.0905589,-1.1085154,-1.079785,-1.0881646999999999,-1.0821792,4
-1.1372458,-1.1504139,-1.1528081000000001,-1.1432313,-1.1073183000000002,-1.122282,-1.1923125,-1.1516110000000002,-1.1133038,-1.1234791000000002,-1.1210848999999998,-1.1426326999999998,-1.1528081000000001,-1.1552023,-1.1168951,-1.0965444,-1.0911574,-1.1019313,-1.1156979999999999,-1.0809821000000002,-1.0905589,-1.1085154,-1.079785,-1.0881646999999999,-1.0821792,-1.0827777,-1.0785878999999998,-1.0887632,-1.0845733999999998,-1.0815806000000001,-1.079785,-1.0618285,-1.0588357,-1.062427,-1.0235212,-1.0217254999999998,-1.0498575,-1.0474633,-1.0187328000000002,-1.002572,-0.9911995000000001,-1.0049661,-1.043872,-1.039682,-1.0157399999999999,-0.98940384,-0.9983820999999999,-1.0061632,-0.9852139999999999,-0.9792285,4
-1.0827777,-1.0785878999999998,-1.0887632,-1.0845733999999998,-1.0815806000000001,-1.079785,-1.0618285,-1.0588357,-1.062427,-1.0235212,-1.0217254999999998,-1.0498575,-1.0474633,-1.0187328000000002,-1.002572,-0.9911995000000001,-1.0049661,-1.043872,-1.039682,-1.0157399999999999,-0.98940384,-0.9983820999999999,-1.0061632,-0.9852139999999999,-0.9792285,-0.9876082,-0.9528923,-0.96905315,-0.9935937,-0.9959879,-0.97623575,-0.9552864999999999,-0.9403226999999998,-0.95947635,-0.96785605,-0.9271546,-0.94211835,-0.9331401,-0.9427169,-0.93972415,-0.9163806999999999,-0.8882488000000002,-0.96546185,-0.9403226999999998,-0.8996213,-0.9044097,-0.9032126,-0.9151836,-0.89782566,-0.9032126,4
-0.9876082,-0.9528923,-0.96905315,-0.9935937,-0.9959879,-0.97623575,-0.9552864999999999,-0.9403226999999998,-0.95947635,-0.96785605,-0.9271546,-0.94211835,-0.9331401,-0.9427169,-0.93972415,-0.9163806999999999,-0.8882488000000002,-0.96546185,-0.9403226999999998,-0.8996213,-0.9044097,-0.9032126,-0.9151836,-0.89782566,-0.9032126,-0.88645315,-0.88765025,-0.8810662,-0.8798690999999998,-0.8607155000000001,-0.84455466,-0.8499416,-0.83976626,-0.8511386999999999,-0.84455466,-0.8451531999999999,-0.8690952,-0.8451531999999999,-0.8343792999999999,-0.83856916,-0.81043726,-0.81522566,-0.8283938,-0.84335756,-0.79607207,-0.81283146,-0.7942764,-0.81761986,-0.83856916,-0.8062474000000001,4
-0.88645315,-0.88765025,-0.8810662,-0.8798690999999998,-0.8607155000000001,-0.84455466,-0.8499416,-0.83976626,-0.8511386999999999,-0.84455466,-0.8451531999999999,-0.8690952,-0.8451531999999999,-0.8343792999999999,-0.83856916,-0.81043726,-0.81522566,-0.8283938,-0.84335756,-0.79607207,-0.81283146,-0.7942764,-0.81761986,-0.83856916,-0.8062474000000001,-0.7954735,-0.8026561,-0.7835025,-0.7942764,-0.8074445,-0.801459,-0.7882909,-0.78769237,-0.7870938000000001,-0.7846996,-0.75596917,-0.7966706,-0.7703344,-0.7541734999999999,-0.79966336,-0.78769237,-0.789488,-0.8182184,-0.82899237,-0.84455466,-0.825401,-0.8439561,-0.8810662,-0.88166475,-0.89184016,4
-0.7954735,-0.8026561,-0.7835025,-0.7942764,-0.8074445,-0.801459,-0.7882909,-0.78769237,-0.7870938000000001,-0.7846996,-0.75596917,-0.7966706,-0.7703344,-0.7541734999999999,-0.79966336,-0.78769237,-0.789488,-0.8182184,-0.82899237,-0.84455466,-0.825401,-0.8439561,-0.8810662,-0.88166475,-0.89184016,-0.88286185,-0.8571242,-0.9044097,-0.9223662,-0.9768343,-0.9498995000000001,-0.9199719999999999,-0.9223662,-0.95468795,-0.9900024,-1.0187328000000002,-1.0109516,-1.002572,-0.9828198,-1.0097545,-0.9816226999999998,-0.9780314,-1.0019734,-1.0133458,-1.009156,-1.0247183000000002,-1.0462662,-1.0546459,-1.0456676,-1.0570401000000003,4
-0.88286185,-0.8571242,-0.9044097,-0.9223662,-0.9768343,-0.9498995000000001,-0.9199719999999999,-0.9223662,-0.95468795,-0.9900024,-1.0187328000000002,-1.0109516,-1.002572,-0.9828198,-1.0097545,-0.9816226999999998,-0.9780314,-1.0019734,-1.0133458,-1.009156,-1.0247183000000002,-1.0462662,-1.0546459,-1.0456676,-1.0570401000000003,-1.0468647,-1.0899603,-1.0911574,-1.0899603,-1.0929531000000001,-1.1145009,-1.0821792,-1.0821792,-1.067814,-1.1312603,-1.1354501000000001,-1.1228806,-1.1067197,-1.1055226,-1.1486181999999998,-1.1629834,-1.1599906999999998,-1.1438298,-1.1115081,-1.1360487,-1.1360487,-1.1001357,-1.1067197,-1.1210848999999998,-1.1127052,4
-1.0468647,-1.0899603,-1.0911574,-1.0899603,-1.0929531000000001,-1.1145009,-1.0821792,-1.0821792,-1.067814,-1.1312603,-1.1354501000000001,-1.1228806,-1.1067197,-1.1055226,-1.1486181999999998,-1.1629834,-1.1599906999999998,-1.1438298,-1.1115081,-1.1360487,-1.1360487,-1.1001357,-1.1067197,-1.1210848999999998,-1.1127052,-1.1025299,-1.1061212,-1.0959458,-1.1121067,-1.0821792,-1.0941502,-1.0654198000000001,-1.0522517,-1.0803835,-1.0702082,-1.0851719,-1.0708067,-1.0127473,-1.0360907,-1.0600328,-1.0791864,-1.039682,-1.0247183000000002,-1.0175357,-1.0121487,-1.0462662,-1.0720038,-1.0540473,-1.0157399999999999,-1.0037690000000001,4
-1.1025299,-1.1061212,-1.0959458,-1.1121067,-1.0821792,-1.0941502,-1.0654198000000001,-1.0522517,-1.0803835,-1.0702082,-1.0851719,-1.0708067,-1.0127473,-1.0360907,-1.0600328,-1.0791864,-1.039682,-1.0247183000000002,-1.0175357,-1.0121487,-1.0462662,-1.0720038,-1.0540473,-1.0157399999999999,-1.0037690000000001,-1.0043676,-1.0127473,-0.98341835,-0.99419224,-0.997185,-0.97623575,-0.99179804,-0.9923966000000001,-0.9768343,-0.9864110999999999,-0.96187055,-0.9636662,-0.95349085,-0.9660603999999999,-0.95947635,-0.94690675,-0.9331401,-0.95109665,-0.90381116,-0.8960299999999999,-0.9379284999999999,-0.9355343,-0.9139864999999999,-0.91578215,-0.89064306,4
-1.0043676,-1.0127473,-0.98341835,-0.99419224,-0.997185,-0.97623575,-0.99179804,-0.9923966000000001,-0.9768343,-0.9864110999999999,-0.96187055,-0.9636662,-0.95349085,-0.9660603999999999,-0.95947635,-0.94690675,-0.9331401,-0.95109665,-0.90381116,-0.8960299999999999,-0.9379284999999999,-0.9355343,-0.9139864999999999,-0.91578215,-0.89064306,-0.91338795,-0.9504981,-0.92655605,-0.8888474000000001,-0.89303726,-0.86490536,-0.89543146,-0.89423436,-0.8738836,-0.8738836,-0.8547299999999999,-0.8607155000000001,-0.86251116,-0.87567925,-0.8762778,-0.86969376,-0.88166475,-0.8571242,-0.8798690999999998,-0.8571242,-0.8499416,-0.8619126,-0.8391677,-0.8319851,-0.8295909,4
-0.91338795,-0.9504981,-0.92655605,-0.8888474000000001,-0.89303726,-0.86490536,-0.89543146,-0.89423436,-0.8738836,-0.8738836,-0.8547299999999999,-0.8607155000000001,-0.86251116,-0.87567925,-0.8762778,-0.86969376,-0.88166475,-0.8571242,-0.8798690999999998,-0.8571242,-0.8499416,-0.8619126,-0.8391677,-0.8319851,-0.8295909,-0.8463503000000001,-0.8810662,-0.8888474000000001,-0.83976626,-0.84575176,-0.8439561,-0.8834603999999999,-0.89662856,-0.86370826,-0.86011696,-0.8702923,-0.8595184000000001,-0.87089086,-0.8714894,-0.8738836,-0.86849666,-0.84934306,-0.8583213,-0.8523358,-0.85173726,-0.8487445,-0.8535328999999999,-0.8499416,-0.84335756,-0.83737206,4
-0.8463503000000001,-0.8810662,-0.8888474000000001,-0.83976626,-0.84575176,-0.8439561,-0.8834603999999999,-0.89662856,-0.86370826,-0.86011696,-0.8702923,-0.8595184000000001,-0.87089086,-0.8714894,-0.8738836,-0.86849666,-0.84934306,-0.8583213,-0.8523358,-0.85173726,-0.8487445,-0.8535328999999999,-0.8499416,-0.84335756,-0.83737206,-0.85054016,-0.85173726,-0.82899237,-0.81881696,-0.8379706,-0.8283938,-0.83258367,-0.86610246,-0.85293436,-0.8194155000000001,-0.84814596,-0.8834603999999999,-0.8822633,-0.9367314,-0.8984242,-0.90141696,-0.8996213,-0.9247603999999999,-0.9319430000000001,-0.93134445,-0.9211690999999999,-0.92895025,-0.94570965,-0.94810385,-0.96905315,4
-0.85054016,-0.85173726,-0.82899237,-0.81881696,-0.8379706,-0.8283938,-0.83258367,-0.86610246,-0.85293436,-0.8194155000000001,-0.84814596,-0.8834603999999999,-0.8822633,-0.9367314,-0.8984242,-0.90141696,-0.8996213,-0.9247603999999999,-0.9319430000000001,-0.93134445,-0.9211690999999999,-0.92895025,-0.94570965,-0.94810385,-0.96905315,-0.9498995000000001,-0.9804255999999999,-0.98461545,-1.0001777,-1.0013748,-1.0115502,-1.0271125,-1.043872,-1.0259154000000001,-1.0348936,-1.0462662,-1.0175357,-1.002572,-1.0708067,-1.0761937,-1.0642227,-1.0354922,-1.0690111,-1.0779893,-1.0977415000000001,-1.1049241,-1.0875661,-1.0690111,-1.1043254999999998,-1.1312603,4
-0.9498995000000001,-0.9804255999999999,-0.98461545,-1.0001777,-1.0013748,-1.0115502,-1.0271125,-1.043872,-1.0259154000000001,-1.0348936,-1.0462662,-1.0175357,-1.002572,-1.0708067,-1.0761937,-1.0642227,-1.0354922,-1.0690111,-1.0779893,-1.0977415000000001,-1.1049241,-1.0875661,-1.0690111,-1.1043254999999998,-1.1312603,-1.1336545,-1.1378443,-1.1031284,-1.127669,-1.1198878,-1.1288661,-1.1629834,-1.1599906999999998,-1.1905168,-1.1671733999999998,-1.1426326999999998,-1.1683705,-1.1522094999999999,-1.1737574,-1.1611878,-1.1965023000000001,-1.1605892,-1.1168951,-1.1252748,-1.1671733999999998,-1.1575965,-1.1133038,-1.1121067,-1.1097125,-1.1258733,4
-1.1336545,-1.1378443,-1.1031284,-1.127669,-1.1198878,-1.1288661,-1.1629834,-1.1599906999999998,-1.1905168,-1.1671733999999998,-1.1426326999999998,-1.1683705,-1.1522094999999999,-1.1737574,-1.1611878,-1.1965023000000001,-1.1605892,-1.1168951,-1.1252748,-1.1671733999999998,-1.1575965,-1.1133038,-1.1121067,-1.1097125,-1.1258733,-1.1851299,-1.1097125,-1.1061212,-1.1043254999999998,-1.1348516000000002,-1.1318588,-1.1031284,-1.1049241,-1.0827777,-1.0953473,-1.0881646999999999,-1.0911574,-1.0546459,-1.0642227,-1.062427,-1.0576386,-1.055843,-1.0474633,-1.0307038,-1.0414777,-1.0384849,-1.0229226,-1.0115502,-0.9888053,-1.0354922,4
-1.1851299,-1.1097125,-1.1061212,-1.1043254999999998,-1.1348516000000002,-1.1318588,-1.1031284,-1.1049241,-1.0827777,-1.0953473,-1.0881646999999999,-1.0911574,-1.0546459,-1.0642227,-1.062427,-1.0576386,-1.055843,-1.0474633,-1.0307038,-1.0414777,-1.0384849,-1.0229226,-1.0115502,-0.9888053,-1.0354922,-1.0564415,-1.0522517,-0.9852139999999999,-1.0211270000000001,-1.0097545,-1.0223241,-1.0348936,-0.99778354,-0.9624690999999999,-0.96187055,-0.9648633,-0.95229375,-0.9343372,-0.93972415,-0.9487024,-0.92057055,-0.92775315,-0.93972415,-0.9068039000000001,-0.92535895,-0.90859956,-0.9187749,-0.93373865,-0.8924386999999999,-0.88525605,4
-1.0564415,-1.0522517,-0.9852139999999999,-1.0211270000000001,-1.0097545,-1.0223241,-1.0348936,-0.99778354,-0.9624690999999999,-0.96187055,-0.9648633,-0.95229375,-0.9343372,-0.93972415,-0.9487024,-0.92057055,-0.92775315,-0.93972415,-0.9068039000000001,-0.92535895,-0.90859956,-0.9187749,-0.93373865,-0.8924386999999999,-0.88525605,-0.9008184000000001,-0.8960299999999999,-0.87208796,-0.8607155000000001,-0.8242039000000001,-0.87807345,-0.88525605,-0.8738836,-0.8912416,-0.81343,-0.8475474000000001,-0.9032126,-0.8499416,-0.8265981,-0.83378077,-0.82121116,-0.825401,-0.8146270999999999,-0.79487497,-0.82121116,-0.7918821999999999,-0.80804306,-0.7954735,-0.8206126,-0.79248077,4
-0.9008184000000001,-0.8960299999999999,-0.87208796,-0.8607155000000001,-0.8242039000000001,-0.87807345,-0.88525605,-0.8738836,-0.8912416,-0.81343,-0.8475474000000001,-0.9032126,-0.8499416,-0.8265981,-0.83378077,-0.82121116,-0.825401,-0.8146270999999999,-0.79487497,-0.82121116,-0.7918821999999999,-0.80804306,-0.7954735,-0.8206126,-0.79248077,-0.81881696,-0.79966336,-0.78170687,-0.81522566,-0.7799111999999999,-0.79966336,-0.7882909,-0.78050977,-0.7428011,-0.76195467,-0.7350199000000001,-0.80684596,-0.79726917,-0.81642276,-0.7374141,-0.75237787,-0.75716627,-0.75596917,-0.7823054,-0.7469909,-0.7428011,-0.7278373,-0.760159,-0.7649474,-0.78290397,4
-0.81881696,-0.79966336,-0.78170687,-0.81522566,-0.7799111999999999,-0.79966336,-0.7882909,-0.78050977,-0.7428011,-0.76195467,-0.7350199000000001,-0.80684596,-0.79726917,-0.81642276,-0.7374141,-0.75237787,-0.75716627,-0.75596917,-0.7823054,-0.7469909,-0.7428011,-0.7278373,-0.760159,-0.7649474,-0.78290397,-0.78888947,-0.7787141,-0.79367787,-0.80445176,-0.7823054,-0.842759,-0.81343,-0.82779527,-0.81343,-0.85173726,-0.83018947,-0.8762778,-0.8882488000000002,-0.8774749,-0.8750806999999999,-0.87687635,-0.8996213,-0.9319430000000001,-0.99538934,-0.9744401,-0.91099375,-0.92296475,-0.93134445,-0.9840169,-1.0055646999999999,4
-0.78888947,-0.7787141,-0.79367787,-0.80445176,-0.7823054,-0.842759,-0.81343,-0.82779527,-0.81343,-0.85173726,-0.83018947,-0.8762778,-0.8882488000000002,-0.8774749,-0.8750806999999999,-0.87687635,-0.8996213,-0.9319430000000001,-0.99538934,-0.9744401,-0.91099375,-0.92296475,-0.93134445,-0.9840169,-1.0055646999999999,-0.96426475,-0.9660603999999999,-0.98222125,-0.99778354,-1.0037690000000001,-1.0319009,-1.0301052,-1.027711,-1.0193313,-1.0516531,-1.06123,-1.0462662,-1.0761937,-1.0462662,-1.0576386,-1.0408791,-1.067814,-1.0666169,-1.0947487,-1.0983399999999999,-1.1007341999999998,-1.0863690000000001,-1.0887632,-1.1905168,-1.122282,4
-0.96426475,-0.9660603999999999,-0.98222125,-0.99778354,-1.0037690000000001,-1.0319009,-1.0301052,-1.027711,-1.0193313,-1.0516531,-1.06123,-1.0462662,-1.0761937,-1.0462662,-1.0576386,-1.0408791,-1.067814,-1.0666169,-1.0947487,-1.0983399999999999,-1.1007341999999998,-1.0863690000000001,-1.0887632,-1.1905168,-1.122282,-1.1150993999999999,-1.1007341999999998,-1.0977415000000001,-1.1073183000000002,-1.1019313,-1.0977415000000001,-1.0971429,-1.0642227,-1.0666169,-1.0893618,-1.0737995,-1.073201,-1.0444705,-1.0660183,-1.06123,-1.0654198000000001,-1.0720038,-1.039682,-1.0498575,-1.0217254999999998,-1.0283096,-1.0283096,-1.0390834999999998,-1.0043676,-1.0097545,4
-1.1150993999999999,-1.1007341999999998,-1.0977415000000001,-1.1073183000000002,-1.1019313,-1.0977415000000001,-1.0971429,-1.0642227,-1.0666169,-1.0893618,-1.0737995,-1.073201,-1.0444705,-1.0660183,-1.06123,-1.0654198000000001,-1.0720038,-1.039682,-1.0498575,-1.0217254999999998,-1.0283096,-1.0283096,-1.0390834999999998,-1.0043676,-1.0097545,-1.0151415000000001,-0.97025025,-0.98581254,-0.97743285,-1.0498575,-1.0007763,-0.9852139999999999,-0.9756372,-0.9636662,-0.98820674,-1.0157399999999999,-0.9768343,-0.95109665,-0.9684546,-0.9636662,-0.9528923,-0.92895025,-0.94211835,-0.9283517,-0.9355343,-0.9307459000000001,-0.93972415,-0.97862995,-0.9475053,-0.95827925,4
-1.0151415000000001,-0.97025025,-0.98581254,-0.97743285,-1.0498575,-1.0007763,-0.9852139999999999,-0.9756372,-0.9636662,-0.98820674,-1.0157399999999999,-0.9768343,-0.95109665,-0.9684546,-0.9636662,-0.9528923,-0.92895025,-0.94211835,-0.9283517,-0.9355343,-0.9307459000000001,-0.93972415,-0.97862995,-0.9475053,-0.95827925,-0.9331401,-0.91099375,-0.91219085,-0.92416185,-0.8948328999999999,-0.90500826,-0.8846575000000001,-0.8912416,-0.85772276,-0.84455466,-0.90979666,-0.86849666,-0.87208796,-0.86969376,-0.97384155,-0.89543146,-0.9080010000000001,-0.8834603999999999,-0.7930793,-0.8595184000000001,-0.8631097,-0.8607155000000001,-0.8206126,-0.82121116,-0.82480246,4
-0.9331401,-0.91099375,-0.91219085,-0.92416185,-0.8948328999999999,-0.90500826,-0.8846575000000001,-0.8912416,-0.85772276,-0.84455466,-0.90979666,-0.86849666,-0.87208796,-0.86969376,-0.97384155,-0.89543146,-0.9080010000000001,-0.8834603999999999,-0.7930793,-0.8595184000000001,-0.8631097,-0.8607155000000001,-0.8206126,-0.82121116,-0.82480246,-0.830788,-0.84096336,-0.82240826,-0.8230068000000001,-0.81283146,-0.80325466,-0.83018947,-0.79607207,-0.8038531999999999,-0.79487497,-0.80445176,-0.81043726,-0.81343,-0.76434886,-0.7751228,-0.760159,-0.8206126,-0.82480246,-0.79966336,-0.8098387,-0.79726917,-0.80205756,-0.81522566,-0.78050977,-0.7691373,4
-0.830788,-0.84096336,-0.82240826,-0.8230068000000001,-0.81283146,-0.80325466,-0.83018947,-0.79607207,-0.8038531999999999,-0.79487497,-0.80445176,-0.81043726,-0.81343,-0.76434886,-0.7751228,-0.760159,-0.8206126,-0.82480246,-0.79966336,-0.8098387,-0.79726917,-0.80205756,-0.81522566,-0.78050977,-0.7691373,-0.748188,-0.7541734999999999,-0.7517793,-0.7326256999999999,-0.7589619000000001,-0.75357497,-0.7697359,-0.7858967,-0.80564886,-0.8170213000000001,-0.81642276,-0.79726917,-0.8403648000000001,-0.82240826,-0.84694886,-0.84934306,-0.83378077,-0.8403648000000001,-0.8655039000000001,-0.8619126,-0.85173726,-0.8655039000000001,-0.9091981,-0.9367314,-0.8936358,4
-0.748188,-0.7541734999999999,-0.7517793,-0.7326256999999999,-0.7589619000000001,-0.75357497,-0.7697359,-0.7858967,-0.80564886,-0.8170213000000001,-0.81642276,-0.79726917,-0.8403648000000001,-0.82240826,-0.84694886,-0.84934306,-0.83378077,-0.8403648000000001,-0.8655039000000001,-0.8619126,-0.85173726,-0.8655039000000001,-0.9091981,-0.9367314,-0.8936358,-0.91458505,-0.93852705,-0.9427169,-0.9828198,-0.9911995000000001,-0.97264445,-0.97384155,-0.97743285,-0.99898064,-0.9732430000000001,-0.95827925,-0.98461545,-1.0324994,-1.0223241,-0.99299514,-1.0235212,-1.0785878999999998,-1.0869676000000001,-1.0432734000000001,-1.0217254999999998,-1.0319009,-1.0217254999999998,-1.062427,-1.073201,-1.0881646999999999,4
-0.91458505,-0.93852705,-0.9427169,-0.9828198,-0.9911995000000001,-0.97264445,-0.97384155,-0.97743285,-0.99898064,-0.9732430000000001,-0.95827925,-0.98461545,-1.0324994,-1.0223241,-0.99299514,-1.0235212,-1.0785878999999998,-1.0869676000000001,-1.0432734000000001,-1.0217254999999998,-1.0319009,-1.0217254999999998,-1.062427,-1.073201,-1.0881646999999999,-1.0630256,-1.067814,-1.0348936,-1.1150993999999999,-1.1264718999999999,-1.0959458,-1.1043254999999998,-1.1001357,-1.1294646000000002,-1.1240777,-1.1306617,-1.1025299,-1.0857705,-1.1180921999999998,-1.0965444,-1.1013328000000002,-1.0959458,-1.0929531000000001,-1.0767921999999999,-1.0773908,-1.0809821000000002,-1.0899603,-1.0887632,-1.0791864,-1.0378863999999999,4
-1.0630256,-1.067814,-1.0348936,-1.1150993999999999,-1.1264718999999999,-1.0959458,-1.1043254999999998,-1.1001357,-1.1294646000000002,-1.1240777,-1.1306617,-1.1025299,-1.0857705,-1.1180921999999998,-1.0965444,-1.1013328000000002,-1.0959458,-1.0929531000000001,-1.0767921999999999,-1.0773908,-1.0809821000000002,-1.0899603,-1.0887632,-1.0791864,-1.0378863999999999,-1.0528502,-1.0552443999999999,-1.049259,-1.0552443999999999,-1.0139444,-1.0390834999999998,-1.0157399999999999,-1.0247183000000002,-1.0139444,-1.0773908,-1.0384849,-1.0151415000000001,-0.9947908000000001,-1.009156,-1.0109516,-1.0073603000000002,-1.0127473,-0.9852139999999999,-0.9600749,-0.9528923,-0.9804255999999999,-0.95349085,-0.9475053,-0.94451255,-0.9211690999999999,4
-1.0528502,-1.0552443999999999,-1.049259,-1.0552443999999999,-1.0139444,-1.0390834999999998,-1.0157399999999999,-1.0247183000000002,-1.0139444,-1.0773908,-1.0384849,-1.0151415000000001,-0.9947908000000001,-1.009156,-1.0109516,-1.0073603000000002,-1.0127473,-0.9852139999999999,-0.9600749,-0.9528923,-0.9804255999999999,-0.95349085,-0.9475053,-0.94451255,-0.9211690999999999,-0.9415198,-0.9295488000000001,-0.9199719999999999,-0.92775315,-0.9175778,-0.9127894,-0.90859956,-0.8972271,-0.8798690999999998,-0.8996213,-0.87807345,-0.8870517,-0.85891986,-0.84096336,-0.8547299999999999,-0.89902276,-0.89423436,-0.88286185,-0.8535328999999999,-0.87567925,-0.86610246,-0.85891986,-0.8487445,-0.84694886,-0.8098387,4
-0.9415198,-0.9295488000000001,-0.9199719999999999,-0.92775315,-0.9175778,-0.9127894,-0.90859956,-0.8972271,-0.8798690999999998,-0.8996213,-0.87807345,-0.8870517,-0.85891986,-0.84096336,-0.8547299999999999,-0.89902276,-0.89423436,-0.88286185,-0.8535328999999999,-0.87567925,-0.86610246,-0.85891986,-0.8487445,-0.84694886,-0.8098387,-0.81163436,-0.81761986,-0.7870938000000001,-0.82779527,-0.8050503000000001,-0.801459,-0.80684596,-0.81283146,-0.8218097,-0.82779527,-0.7781156,-0.7930793,-0.789488,-0.7751228,-0.777517,-0.78769237,-0.7918821999999999,-0.75357497,-0.7422025,-0.7517793,-0.8002619000000001,-0.8182184,-0.7882909,-0.7769185000000001,-0.78529817,4
-0.81163436,-0.81761986,-0.7870938000000001,-0.82779527,-0.8050503000000001,-0.801459,-0.80684596,-0.81283146,-0.8218097,-0.82779527,-0.7781156,-0.7930793,-0.789488,-0.7751228,-0.777517,-0.78769237,-0.7918821999999999,-0.75357497,-0.7422025,-0.7517793,-0.8002619000000001,-0.8182184,-0.7882909,-0.7769185000000001,-0.78529817,-0.81522566,-0.8230068000000001,-0.8110358,-0.7757214,-0.7769185000000001,-0.76315176,-0.7589619000000001,-0.7679402,-0.7266402,-0.760159,-0.7302314999999999,-0.7218518,-0.7469909,-0.74758947,-0.7691373,-0.7727286,-0.7787141,-0.7757214,-0.7679402,-0.789488,-0.79367787,-0.7918821999999999,-0.7823054,-0.8170213000000001,-0.82899237,4
-0.81522566,-0.8230068000000001,-0.8110358,-0.7757214,-0.7769185000000001,-0.76315176,-0.7589619000000001,-0.7679402,-0.7266402,-0.760159,-0.7302314999999999,-0.7218518,-0.7469909,-0.74758947,-0.7691373,-0.7727286,-0.7787141,-0.7757214,-0.7679402,-0.789488,-0.79367787,-0.7918821999999999,-0.7823054,-0.8170213000000001,-0.82899237,-0.81761986,-0.84575176,-0.86969376,-0.87927055,-0.8475474000000001,-0.8559271,-0.87328506,-0.88405895,-0.9223662,-0.94211835,-0.9163806999999999,-0.9247603999999999,-0.91697925,-0.94690675,-0.9175778,-0.9564835999999999,-0.95708215,-0.96546185,-0.97982705,-0.9852139999999999,-1.0121487,-0.99060094,-1.0121487,-1.0223241,-1.0073603000000002,4
-0.81761986,-0.84575176,-0.86969376,-0.87927055,-0.8475474000000001,-0.8559271,-0.87328506,-0.88405895,-0.9223662,-0.94211835,-0.9163806999999999,-0.9247603999999999,-0.91697925,-0.94690675,-0.9175778,-0.9564835999999999,-0.95708215,-0.96546185,-0.97982705,-0.9852139999999999,-1.0121487,-0.99060094,-1.0121487,-1.0223241,-1.0073603000000002,-1.0067618,-1.0145429,-1.0330979999999998,-1.043872,-1.0295067,-1.0390834999999998,-1.0378863999999999,-1.0289081,-1.0899603,-1.0959458,-1.0606314,-1.049259,-1.0857705,-1.0977415000000001,-1.1432313,-1.1498153,-1.1198878,-1.1049241,-1.0959458,-1.1192893,-1.1378443,-1.1414356,-1.1480197,-1.1252748,-1.1540052,4
-1.0067618,-1.0145429,-1.0330979999999998,-1.043872,-1.0295067,-1.0390834999999998,-1.0378863999999999,-1.0289081,-1.0899603,-1.0959458,-1.0606314,-1.049259,-1.0857705,-1.0977415000000001,-1.1432313,-1.1498153,-1.1198878,-1.1049241,-1.0959458,-1.1192893,-1.1378443,-1.1414356,-1.1480197,-1.1252748,-1.1540052,-1.1599906999999998,-1.1683705,-1.1426326999999998,-1.174356,-1.1761516,-1.1569979,-1.1486181999999998,-1.1599906999999998,-1.158195,-1.1450268999999997,-1.1390414,-1.1378443,-1.1228806,-1.122282,-1.1067197,-1.1426326999999998,-1.1085154,-1.0863690000000001,-1.0749966,-1.0779893,-1.0899603,-1.1198878,-1.1270704,-1.0737995,-1.049259,4
-1.1599906999999998,-1.1683705,-1.1426326999999998,-1.174356,-1.1761516,-1.1569979,-1.1486181999999998,-1.1599906999999998,-1.158195,-1.1450268999999997,-1.1390414,-1.1378443,-1.1228806,-1.122282,-1.1067197,-1.1426326999999998,-1.1085154,-1.0863690000000001,-1.0749966,-1.0779893,-1.0899603,-1.1198878,-1.1270704,-1.0737995,-1.049259,-1.0600328,-1.0761937,-1.055843,-1.0432734000000001,-1.049259,-1.0199299000000002,-1.0462662,-1.0582372,-1.0157399999999999,-1.0253168,-0.98940384,-1.0037690000000001,-0.98461545,-0.9923966000000001,-0.9864110999999999,-0.9792285,-0.9708488000000001,-0.9780314,-0.9732430000000001,-0.9355343,-0.9080010000000001,-0.9516952,-0.9720459000000001,-0.93732995,-0.92057055,4
-1.0600328,-1.0761937,-1.055843,-1.0432734000000001,-1.049259,-1.0199299000000002,-1.0462662,-1.0582372,-1.0157399999999999,-1.0253168,-0.98940384,-1.0037690000000001,-0.98461545,-0.9923966000000001,-0.9864110999999999,-0.9792285,-0.9708488000000001,-0.9780314,-0.9732430000000001,-0.9355343,-0.9080010000000001,-0.9516952,-0.9720459000000001,-0.93732995,-0.92057055,-0.9187749,-0.90859956,-0.9199719999999999,-0.94092125,-0.9115923,-0.87448215,-0.8702923,-0.8786719999999999,-0.8690952,-0.8714894,-0.8762778,-0.86490536,-0.8499416,-0.87687635,-0.85054016,-0.85532856,-0.8463503000000001,-0.84216046,-0.8523358,-0.8265981,-0.84694886,-0.8230068000000001,-0.825401,-0.8002619000000001,-0.80804306,4
-0.9187749,-0.90859956,-0.9199719999999999,-0.94092125,-0.9115923,-0.87448215,-0.8702923,-0.8786719999999999,-0.8690952,-0.8714894,-0.8762778,-0.86490536,-0.8499416,-0.87687635,-0.85054016,-0.85532856,-0.8463503000000001,-0.84216046,-0.8523358,-0.8265981,-0.84694886,-0.8230068000000001,-0.825401,-0.8002619000000001,-0.80804306,-0.81043726,-0.7942764,-0.7978677,-0.8355764000000001,-0.825401,-0.78769237,-0.7344214,-0.7835025,-0.80804306,-0.81402856,-0.81522566,-0.7858967,-0.7577648,-0.7799111999999999,-0.8002619000000001,-0.7667431,-0.7745243,-0.7565677,-0.76195467,-0.7404069000000001,-0.75357497,-0.7529764,-0.7577648,-0.76195467,-0.7422025,4
-0.81043726,-0.7942764,-0.7978677,-0.8355764000000001,-0.825401,-0.78769237,-0.7344214,-0.7835025,-0.80804306,-0.81402856,-0.81522566,-0.7858967,-0.7577648,-0.7799111999999999,-0.8002619000000001,-0.7667431,-0.7745243,-0.7565677,-0.76195467,-0.7404069000000001,-0.75357497,-0.7529764,-0.7577648,-0.76195467,-0.7422025,-0.7404069000000001,-0.74399817,-0.7703344,-0.7392098000000001,-0.7493850999999999,-0.7284359,-0.7182605,-0.7386111999999999,-0.75716627,-0.6937199000000001,-0.7517793,-0.7505821999999999,-0.75956047,-0.7062895,-0.7080852,-0.7272388000000001,-0.7517793,-0.76075757,-0.74399817,-0.7254431,-0.7422025,-0.7272388000000001,-0.7284359,-0.6967127,-0.7146691999999999,4
-0.7404069000000001,-0.74399817,-0.7703344,-0.7392098000000001,-0.7493850999999999,-0.7284359,-0.7182605,-0.7386111999999999,-0.75716627,-0.6937199000000001,-0.7517793,-0.7505821999999999,-0.75956047,-0.7062895,-0.7080852,-0.7272388000000001,-0.7517793,-0.76075757,-0.74399817,-0.7254431,-0.7422025,-0.7272388000000001,-0.7284359,-0.6967127,-0.7146691999999999,-0.6859388000000001,-0.705691,-0.7332243,-0.7278373,-0.7380127,-0.7661445,-0.75956047,-0.7529764,-0.78410107,-0.7649474,-0.79846627,-0.81343,-0.81043726,-0.81402856,-0.81881696,-0.8559271,-0.8798690999999998,-0.8523358,-0.86131406,-0.9008184000000001,-0.88525605,-0.9032126,-0.90021986,-0.93972415,-0.96067345,4
-0.6859388000000001,-0.705691,-0.7332243,-0.7278373,-0.7380127,-0.7661445,-0.75956047,-0.7529764,-0.78410107,-0.7649474,-0.79846627,-0.81343,-0.81043726,-0.81402856,-0.81881696,-0.8559271,-0.8798690999999998,-0.8523358,-0.86131406,-0.9008184000000001,-0.88525605,-0.9032126,-0.90021986,-0.93972415,-0.96067345,-0.9876082,-0.96785605,-0.94810385,-0.9475053,-0.97743285,-0.9947908000000001,-0.97862995,-0.99778354,-0.97862995,-0.9732430000000001,-0.99898064,-1.0007763,-1.0169370999999998,-1.0420763000000002,-1.0384849,-1.0157399999999999,-1.0187328000000002,-1.0432734000000001,-1.062427,-1.0390834999999998,-1.0384849,-1.0714053,-1.06123,-1.0540473,-1.0582372,4
-0.9876082,-0.96785605,-0.94810385,-0.9475053,-0.97743285,-0.9947908000000001,-0.97862995,-0.99778354,-0.97862995,-0.9732430000000001,-0.99898064,-1.0007763,-1.0169370999999998,-1.0420763000000002,-1.0384849,-1.0157399999999999,-1.0187328000000002,-1.0432734000000001,-1.062427,-1.0390834999999998,-1.0384849,-1.0714053,-1.06123,-1.0540473,-1.0582372,-1.0827777,-1.1007341999999998,-1.0779893,-1.0827777,-1.0965444,-1.0893618,-1.1498153,-1.1641805,-1.1390414,-1.1246762,-1.1528081000000001,-1.1569979,-1.1761516,-1.1474211,-1.1659763,-1.1689690000000001,-1.1611878,-1.1605892,-1.1965023000000001,-1.1887212,-1.1767502,-1.1593921,-1.1671733999999998,-1.1695676000000002,-1.1695676000000002,4
-1.0827777,-1.1007341999999998,-1.0779893,-1.0827777,-1.0965444,-1.0893618,-1.1498153,-1.1641805,-1.1390414,-1.1246762,-1.1528081000000001,-1.1569979,-1.1761516,-1.1474211,-1.1659763,-1.1689690000000001,-1.1611878,-1.1605892,-1.1965023000000001,-1.1887212,-1.1767502,-1.1593921,-1.1671733999999998,-1.1695676000000002,-1.1695676000000002,-1.174356,-1.1575965,-1.1575965,-1.1659763,-1.1150993999999999,-1.0869676000000001,-1.0726023999999998,-1.1486181999999998,-1.1061212,-1.1037270000000001,-1.1025299,-1.0827777,-1.1091138999999999,-1.1378443,-1.1210848999999998,-1.0887632,-1.0528502,-1.0869676000000001,-1.0833763,-1.0648212,-1.0570401000000003,-1.0313023000000001,-1.0378863999999999,-1.0636241000000002,-1.0618285,4
-1.174356,-1.1575965,-1.1575965,-1.1659763,-1.1150993999999999,-1.0869676000000001,-1.0726023999999998,-1.1486181999999998,-1.1061212,-1.1037270000000001,-1.1025299,-1.0827777,-1.1091138999999999,-1.1378443,-1.1210848999999998,-1.0887632,-1.0528502,-1.0869676000000001,-1.0833763,-1.0648212,-1.0570401000000003,-1.0313023000000001,-1.0378863999999999,-1.0636241000000002,-1.0618285,-1.0462662,-1.0408791,-1.0193313,-1.0348936,-0.9959879,-1.0139444,-0.9864110999999999,-1.0139444,-0.9828198,-0.98820674,-0.96187055,-0.95827925,-0.94331545,-0.9780314,-0.9732430000000001,-0.95229375,-0.9576806999999999,-0.9552864999999999,-0.9403226999999998,-0.95947635,-0.96306765,-0.9271546,-0.89064306,-0.89423436,-0.89543146,4
-1.0462662,-1.0408791,-1.0193313,-1.0348936,-0.9959879,-1.0139444,-0.9864110999999999,-1.0139444,-0.9828198,-0.98820674,-0.96187055,-0.95827925,-0.94331545,-0.9780314,-0.9732430000000001,-0.95229375,-0.9576806999999999,-0.9552864999999999,-0.9403226999999998,-0.95947635,-0.96306765,-0.9271546,-0.89064306,-0.89423436,-0.89543146,-0.9032126,-0.86610246,-0.8822633,-0.8762778,-0.8690952,-0.8702923,-0.87089086,-0.8631097,-0.8595184000000001,-0.8547299999999999,-0.842759,-0.8379706,-0.8439561,-0.8535328999999999,-0.86251116,-0.8230068000000001,-0.830788,-0.82240826,-0.8265981,-0.78888947,-0.8403648000000001,-0.8487445,-0.81163436,-0.7858967,-0.79966336,4
-0.9032126,-0.86610246,-0.8822633,-0.8762778,-0.8690952,-0.8702923,-0.87089086,-0.8631097,-0.8595184000000001,-0.8547299999999999,-0.842759,-0.8379706,-0.8439561,-0.8535328999999999,-0.86251116,-0.8230068000000001,-0.830788,-0.82240826,-0.8265981,-0.78888947,-0.8403648000000001,-0.8487445,-0.81163436,-0.7858967,-0.79966336,-0.8026561,-0.83138657,-0.82001406,-0.8026561,-0.8038531999999999,-0.80086046,-0.8002619000000001,-0.79248077,-0.7769185000000001,-0.79966336,-0.79248077,-0.7691373,-0.75596917,-0.76075757,-0.7667431,-0.7799111999999999,-0.76075757,-0.7637503000000001,-0.75596917,-0.74519527,-0.7685388000000001,-0.7398083000000001,-0.748188,-0.7194576,-0.7493850999999999,4
-0.8026561,-0.83138657,-0.82001406,-0.8026561,-0.8038531999999999,-0.80086046,-0.8002619000000001,-0.79248077,-0.7769185000000001,-0.79966336,-0.79248077,-0.7691373,-0.75596917,-0.76075757,-0.7667431,-0.7799111999999999,-0.76075757,-0.7637503000000001,-0.75596917,-0.74519527,-0.7685388000000001,-0.7398083000000001,-0.748188,-0.7194576,-0.7493850999999999,-0.76075757,-0.75118077,-0.78170687,-0.81642276,-0.7846996,-0.7739256999999999,-0.80684596,-0.82899237,-0.8643068000000002,-0.8822633,-0.8702923,-0.8595184000000001,-0.87687635,-0.8822633,-0.88944596,-0.89902276,-0.9127894,-0.8912416,-0.91817635,-0.9427169,-0.94690675,-0.98102415,-0.9660603999999999,-0.9355343,-0.9792285,4
-0.76075757,-0.75118077,-0.78170687,-0.81642276,-0.7846996,-0.7739256999999999,-0.80684596,-0.82899237,-0.8643068000000002,-0.8822633,-0.8702923,-0.8595184000000001,-0.87687635,-0.8822633,-0.88944596,-0.89902276,-0.9127894,-0.8912416,-0.91817635,-0.9427169,-0.94690675,-0.98102415,-0.9660603999999999,-0.9355343,-0.9792285,-0.9900024,-0.97144735,-0.98102415,-0.97264445,-1.0007763,-1.0097545,-0.99060094,-1.0013748,-1.002572,-1.0289081,-1.0726023999999998,-1.0181341999999998,-1.0444705,-1.0414777,-1.0420763000000002,-1.0827777,-1.0863690000000001,-1.0791864,-1.0821792,-1.0839748,-1.0869676000000001,-1.0995371,-1.0749966,-1.1145009,-1.1186907,4
-0.9900024,-0.97144735,-0.98102415,-0.97264445,-1.0007763,-1.0097545,-0.99060094,-1.0013748,-1.002572,-1.0289081,-1.0726023999999998,-1.0181341999999998,-1.0444705,-1.0414777,-1.0420763000000002,-1.0827777,-1.0863690000000001,-1.0791864,-1.0821792,-1.0839748,-1.0869676000000001,-1.0995371,-1.0749966,-1.1145009,-1.1186907,-1.1306617,-1.1234791000000002,-1.1354501000000001,-1.1438298,-1.1522094999999999,-1.1773487,-1.158195,-1.1468226000000001,-1.1474211,-1.1498153,-1.1641805,-1.1480197,-1.1372458,-1.1306617,-1.1115081,-1.1240777,-1.1665748,-1.1210848999999998,-1.0791864,-1.0857705,-1.1085154,-1.1073183000000002,-1.1156979999999999,-1.0971429,-1.0702082,4
-1.1306617,-1.1234791000000002,-1.1354501000000001,-1.1438298,-1.1522094999999999,-1.1773487,-1.158195,-1.1468226000000001,-1.1474211,-1.1498153,-1.1641805,-1.1480197,-1.1372458,-1.1306617,-1.1115081,-1.1240777,-1.1665748,-1.1210848999999998,-1.0791864,-1.0857705,-1.1085154,-1.1073183000000002,-1.1156979999999999,-1.0971429,-1.0702082,-1.0821792,-1.0726023999999998,-1.0953473,-1.0600328,-1.0522517,-1.06123,-1.0486604,-1.027711,-1.0253168,-1.0600328,-1.0259154000000001,-1.002572,-1.0031705,-1.0055646999999999,-0.97982705,-0.9947908000000001,-0.9888053,-0.95947635,-0.9852139999999999,-0.98461545,-0.9271546,-0.97623575,-0.98102415,-0.9343372,-0.9367314,4
-1.0821792,-1.0726023999999998,-1.0953473,-1.0600328,-1.0522517,-1.06123,-1.0486604,-1.027711,-1.0253168,-1.0600328,-1.0259154000000001,-1.002572,-1.0031705,-1.0055646999999999,-0.97982705,-0.9947908000000001,-0.9888053,-0.95947635,-0.9852139999999999,-0.98461545,-0.9271546,-0.97623575,-0.98102415,-0.9343372,-0.9367314,-0.9307459000000001,-0.9487024,-0.93014735,-0.96067345,-0.90859956,-0.8834603999999999,-0.9032126,-0.8936358,-0.89662856,-0.87089086,-0.8643068000000002,-0.8774749,-0.87448215,-0.86849666,-0.8487445,-0.87567925,-0.8655039000000001,-0.83737206,-0.8475474000000001,-0.84455466,-0.8451531999999999,-0.8343792999999999,-0.8295909,-0.82240826,-0.79726917,4
-0.9307459000000001,-0.9487024,-0.93014735,-0.96067345,-0.90859956,-0.8834603999999999,-0.9032126,-0.8936358,-0.89662856,-0.87089086,-0.8643068000000002,-0.8774749,-0.87448215,-0.86849666,-0.8487445,-0.87567925,-0.8655039000000001,-0.83737206,-0.8475474000000001,-0.84455466,-0.8451531999999999,-0.8343792999999999,-0.8295909,-0.82240826,-0.79726917,-0.7990648,-0.7793127,-0.82001406,-0.8283938,-0.8050503000000001,-0.7835025,-0.7799111999999999,-0.7918821999999999,-0.8230068000000001,-0.81761986,-0.7930793,-0.79726917,-0.7589619000000001,-0.8050503000000001,-0.78529817,-0.78170687,-0.76554596,-0.7882909,-0.7529764,-0.7613561,-0.7739256999999999,-0.79128367,-0.78290397,-0.777517,-0.7721300999999999,4
-0.7990648,-0.7793127,-0.82001406,-0.8283938,-0.8050503000000001,-0.7835025,-0.7799111999999999,-0.7918821999999999,-0.8230068000000001,-0.81761986,-0.7930793,-0.79726917,-0.7589619000000001,-0.8050503000000001,-0.78529817,-0.78170687,-0.76554596,-0.7882909,-0.7529764,-0.7613561,-0.7739256999999999,-0.79128367,-0.78290397,-0.777517,-0.7721300999999999,-0.7685388000000001,-0.7398083000000001,-0.76195467,-0.76315176,-0.7691373,-0.7589619000000001,-0.7589619000000001,-0.75357497,-0.75836337,-0.7703344,-0.79846627,-0.8415619000000001,-0.80924016,-0.8295909,-0.83138657,-0.85891986,-0.88405895,-0.90141696,-0.86490536,-0.8912416,-0.89303726,-0.9008184000000001,-0.90381116,-0.91937345,-0.93972415,4
-0.7685388000000001,-0.7398083000000001,-0.76195467,-0.76315176,-0.7691373,-0.7589619000000001,-0.7589619000000001,-0.75357497,-0.75836337,-0.7703344,-0.79846627,-0.8415619000000001,-0.80924016,-0.8295909,-0.83138657,-0.85891986,-0.88405895,-0.90141696,-0.86490536,-0.8912416,-0.89303726,-0.9008184000000001,-0.90381116,-0.91937345,-0.93972415,-0.9199719999999999,-0.93254155,-0.9576806999999999,-0.9744401,-0.9756372,-1.0013748,-0.97982705,-0.9983820999999999,-0.9888053,-1.0169370999999998,-1.0211270000000001,-1.0223241,-1.0247183000000002,-1.0301052,-1.0283096,-1.0073603000000002,-1.0283096,-1.0690111,-1.0791864,-1.0630256,-1.0726023999999998,-1.0755951000000001,-1.1031284,-1.1264718999999999,-1.122282,4
-0.9199719999999999,-0.93254155,-0.9576806999999999,-0.9744401,-0.9756372,-1.0013748,-0.97982705,-0.9983820999999999,-0.9888053,-1.0169370999999998,-1.0211270000000001,-1.0223241,-1.0247183000000002,-1.0301052,-1.0283096,-1.0073603000000002,-1.0283096,-1.0690111,-1.0791864,-1.0630256,-1.0726023999999998,-1.0755951000000001,-1.1031284,-1.1264718999999999,-1.122282,-1.1007341999999998,-1.1061212,-1.1264718999999999,-1.1192893,-1.1115081,-1.13964,-1.1330559,-1.1611878,-1.1348516000000002,-1.1677719,-1.1911154,-1.192911,-1.1701661,-1.1809399999999999,-1.1923125,-1.2150573999999998,-1.2336124,-1.1893197,-1.2012907,-1.2090718999999999,-1.1803415000000002,-1.1911154,-1.1563994,-1.2090718999999999,-1.2180501,4
-1.1007341999999998,-1.1061212,-1.1264718999999999,-1.1192893,-1.1115081,-1.13964,-1.1330559,-1.1611878,-1.1348516000000002,-1.1677719,-1.1911154,-1.192911,-1.1701661,-1.1809399999999999,-1.1923125,-1.2150573999999998,-1.2336124,-1.1893197,-1.2012907,-1.2090718999999999,-1.1803415000000002,-1.1911154,-1.1563994,-1.2090718999999999,-1.2180501,-1.1713632,-1.1486181999999998,-1.1683705,-1.1815386,-1.1833341999999998,-1.1905168,-1.1791444,-1.1216834999999998,-1.1486181999999998,-1.1540052,-1.1504139,-1.0959458,-1.0989386,-1.1007341999999998,-1.0869676000000001,-1.1150993999999999,-1.0959458,-1.0995371,-1.0684125,-1.0737995,-1.0785878999999998,-1.0606314,-1.055843,-1.0522517,-1.0348936,4
-1.1713632,-1.1486181999999998,-1.1683705,-1.1815386,-1.1833341999999998,-1.1905168,-1.1791444,-1.1216834999999998,-1.1486181999999998,-1.1540052,-1.1504139,-1.0959458,-1.0989386,-1.1007341999999998,-1.0869676000000001,-1.1150993999999999,-1.0959458,-1.0995371,-1.0684125,-1.0737995,-1.0785878999999998,-1.0606314,-1.055843,-1.0522517,-1.0348936,-1.0301052,-1.0330979999999998,-1.0043676,-0.997185,-0.98700964,-1.0283096,-1.0043676,-0.98222125,-0.97503865,-0.9744401,-0.99778354,-1.0157399999999999,-0.9935937,-0.96426475,-0.95349085,-0.94451255,-0.9295488000000001,-0.96665895,-0.9247603999999999,-0.91099375,-0.89423436,-0.92535895,-0.9247603999999999,-0.91099375,-0.89662856,4
-1.0301052,-1.0330979999999998,-1.0043676,-0.997185,-0.98700964,-1.0283096,-1.0043676,-0.98222125,-0.97503865,-0.9744401,-0.99778354,-1.0157399999999999,-0.9935937,-0.96426475,-0.95349085,-0.94451255,-0.9295488000000001,-0.96665895,-0.9247603999999999,-0.91099375,-0.89423436,-0.92535895,-0.9247603999999999,-0.91099375,-0.89662856,-0.8960299999999999,-0.91697925,-0.88645315,-0.88405895,-0.8834603999999999,-0.8900445,-0.87567925,-0.87208796,-0.8786719999999999,-0.85173726,-0.84575176,-0.830788,-0.8583213,-0.8798690999999998,-0.8331822,-0.82480246,-0.83976626,-0.8511386999999999,-0.8559271,-0.86490536,-0.81283146,-0.801459,-0.81522566,-0.825401,-0.78529817,4
-0.8960299999999999,-0.91697925,-0.88645315,-0.88405895,-0.8834603999999999,-0.8900445,-0.87567925,-0.87208796,-0.8786719999999999,-0.85173726,-0.84575176,-0.830788,-0.8583213,-0.8798690999999998,-0.8331822,-0.82480246,-0.83976626,-0.8511386999999999,-0.8559271,-0.86490536,-0.81283146,-0.801459,-0.81522566,-0.825401,-0.78529817,-0.79367787,-0.7823054,-0.770933,-0.78410107,-0.78649527,-0.75118077,-0.777517,-0.79487497,-0.7799111999999999,-0.79008657,-0.7823054,-0.7637503000000001,-0.7715314999999999,-0.7757214,-0.7673416999999999,-0.75357497,-0.7727286,-0.80445176,-0.8098387,-0.81761986,-0.8595184000000001,-0.82779527,-0.81163436,-0.8230068000000001,-0.866701,4
-0.79367787,-0.7823054,-0.770933,-0.78410107,-0.78649527,-0.75118077,-0.777517,-0.79487497,-0.7799111999999999,-0.79008657,-0.7823054,-0.7637503000000001,-0.7715314999999999,-0.7757214,-0.7673416999999999,-0.75357497,-0.7727286,-0.80445176,-0.8098387,-0.81761986,-0.8595184000000001,-0.82779527,-0.81163436,-0.8230068000000001,-0.866701,-0.8924386999999999,-0.9091981,-0.9223662,-0.90141696,-0.89064306,-0.9211690999999999,-0.92895025,-0.9463082,-0.91937345,-0.9636662,-0.95588505,-0.97862995,-0.9900024,-0.9876082,-1.0103531,-1.0019734,-1.0019734,-0.9959879,-1.0085574000000002,-1.0133458,-1.0289081,-1.0301052,-1.0450690999999999,-1.0426749,-1.06123,4
-0.8924386999999999,-0.9091981,-0.9223662,-0.90141696,-0.89064306,-0.9211690999999999,-0.92895025,-0.9463082,-0.91937345,-0.9636662,-0.95588505,-0.97862995,-0.9900024,-0.9876082,-1.0103531,-1.0019734,-1.0019734,-0.9959879,-1.0085574000000002,-1.0133458,-1.0289081,-1.0301052,-1.0450690999999999,-1.0426749,-1.06123,-1.0779893,-1.049259,-1.1055226,-1.1162965,-1.0845733999999998,-1.0690111,-1.1043254999999998,-1.1097125,-1.1438298,-1.1384428999999998,-1.1288661,-1.1264718999999999,-1.1324573999999998,-1.1414356,-1.1575965,-1.1737574,-1.1665748,-1.1677719,-1.1827357,-1.1797429,-1.204882,-1.2150573999999998,-1.22224,-1.2030864,-1.2210428999999998,4
-1.0779893,-1.049259,-1.1055226,-1.1162965,-1.0845733999999998,-1.0690111,-1.1043254999999998,-1.1097125,-1.1438298,-1.1384428999999998,-1.1288661,-1.1264718999999999,-1.1324573999999998,-1.1414356,-1.1575965,-1.1737574,-1.1665748,-1.1677719,-1.1827357,-1.1797429,-1.204882,-1.2150573999999998,-1.22224,-1.2030864,-1.2210428999999998,-1.2120646000000002,-1.2120646000000002,-1.204882,-1.2120646000000002,-1.1863270000000001,-1.1719618,-1.2162545,-1.1833341999999998,-1.1713632,-1.1641805,-1.2036848999999998,-1.1839328000000002,-1.1444284,-1.1252748,-1.1516110000000002,-1.1540052,-1.1611878,-1.158195,-1.122282,-1.091756,-1.122282,-1.1264718999999999,-1.0953473,-1.0941502,-1.0899603,4
-1.2120646000000002,-1.2120646000000002,-1.204882,-1.2120646000000002,-1.1863270000000001,-1.1719618,-1.2162545,-1.1833341999999998,-1.1713632,-1.1641805,-1.2036848999999998,-1.1839328000000002,-1.1444284,-1.1252748,-1.1516110000000002,-1.1540052,-1.1611878,-1.158195,-1.122282,-1.091756,-1.122282,-1.1264718999999999,-1.0953473,-1.0941502,-1.0899603,-1.0839748,-1.0749966,-1.0851719,-1.0761937,-1.0761937,-1.062427,-1.0552443999999999,-1.0289081,-1.0336965,-1.0211270000000001,-1.0283096,-1.0223241,-0.99299514,-1.0103531,-0.9804255999999999,-0.9564835999999999,-0.9840169,-1.0103531,-0.9864110999999999,-0.9756372,-0.9487024,-0.9792285,-0.95947635,-0.997185,-0.97862995,4
-1.0839748,-1.0749966,-1.0851719,-1.0761937,-1.0761937,-1.062427,-1.0552443999999999,-1.0289081,-1.0336965,-1.0211270000000001,-1.0283096,-1.0223241,-0.99299514,-1.0103531,-0.9804255999999999,-0.9564835999999999,-0.9840169,-1.0103531,-0.9864110999999999,-0.9756372,-0.9487024,-0.9792285,-0.95947635,-0.997185,-0.97862995,-0.9487024,-0.9415198,-0.92895025,-0.93972415,-0.92535895,-0.90381116,-0.9151836,-0.9020155000000001,-0.8822633,-0.90141696,-0.89064306,-0.8798690999999998,-0.8882488000000002,-0.8798690999999998,-0.86610246,-0.866701,-0.86729956,-0.87807345,-0.87208796,-0.86610246,-0.8379706,-0.8343792999999999,-0.825401,-0.82599956,-0.866701,4
-0.9487024,-0.9415198,-0.92895025,-0.93972415,-0.92535895,-0.90381116,-0.9151836,-0.9020155000000001,-0.8822633,-0.90141696,-0.89064306,-0.8798690999999998,-0.8882488000000002,-0.8798690999999998,-0.86610246,-0.866701,-0.86729956,-0.87807345,-0.87208796,-0.86610246,-0.8379706,-0.8343792999999999,-0.825401,-0.82599956,-0.866701,-0.8726865,-0.83378077,-0.8182184,-0.8158241999999999,-0.83497787,-0.8571242,-0.8559271,-0.83258367,-0.79966336,-0.82001406,-0.82240826,-0.79966336,-0.80804306,-0.78410107,-0.770933,-0.7990648,-0.78170687,-0.7667431,-0.8062474000000001,-0.79487497,-0.78888947,-0.7930793,-0.7745243,-0.79487497,-0.770933,4
-0.8726865,-0.83378077,-0.8182184,-0.8158241999999999,-0.83497787,-0.8571242,-0.8559271,-0.83258367,-0.79966336,-0.82001406,-0.82240826,-0.79966336,-0.80804306,-0.78410107,-0.770933,-0.7990648,-0.78170687,-0.7667431,-0.8062474000000001,-0.79487497,-0.78888947,-0.7930793,-0.7745243,-0.79487497,-0.770933,-0.7739256999999999,-0.7685388000000001,-0.7769185000000001,-0.78290397,-0.777517,-0.7978677,-0.85652566,-0.84096336,-0.7990648,-0.83856916,-0.8331822,-0.8810662,-0.8900445,-0.91219085,-0.88166475,-0.90141696,-0.89782566,-0.9103952,-0.8984242,-0.9056068000000002,-0.9247603999999999,-0.91937345,-0.95708215,-0.97144735,-0.97384155,4
-0.7739256999999999,-0.7685388000000001,-0.7769185000000001,-0.78290397,-0.777517,-0.7978677,-0.85652566,-0.84096336,-0.7990648,-0.83856916,-0.8331822,-0.8810662,-0.8900445,-0.91219085,-0.88166475,-0.90141696,-0.89782566,-0.9103952,-0.8984242,-0.9056068000000002,-0.9247603999999999,-0.91937345,-0.95708215,-0.97144735,-0.97384155,-0.9636662,-0.9684546,-0.9935937,-1.0109516,-0.9983820999999999,-1.0193313,-1.0283096,-1.0324994,-1.0103531,-1.0444705,-1.0516531,-1.0342950999999998,-1.0324994,-1.1079168,-1.0971429,-1.079785,-1.0791864,-1.0893618,-1.1037270000000001,-1.1354501000000001,-1.1109096,-1.1168951,-1.0983399999999999,-1.1174936000000002,-1.1438298,4
-0.9636662,-0.9684546,-0.9935937,-1.0109516,-0.9983820999999999,-1.0193313,-1.0283096,-1.0324994,-1.0103531,-1.0444705,-1.0516531,-1.0342950999999998,-1.0324994,-1.1079168,-1.0971429,-1.079785,-1.0791864,-1.0893618,-1.1037270000000001,-1.1354501000000001,-1.1109096,-1.1168951,-1.0983399999999999,-1.1174936000000002,-1.1438298,-1.1288661,-1.1372458,-1.1402385,-1.1468226000000001,-1.1420341999999999,-1.1785458,-1.1869254999999999,-1.2000936000000002,-1.1911154,-1.2012907,-1.1887212,-1.2234371000000002,-1.2060791000000002,-1.1935096,-1.1947067,-1.2126632,-1.2000936000000002,-1.1994951,-1.1569979,-1.1803415000000002,-1.1911154,-1.1504139,-1.1623849,-1.1522094999999999,-1.1653777,4
-1.1288661,-1.1372458,-1.1402385,-1.1468226000000001,-1.1420341999999999,-1.1785458,-1.1869254999999999,-1.2000936000000002,-1.1911154,-1.2012907,-1.1887212,-1.2234371000000002,-1.2060791000000002,-1.1935096,-1.1947067,-1.2126632,-1.2000936000000002,-1.1994951,-1.1569979,-1.1803415000000002,-1.1911154,-1.1504139,-1.1623849,-1.1522094999999999,-1.1653777,-1.1755531000000001,-1.1665748,-1.1306617,-1.1432313,-1.134253,-1.1109096,-1.1109096,-1.1079168,-1.1073183000000002,-1.0905589,-1.0821792,-1.0929531000000001,-1.079785,-1.110311,-1.0791864,-1.0815806000000001,-1.074398,-1.0672153999999998,-1.0654198000000001,-1.0767921999999999,-1.0540473,-1.0522517,-1.0408791,-1.0259154000000001,-1.0007763,4
-1.1755531000000001,-1.1665748,-1.1306617,-1.1432313,-1.134253,-1.1109096,-1.1109096,-1.1079168,-1.1073183000000002,-1.0905589,-1.0821792,-1.0929531000000001,-1.079785,-1.110311,-1.0791864,-1.0815806000000001,-1.074398,-1.0672153999999998,-1.0654198000000001,-1.0767921999999999,-1.0540473,-1.0522517,-1.0408791,-1.0259154000000001,-1.0007763,-1.0163386,-1.0552443999999999,-1.0163386,-0.99299514,-0.99658644,-0.99778354,-1.002572,-1.0163386,-1.0187328000000002,-0.9804255999999999,-0.96306765,-0.9624690999999999,-0.9792285,-0.95708215,-0.93732995,-0.9403226999999998,-0.9540894,-0.94331545,-0.9415198,-0.93254155,-0.9516952,-0.9247603999999999,-0.9271546,-0.91817635,-0.90859956,4
-1.0163386,-1.0552443999999999,-1.0163386,-0.99299514,-0.99658644,-0.99778354,-1.002572,-1.0163386,-1.0187328000000002,-0.9804255999999999,-0.96306765,-0.9624690999999999,-0.9792285,-0.95708215,-0.93732995,-0.9403226999999998,-0.9540894,-0.94331545,-0.9415198,-0.93254155,-0.9516952,-0.9247603999999999,-0.9271546,-0.91817635,-0.90859956,-0.92416185,-0.90141696,-0.90859956,-0.88405895,-0.87208796,-0.86969376,-0.8619126,-0.87807345,-0.8810662,-0.88286185,-0.8583213,-0.8619126,-0.83737206,-0.83617496,-0.86729956,-0.87448215,-0.8463503000000001,-0.82121116,-0.81343,-0.82001406,-0.8170213000000001,-0.8146270999999999,-0.8026561,-0.7978677,-0.79128367,4
-0.92416185,-0.90141696,-0.90859956,-0.88405895,-0.87208796,-0.86969376,-0.8619126,-0.87807345,-0.8810662,-0.88286185,-0.8583213,-0.8619126,-0.83737206,-0.83617496,-0.86729956,-0.87448215,-0.8463503000000001,-0.82121116,-0.81343,-0.82001406,-0.8170213000000001,-0.8146270999999999,-0.8026561,-0.7978677,-0.79128367,-0.82001406,-0.8158241999999999,-0.789488,-0.81343,-0.79128367,-0.7882909,-0.7799111999999999,-0.7781156,-0.80086046,-0.76075757,-0.78170687,-0.7751228,-0.7691373,-0.7930793,-0.7906850999999999,-0.7882909,-0.8499416,-0.8343792999999999,-0.81043726,-0.8265981,-0.8391677,-0.8960299999999999,-0.8948328999999999,-0.89662856,-0.89423436,4
-0.82001406,-0.8158241999999999,-0.789488,-0.81343,-0.79128367,-0.7882909,-0.7799111999999999,-0.7781156,-0.80086046,-0.76075757,-0.78170687,-0.7751228,-0.7691373,-0.7930793,-0.7906850999999999,-0.7882909,-0.8499416,-0.8343792999999999,-0.81043726,-0.8265981,-0.8391677,-0.8960299999999999,-0.8948328999999999,-0.89662856,-0.89423436,-0.87927055,-0.89902276,-0.9175778,-0.8996213,-0.91817635,-0.96067345,-0.94810385,-0.9415198,-0.9636662,-0.98102415,-1.0115502,-0.9876082,-0.99538934,-1.0121487,-1.0037690000000001,-1.0229226,-1.0360907,-1.0402806,-1.0456676,-1.0187328000000002,-1.073201,-1.0372878,-1.0480618,-1.050456,-1.1133038,4
-0.87927055,-0.89902276,-0.9175778,-0.8996213,-0.91817635,-0.96067345,-0.94810385,-0.9415198,-0.9636662,-0.98102415,-1.0115502,-0.9876082,-0.99538934,-1.0121487,-1.0037690000000001,-1.0229226,-1.0360907,-1.0402806,-1.0456676,-1.0187328000000002,-1.073201,-1.0372878,-1.0480618,-1.050456,-1.1133038,-1.0845733999999998,-1.0582372,-1.0995371,-1.1079168,-1.0983399999999999,-1.1575965,-1.1414356,-1.1354501000000001,-1.146224,-1.1456255,-1.1563994,-1.1522094999999999,-1.1677719,-1.1761516,-1.1761516,-1.2006921999999998,-1.1857284,-1.1941081,-1.2054806,-1.2042834999999998,-1.1917138999999999,-1.2042834999999998,-1.1893197,-1.2066777,-1.1971009,4
-1.0845733999999998,-1.0582372,-1.0995371,-1.1079168,-1.0983399999999999,-1.1575965,-1.1414356,-1.1354501000000001,-1.146224,-1.1456255,-1.1563994,-1.1522094999999999,-1.1677719,-1.1761516,-1.1761516,-1.2006921999999998,-1.1857284,-1.1941081,-1.2054806,-1.2042834999999998,-1.1917138999999999,-1.2042834999999998,-1.1893197,-1.2066777,-1.1971009,-1.1994951,-1.1857284,-1.1905168,-1.1875241,-1.1881226,-1.1563994,-1.1821371,-1.1839328000000002,-1.1288661,-1.1384428999999998,-1.1647792,-1.1480197,-1.1534066,-1.1522094999999999,-1.1121067,-1.1043254999999998,-1.1348516000000002,-1.1037270000000001,-1.1145009,-1.1019313,-1.0773908,-1.0845733999999998,-1.0702082,-1.0815806000000001,-1.0737995,4
-1.1994951,-1.1857284,-1.1905168,-1.1875241,-1.1881226,-1.1563994,-1.1821371,-1.1839328000000002,-1.1288661,-1.1384428999999998,-1.1647792,-1.1480197,-1.1534066,-1.1522094999999999,-1.1121067,-1.1043254999999998,-1.1348516000000002,-1.1037270000000001,-1.1145009,-1.1019313,-1.0773908,-1.0845733999999998,-1.0702082,-1.0815806000000001,-1.0737995,-1.0618285,-1.049259,-1.0480618,-1.043872,-1.0348936,-1.0235212,-1.0420763000000002,-1.027711,-0.9995792,-1.0097545,-1.0139444,-0.9864110999999999,-1.0019734,-0.9864110999999999,-1.0061632,-0.99179804,-0.9648633,-0.9588778,-0.97623575,-0.9672575000000001,-0.98581254,-0.98341835,-0.94331545,-0.9127894,-0.93972415,4
-1.0618285,-1.049259,-1.0480618,-1.043872,-1.0348936,-1.0235212,-1.0420763000000002,-1.027711,-0.9995792,-1.0097545,-1.0139444,-0.9864110999999999,-1.0019734,-0.9864110999999999,-1.0061632,-0.99179804,-0.9648633,-0.9588778,-0.97623575,-0.9672575000000001,-0.98581254,-0.98341835,-0.94331545,-0.9127894,-0.93972415,-0.96665895,-0.92655605,-0.9295488000000001,-0.9056068000000002,-0.9032126,-0.9163806999999999,-0.92057055,-0.90261406,-0.9235633,-0.9247603999999999,-0.9115923,-0.9163806999999999,-0.90620536,-0.8900445,-0.92057055,-0.8726865,-0.88645315,-0.866701,-0.8702923,-0.87089086,-0.86729956,-0.87927055,-0.90261406,-0.8726865,-0.87448215,4
-0.96665895,-0.92655605,-0.9295488000000001,-0.9056068000000002,-0.9032126,-0.9163806999999999,-0.92057055,-0.90261406,-0.9235633,-0.9247603999999999,-0.9115923,-0.9163806999999999,-0.90620536,-0.8900445,-0.92057055,-0.8726865,-0.88645315,-0.866701,-0.8702923,-0.87089086,-0.86729956,-0.87927055,-0.90261406,-0.8726865,-0.87448215,-0.86370826,-0.89184016,-0.8846575000000001,-0.91338795,-0.86370826,-0.88046765,-0.87687635,-0.8403648000000001,-0.8924386999999999,-0.86610246,-0.87807345,-0.84096336,-0.83258367,-0.82899237,-0.82599956,-0.8714894,-0.87328506,-0.83258367,-0.8595184000000001,-0.8439561,-0.83258367,-0.84575176,-0.86251116,-0.8535328999999999,-0.8607155000000001,4
-0.86370826,-0.89184016,-0.8846575000000001,-0.91338795,-0.86370826,-0.88046765,-0.87687635,-0.8403648000000001,-0.8924386999999999,-0.86610246,-0.87807345,-0.84096336,-0.83258367,-0.82899237,-0.82599956,-0.8714894,-0.87328506,-0.83258367,-0.8595184000000001,-0.8439561,-0.83258367,-0.84575176,-0.86251116,-0.8535328999999999,-0.8607155000000001,-0.8379706,-0.86849666,-0.87807345,-0.8702923,-0.8948328999999999,-0.92655605,-0.8948328999999999,-0.91937345,-0.91338795,-0.9552864999999999,-0.9564835999999999,-0.9828198,-0.94092125,-0.95708215,-0.9516952,-0.97623575,-1.0049661,-0.9923966000000001,-1.0037690000000001,-0.997185,-0.9828198,-1.0193313,-1.0301052,-1.0540473,-1.0462662,4
-0.8379706,-0.86849666,-0.87807345,-0.8702923,-0.8948328999999999,-0.92655605,-0.8948328999999999,-0.91937345,-0.91338795,-0.9552864999999999,-0.9564835999999999,-0.9828198,-0.94092125,-0.95708215,-0.9516952,-0.97623575,-1.0049661,-0.9923966000000001,-1.0037690000000001,-0.997185,-0.9828198,-1.0193313,-1.0301052,-1.0540473,-1.0462662,-1.0271125,-1.0372878,-1.0348936,-1.0372878,-1.0618285,-1.0570401000000003,-1.055843,-1.0594343000000002,-1.0690111,-1.0642227,-1.0869676000000001,-1.0959458,-1.1330559,-1.1007341999999998,-1.1162965,-1.1055226,-1.1097125,-1.1288661,-1.1785458,-1.1408371000000002,-1.1522094999999999,-1.158195,-1.1414356,-1.1767502,-1.1408371000000002,4
-1.0271125,-1.0372878,-1.0348936,-1.0372878,-1.0618285,-1.0570401000000003,-1.055843,-1.0594343000000002,-1.0690111,-1.0642227,-1.0869676000000001,-1.0959458,-1.1330559,-1.1007341999999998,-1.1162965,-1.1055226,-1.1097125,-1.1288661,-1.1785458,-1.1408371000000002,-1.1522094999999999,-1.158195,-1.1414356,-1.1767502,-1.1408371000000002,-1.1647792,-1.1707646999999999,-1.1558008,-1.1605892,-1.1713632,-1.1893197,-1.1731589,-1.1827357,-1.1540052,-1.1599906999999998,-1.1486181999999998,-1.1492168,-1.1510124,-1.1575965,-1.1300632,-1.1558008,-1.127669,-1.1115081,-1.1049241,-1.1384428999999998,-1.1366472,-1.1079168,-1.122282,-1.1174936000000002,-1.1150993999999999,4
-1.1647792,-1.1707646999999999,-1.1558008,-1.1605892,-1.1713632,-1.1893197,-1.1731589,-1.1827357,-1.1540052,-1.1599906999999998,-1.1486181999999998,-1.1492168,-1.1510124,-1.1575965,-1.1300632,-1.1558008,-1.127669,-1.1115081,-1.1049241,-1.1384428999999998,-1.1366472,-1.1079168,-1.122282,-1.1174936000000002,-1.1150993999999999,-1.1109096,-1.146224,-1.1037270000000001,-1.0929531000000001,-1.0821792,-1.0755951000000001,-1.0959458,-1.0426749,-1.0516531,-1.0564415,-1.0516531,-1.0486604,-1.06123,-1.0498575,-1.0630256,-1.027711,-1.0283096,-1.0259154000000001,-0.9923966000000001,-1.0354922,-1.0139444,-1.0109516,-0.9792285,-0.9744401,-0.9516952,4
-1.1109096,-1.146224,-1.1037270000000001,-1.0929531000000001,-1.0821792,-1.0755951000000001,-1.0959458,-1.0426749,-1.0516531,-1.0564415,-1.0516531,-1.0486604,-1.06123,-1.0498575,-1.0630256,-1.027711,-1.0283096,-1.0259154000000001,-0.9923966000000001,-1.0354922,-1.0139444,-1.0109516,-0.9792285,-0.9744401,-0.9516952,-0.9379284999999999,-0.9576806999999999,-0.9888053,-0.9624690999999999,-0.93852705,-0.9343372,-0.9343372,-0.9475053,-0.9732430000000001,-0.93852705,-0.9103952,-0.9020155000000001,-0.9127894,-0.93373865,-0.8858546,-0.90620536,-0.9044097,-0.88166475,-0.8798690999999998,-0.8798690999999998,-0.88765025,-0.8870517,-0.88525605,-0.87567925,-0.8655039000000001,4
-0.9379284999999999,-0.9576806999999999,-0.9888053,-0.9624690999999999,-0.93852705,-0.9343372,-0.9343372,-0.9475053,-0.9732430000000001,-0.93852705,-0.9103952,-0.9020155000000001,-0.9127894,-0.93373865,-0.8858546,-0.90620536,-0.9044097,-0.88166475,-0.8798690999999998,-0.8798690999999998,-0.88765025,-0.8870517,-0.88525605,-0.87567925,-0.8655039000000001,-0.86490536,-0.85652566,-0.8643068000000002,-0.842759,-0.83737206,-0.8415619000000001,-0.81881696,-0.84575176,-0.8295909,-0.82480246,-0.8655039000000001,-0.8559271,-0.8110358,-0.8122329,-0.8038531999999999,-0.8355764000000001,-0.85532856,-0.86251116,-0.83378077,-0.825401,-0.8146270999999999,-0.8439561,-0.8182184,-0.8062474000000001,-0.78769237,4
-0.86490536,-0.85652566,-0.8643068000000002,-0.842759,-0.83737206,-0.8415619000000001,-0.81881696,-0.84575176,-0.8295909,-0.82480246,-0.8655039000000001,-0.8559271,-0.8110358,-0.8122329,-0.8038531999999999,-0.8355764000000001,-0.85532856,-0.86251116,-0.83378077,-0.825401,-0.8146270999999999,-0.8439561,-0.8182184,-0.8062474000000001,-0.78769237,-0.8026561,-0.80564886,-0.8086416000000001,-0.8230068000000001,-0.81043726,-0.81402856,-0.78050977,-0.8026561,-0.81642276,-0.8026561,-0.80924016,-0.8242039000000001,-0.8050503000000001,-0.801459,-0.78769237,-0.7978677,-0.8038531999999999,-0.8182184,-0.79487497,-0.8415619000000001,-0.83378077,-0.8050503000000001,-0.830788,-0.8499416,-0.88405895,4
-0.8026561,-0.80564886,-0.8086416000000001,-0.8230068000000001,-0.81043726,-0.81402856,-0.78050977,-0.8026561,-0.81642276,-0.8026561,-0.80924016,-0.8242039000000001,-0.8050503000000001,-0.801459,-0.78769237,-0.7978677,-0.8038531999999999,-0.8182184,-0.79487497,-0.8415619000000001,-0.83378077,-0.8050503000000001,-0.830788,-0.8499416,-0.88405895,-0.8912416,-0.8690952,-0.88645315,-0.87927055,-0.8858546,-0.93254155,-0.92296475,-0.9008184000000001,-0.92296475,-0.92535895,-0.94451255,-0.96426475,-0.96067345,-0.96905315,-0.96785605,-0.9923966000000001,-0.99658644,-0.99060094,-1.0001777,-1.0001777,-1.0319009,-1.0253168,-1.0211270000000001,-1.0157399999999999,-1.0402806,4
-0.8912416,-0.8690952,-0.88645315,-0.87927055,-0.8858546,-0.93254155,-0.92296475,-0.9008184000000001,-0.92296475,-0.92535895,-0.94451255,-0.96426475,-0.96067345,-0.96905315,-0.96785605,-0.9923966000000001,-0.99658644,-0.99060094,-1.0001777,-1.0001777,-1.0319009,-1.0253168,-1.0211270000000001,-1.0157399999999999,-1.0402806,-1.027711,-1.0342950999999998,-1.0211270000000001,-1.0606314,-1.0875661,-1.0767921999999999,-1.0600328,-1.0815806000000001,-1.1037270000000001,-1.1306617,-1.1192893,-1.0911574,-1.1001357,-1.1139023000000001,-1.158195,-1.1402385,-1.1150993999999999,-1.13964,-1.1474211,-1.1372458,-1.1408371000000002,-1.1755531000000001,-1.1665748,-1.1510124,-1.174356,4
-1.027711,-1.0342950999999998,-1.0211270000000001,-1.0606314,-1.0875661,-1.0767921999999999,-1.0600328,-1.0815806000000001,-1.1037270000000001,-1.1306617,-1.1192893,-1.0911574,-1.1001357,-1.1139023000000001,-1.158195,-1.1402385,-1.1150993999999999,-1.13964,-1.1474211,-1.1372458,-1.1408371000000002,-1.1755531000000001,-1.1665748,-1.1510124,-1.174356,-1.174356,-1.1587936,-1.1689690000000001,-1.1689690000000001,-1.1498153,-1.1360487,-1.1641805,-1.1731589,-1.134253,-1.1186907,-1.1354501000000001,-1.1611878,-1.1414356,-1.1073183000000002,-1.110311,-1.1162965,-1.1378443,-1.1552023,-1.1378443,-1.0953473,-1.0845733999999998,-1.0935516,-1.1019313,-1.1007341999999998,-1.0899603,4
-1.174356,-1.1587936,-1.1689690000000001,-1.1689690000000001,-1.1498153,-1.1360487,-1.1641805,-1.1731589,-1.134253,-1.1186907,-1.1354501000000001,-1.1611878,-1.1414356,-1.1073183000000002,-1.110311,-1.1162965,-1.1378443,-1.1552023,-1.1378443,-1.0953473,-1.0845733999999998,-1.0935516,-1.1019313,-1.1007341999999998,-1.0899603,-1.0899603,-1.067814,-1.0648212,-1.0785878999999998,-1.0737995,-1.0749966,-1.0552443999999999,-1.0241197,-1.0366893,-1.0085574000000002,-1.0336965,-1.0145429,-1.0247183000000002,-1.0079589,-0.99538934,-1.0103531,-0.9732430000000001,-0.96306765,-0.97862995,-0.9900024,-0.9888053,-0.9600749,-0.9768343,-0.9600749,-0.9708488000000001,4
-1.0899603,-1.067814,-1.0648212,-1.0785878999999998,-1.0737995,-1.0749966,-1.0552443999999999,-1.0241197,-1.0366893,-1.0085574000000002,-1.0336965,-1.0145429,-1.0247183000000002,-1.0079589,-0.99538934,-1.0103531,-0.9732430000000001,-0.96306765,-0.97862995,-0.9900024,-0.9888053,-0.9600749,-0.9768343,-0.9600749,-0.9708488000000001,-1.002572,-0.9840169,-0.9636662,-0.9528923,-0.95708215,-0.9552864999999999,-0.9540894,-0.92895025,-0.9187749,-0.91458505,-0.90740246,-0.9367314,-0.92296475,-0.92057055,-0.91099375,-0.9103952,-0.91219085,-0.9032126,-0.9044097,-0.9115923,-0.87328506,-0.9008184000000001,-0.8631097,-0.89064306,-0.86729956,4
-1.002572,-0.9840169,-0.9636662,-0.9528923,-0.95708215,-0.9552864999999999,-0.9540894,-0.92895025,-0.9187749,-0.91458505,-0.90740246,-0.9367314,-0.92296475,-0.92057055,-0.91099375,-0.9103952,-0.91219085,-0.9032126,-0.9044097,-0.9115923,-0.87328506,-0.9008184000000001,-0.8631097,-0.89064306,-0.86729956,-0.8391677,-0.8762778,-0.9020155000000001,-0.87208796,-0.83617496,-0.8415619000000001,-0.8463503000000001,-0.85532856,-0.85054016,-0.8218097,-0.8487445,-0.84335756,-0.85772276,-0.8439561,-0.82899237,-0.825401,-0.81402856,-0.8146270999999999,-0.81163436,-0.82480246,-0.8242039000000001,-0.801459,-0.81163436,-0.81163436,-0.8074445,4
-0.8391677,-0.8762778,-0.9020155000000001,-0.87208796,-0.83617496,-0.8415619000000001,-0.8463503000000001,-0.85532856,-0.85054016,-0.8218097,-0.8487445,-0.84335756,-0.85772276,-0.8439561,-0.82899237,-0.825401,-0.81402856,-0.8146270999999999,-0.81163436,-0.82480246,-0.8242039000000001,-0.801459,-0.81163436,-0.81163436,-0.8074445,-0.7942764,-0.8062474000000001,-0.8122329,-0.79367787,-0.7745243,-0.7858967,-0.79846627,-0.8415619000000001,-0.81343,-0.85532856,-0.85652566,-0.8475474000000001,-0.8714894,-0.8619126,-0.87089086,-0.89902276,-0.92296475,-0.9008184000000001,-0.9044097,-0.8870517,-0.9415198,-0.93732995,-0.9163806999999999,-0.89902276,-0.9307459000000001,4
-0.7942764,-0.8062474000000001,-0.8122329,-0.79367787,-0.7745243,-0.7858967,-0.79846627,-0.8415619000000001,-0.81343,-0.85532856,-0.85652566,-0.8475474000000001,-0.8714894,-0.8619126,-0.87089086,-0.89902276,-0.92296475,-0.9008184000000001,-0.9044097,-0.8870517,-0.9415198,-0.93732995,-0.9163806999999999,-0.89902276,-0.9307459000000001,-0.9355343,-0.9840169,-0.9959879,-0.96905315,-0.96306765,-0.98940384,-1.0061632,-0.9852139999999999,-1.0013748,-0.9947908000000001,-1.0235212,-1.0313023000000001,-1.0259154000000001,-1.0528502,-1.0390834999999998,-1.0007763,-1.055843,-1.0839748,-1.0773908,-1.0510546,-1.0660183,-1.0803835,-1.0881646999999999,-1.1558008,-1.13964,4
-0.9355343,-0.9840169,-0.9959879,-0.96905315,-0.96306765,-0.98940384,-1.0061632,-0.9852139999999999,-1.0013748,-0.9947908000000001,-1.0235212,-1.0313023000000001,-1.0259154000000001,-1.0528502,-1.0390834999999998,-1.0007763,-1.055843,-1.0839748,-1.0773908,-1.0510546,-1.0660183,-1.0803835,-1.0881646999999999,-1.1558008,-1.13964,-1.1127052,-1.0845733999999998,-1.1139023000000001,-1.1563994,-1.1150993999999999,-1.13964,-1.1372458,-1.1713632,-1.1767502,-1.1785458,-1.1731589,-1.1641805,-1.146224,-1.1815386,-1.1546037,-1.1689690000000001,-1.1665748,-1.1486181999999998,-1.1534066,-1.1504139,-1.1378443,-1.1115081,-1.1145009,-1.1246762,-1.1474211,4
-1.1127052,-1.0845733999999998,-1.1139023000000001,-1.1563994,-1.1150993999999999,-1.13964,-1.1372458,-1.1713632,-1.1767502,-1.1785458,-1.1731589,-1.1641805,-1.146224,-1.1815386,-1.1546037,-1.1689690000000001,-1.1665748,-1.1486181999999998,-1.1534066,-1.1504139,-1.1378443,-1.1115081,-1.1145009,-1.1246762,-1.1474211,-1.1174936000000002,-1.122282,-1.1049241,-1.091756,-1.0911574,-1.1240777,-1.1067197,-1.0714053,-1.050456,-1.0720038,-1.0576386,-1.0582372,-1.0588357,-1.0528502,-1.0235212,-1.027711,-1.0175357,-1.0151415000000001,-1.0067618,-1.009156,-0.97503865,-0.9624690999999999,-0.96785605,-0.96905315,-0.95349085,4
-1.1174936000000002,-1.122282,-1.1049241,-1.091756,-1.0911574,-1.1240777,-1.1067197,-1.0714053,-1.050456,-1.0720038,-1.0576386,-1.0582372,-1.0588357,-1.0528502,-1.0235212,-1.027711,-1.0175357,-1.0151415000000001,-1.0067618,-1.009156,-0.97503865,-0.9624690999999999,-0.96785605,-0.96905315,-0.95349085,-0.9498995000000001,-0.94570965,-0.93134445,-0.90141696,-0.9199719999999999,-0.9080010000000001,-0.95827925,-0.9259575000000001,-0.9127894,-0.93014735,-0.91697925,-0.90979666,-0.92296475,-0.92655605,-0.88765025,-0.8762778,-0.87807345,-0.8786719999999999,-0.86490536,-0.8738836,-0.87567925,-0.85413146,-0.8583213,-0.8798690999999998,-0.89064306,4
-0.9498995000000001,-0.94570965,-0.93134445,-0.90141696,-0.9199719999999999,-0.9080010000000001,-0.95827925,-0.9259575000000001,-0.9127894,-0.93014735,-0.91697925,-0.90979666,-0.92296475,-0.92655605,-0.88765025,-0.8762778,-0.87807345,-0.8786719999999999,-0.86490536,-0.8738836,-0.87567925,-0.85413146,-0.8583213,-0.8798690999999998,-0.89064306,-0.8846575000000001,-0.8631097,-0.87448215,-0.8607155000000001,-0.85532856,-0.8738836,-0.8810662,-0.85173726,-0.83497787,-0.83497787,-0.84216046,-0.83138657,-0.7823054,-0.8559271,-0.8547299999999999,-0.82480246,-0.80086046,-0.80924016,-0.83976626,-0.8607155000000001,-0.83138657,-0.84814596,-0.81761986,-0.8230068000000001,-0.82599956,4
-0.8846575000000001,-0.8631097,-0.87448215,-0.8607155000000001,-0.85532856,-0.8738836,-0.8810662,-0.85173726,-0.83497787,-0.83497787,-0.84216046,-0.83138657,-0.7823054,-0.8559271,-0.8547299999999999,-0.82480246,-0.80086046,-0.80924016,-0.83976626,-0.8607155000000001,-0.83138657,-0.84814596,-0.81761986,-0.8230068000000001,-0.82599956,-0.80086046,-0.789488,-0.80325466,-0.7799111999999999,-0.7739256999999999,-0.801459,-0.80325466,-0.81163436,-0.78529817,-0.7799111999999999,-0.7763199000000001,-0.7685388000000001,-0.7787141,-0.7835025,-0.78170687,-0.78290397,-0.7685388000000001,-0.7930793,-0.789488,-0.81642276,-0.8098387,-0.842759,-0.8738836,-0.85413146,-0.85652566,4
-0.80086046,-0.789488,-0.80325466,-0.7799111999999999,-0.7739256999999999,-0.801459,-0.80325466,-0.81163436,-0.78529817,-0.7799111999999999,-0.7763199000000001,-0.7685388000000001,-0.7787141,-0.7835025,-0.78170687,-0.78290397,-0.7685388000000001,-0.7930793,-0.789488,-0.81642276,-0.8098387,-0.842759,-0.8738836,-0.85413146,-0.85652566,-0.87328506,-0.87927055,-0.92176765,-0.9355343,-0.92535895,-0.93373865,-0.9103952,-0.9259575000000001,-0.9475053,-0.93852705,-0.9648633,-0.97743285,-0.97144735,-0.99419224,-1.0097545,-1.0109516,-1.0103531,-1.0175357,-1.0295067,-1.0241197,-1.0319009,-1.0737995,-1.0444705,-1.0761937,-1.0803835,4
-0.87328506,-0.87927055,-0.92176765,-0.9355343,-0.92535895,-0.93373865,-0.9103952,-0.9259575000000001,-0.9475053,-0.93852705,-0.9648633,-0.97743285,-0.97144735,-0.99419224,-1.0097545,-1.0109516,-1.0103531,-1.0175357,-1.0295067,-1.0241197,-1.0319009,-1.0737995,-1.0444705,-1.0761937,-1.0803835,-1.0839748,-1.0576386,-1.0833763,-1.0660183,-1.1198878,-1.1456255,-1.1127052,-1.1127052,-1.1390414,-1.1360487,-1.1671733999999998,-1.1546037,-1.1552023,-1.1534066,-1.1671733999999998,-1.1803415000000002,-1.1599906999999998,-1.1480197,-1.1887212,-1.1803415000000002,-1.2162545,-1.1971009,-1.2036848999999998,-1.22224,-1.1881226,4
-1.0839748,-1.0576386,-1.0833763,-1.0660183,-1.1198878,-1.1456255,-1.1127052,-1.1127052,-1.1390414,-1.1360487,-1.1671733999999998,-1.1546037,-1.1552023,-1.1534066,-1.1671733999999998,-1.1803415000000002,-1.1599906999999998,-1.1480197,-1.1887212,-1.1803415000000002,-1.2162545,-1.1971009,-1.2036848999999998,-1.22224,-1.1881226,-1.1839328000000002,-1.2066777,-1.1941081,-1.1653777,-1.1953052,-1.1833341999999998,-1.1647792,-1.1623849,-1.1833341999999998,-1.1468226000000001,-1.1234791000000002,-1.1528081000000001,-1.1659763,-1.1522094999999999,-1.13964,-1.127669,-1.127669,-1.1408371000000002,-1.1617863000000002,-1.1264718999999999,-1.1049241,-1.0767921999999999,-1.1091138999999999,-1.0971429,-1.0965444,4
-1.1839328000000002,-1.2066777,-1.1941081,-1.1653777,-1.1953052,-1.1833341999999998,-1.1647792,-1.1623849,-1.1833341999999998,-1.1468226000000001,-1.1234791000000002,-1.1528081000000001,-1.1659763,-1.1522094999999999,-1.13964,-1.127669,-1.127669,-1.1408371000000002,-1.1617863000000002,-1.1264718999999999,-1.1049241,-1.0767921999999999,-1.1091138999999999,-1.0971429,-1.0965444,-1.0857705,-1.0654198000000001,-1.0696096000000002,-1.0666169,-1.0755951000000001,-1.0761937,-1.0444705,-1.0486604,-1.0390834999999998,-1.0462662,-1.0295067,-1.0342950999999998,-1.0348936,-1.0151415000000001,-1.0205284,-0.97144735,-0.99179804,-0.97982705,-0.9600749,-0.9552864999999999,-0.99538934,-0.97264445,-0.9648633,-0.9564835999999999,-0.97384155,4
-1.0857705,-1.0654198000000001,-1.0696096000000002,-1.0666169,-1.0755951000000001,-1.0761937,-1.0444705,-1.0486604,-1.0390834999999998,-1.0462662,-1.0295067,-1.0342950999999998,-1.0348936,-1.0151415000000001,-1.0205284,-0.97144735,-0.99179804,-0.97982705,-0.9600749,-0.9552864999999999,-0.99538934,-0.97264445,-0.9648633,-0.9564835999999999,-0.97384155,-0.96426475,-0.97503865,-0.9612719999999999,-0.9403226999999998,-0.9343372,-0.93134445,-0.9367314,-0.90859956,-0.92176765,-0.9379284999999999,-0.91697925,-0.9379284999999999,-0.91817635,-0.9235633,-0.91817635,-0.89184016,-0.90740246,-0.88286185,-0.8924386999999999,-0.9068039000000001,-0.86969376,-0.8936358,-0.8726865,-0.8559271,-0.89423436,4
-0.96426475,-0.97503865,-0.9612719999999999,-0.9403226999999998,-0.9343372,-0.93134445,-0.9367314,-0.90859956,-0.92176765,-0.9379284999999999,-0.91697925,-0.9379284999999999,-0.91817635,-0.9235633,-0.91817635,-0.89184016,-0.90740246,-0.88286185,-0.8924386999999999,-0.9068039000000001,-0.86969376,-0.8936358,-0.8726865,-0.8559271,-0.89423436,-0.86969376,-0.85413146,-0.85532856,-0.88765025,-0.8643068000000002,-0.84335756,-0.8379706,-0.866701,-0.8690952,-0.86251116,-0.87567925,-0.8451531999999999,-0.83617496,-0.8439561,-0.84934306,-0.8451531999999999,-0.8355764000000001,-0.8331822,-0.82240826,-0.8451531999999999,-0.83138657,-0.83138657,-0.85173726,-0.86490536,-0.8523358,4
-0.86969376,-0.85413146,-0.85532856,-0.88765025,-0.8643068000000002,-0.84335756,-0.8379706,-0.866701,-0.8690952,-0.86251116,-0.87567925,-0.8451531999999999,-0.83617496,-0.8439561,-0.84934306,-0.8451531999999999,-0.8355764000000001,-0.8331822,-0.82240826,-0.8451531999999999,-0.83138657,-0.83138657,-0.85173726,-0.86490536,-0.8523358,-0.83856916,-0.8535328999999999,-0.8798690999999998,-0.89902276,-0.8996213,-0.90141696,-0.9044097,-0.9235633,-0.9403226999999998,-0.9636662,-0.93972415,-0.96306765,-0.9744401,-0.9900024,-0.99898064,-1.0019734,-0.99658644,-1.0271125,-1.0498575,-1.0426749,-1.0205284,-1.0426749,-1.0486604,-1.0648212,-1.0444705,4
-0.83856916,-0.8535328999999999,-0.8798690999999998,-0.89902276,-0.8996213,-0.90141696,-0.9044097,-0.9235633,-0.9403226999999998,-0.9636662,-0.93972415,-0.96306765,-0.9744401,-0.9900024,-0.99898064,-1.0019734,-0.99658644,-1.0271125,-1.0498575,-1.0426749,-1.0205284,-1.0426749,-1.0486604,-1.0648212,-1.0444705,-1.0672153999999998,-1.0606314,-1.0803835,-1.1049241,-1.0929531000000001,-1.1055226,-1.1162965,-1.1127052,-1.0965444,-1.1288661,-1.1450268999999997,-1.1480197,-1.1558008,-1.1474211,-1.1438298,-1.1629834,-1.1593921,-1.1575965,-1.1546037,-1.2060791000000002,-1.2036848999999998,-1.2018893,-1.2126632,-1.2300211,-1.2228385,4
-1.0672153999999998,-1.0606314,-1.0803835,-1.1049241,-1.0929531000000001,-1.1055226,-1.1162965,-1.1127052,-1.0965444,-1.1288661,-1.1450268999999997,-1.1480197,-1.1558008,-1.1474211,-1.1438298,-1.1629834,-1.1593921,-1.1575965,-1.1546037,-1.2060791000000002,-1.2036848999999998,-1.2018893,-1.2126632,-1.2300211,-1.2228385,-1.2719196000000002,-1.2276268999999997,-1.252766,-1.2294226000000001,-1.2653356000000002,-1.2569559,-1.2449848999999997,-1.2246342,-1.2509704,-1.2384008,-1.2384008,-1.2366052,-1.2653356000000002,-1.2539631000000002,-1.2401965,-1.2431892,-1.2330139,-1.2623428,-1.2252326999999998,-1.2354081000000001,-1.1863270000000001,-1.1803415000000002,-1.1911154,-1.2120646000000002,-1.1893197,4
-1.2719196000000002,-1.2276268999999997,-1.252766,-1.2294226000000001,-1.2653356000000002,-1.2569559,-1.2449848999999997,-1.2246342,-1.2509704,-1.2384008,-1.2384008,-1.2366052,-1.2653356000000002,-1.2539631000000002,-1.2401965,-1.2431892,-1.2330139,-1.2623428,-1.2252326999999998,-1.2354081000000001,-1.1863270000000001,-1.1803415000000002,-1.1911154,-1.2120646000000002,-1.1893197,-1.1611878,-1.163582,-1.1611878,-1.1629834,-1.1456255,-1.1420341999999999,-1.1360487,-1.1563994,-1.1546037,-1.1282675,-1.1162965,-1.0857705,-1.0887632,-1.1019313,-1.0767921999999999,-1.0809821000000002,-1.0905589,-1.0606314,-1.0773908,-1.0426749,-1.0654198000000001,-1.0462662,-1.0193313,-1.0420763000000002,-1.0301052,4
-1.1611878,-1.163582,-1.1611878,-1.1629834,-1.1456255,-1.1420341999999999,-1.1360487,-1.1563994,-1.1546037,-1.1282675,-1.1162965,-1.0857705,-1.0887632,-1.1019313,-1.0767921999999999,-1.0809821000000002,-1.0905589,-1.0606314,-1.0773908,-1.0426749,-1.0654198000000001,-1.0462662,-1.0193313,-1.0420763000000002,-1.0301052,-1.009156,-1.0330979999999998,-1.0241197,-0.98341835,-0.98581254,-1.0037690000000001,-0.9852139999999999,-0.96665895,-0.9552864999999999,-0.99778354,-0.9708488000000001,-0.95708215,-0.95229375,-0.9564835999999999,-0.9576806999999999,-0.9463082,-0.94451255,-0.9068039000000001,-0.8996213,-0.90740246,-0.9223662,-0.89423436,-0.8714894,-0.8786719999999999,-0.8690952,4
-1.009156,-1.0330979999999998,-1.0241197,-0.98341835,-0.98581254,-1.0037690000000001,-0.9852139999999999,-0.96665895,-0.9552864999999999,-0.99778354,-0.9708488000000001,-0.95708215,-0.95229375,-0.9564835999999999,-0.9576806999999999,-0.9463082,-0.94451255,-0.9068039000000001,-0.8996213,-0.90740246,-0.9223662,-0.89423436,-0.8714894,-0.8786719999999999,-0.8690952,-0.85891986,-0.87208796,-0.87448215,-0.8888474000000001,-0.8475474000000001,-0.85652566,-0.86011696,-0.84455466,-0.8631097,-0.83497787,-0.8230068000000001,-0.83258367,-0.8451531999999999,-0.81761986,-0.81402856,-0.79367787,-0.82599956,-0.83856916,-0.81343,-0.8062474000000001,-0.7990648,-0.8038531999999999,-0.8379706,-0.86370826,-0.8110358,4
-0.85891986,-0.87208796,-0.87448215,-0.8888474000000001,-0.8475474000000001,-0.85652566,-0.86011696,-0.84455466,-0.8631097,-0.83497787,-0.8230068000000001,-0.83258367,-0.8451531999999999,-0.81761986,-0.81402856,-0.79367787,-0.82599956,-0.83856916,-0.81343,-0.8062474000000001,-0.7990648,-0.8038531999999999,-0.8379706,-0.86370826,-0.8110358,-0.80086046,-0.8062474000000001,-0.8170213000000001,-0.81343,-0.82360536,-0.83737206,-0.80205756,-0.8403648000000001,-0.83856916,-0.84934306,-0.85173726,-0.85413146,-0.89902276,-0.86610246,-0.8882488000000002,-0.8924386999999999,-0.90740246,-0.9355343,-0.9080010000000001,-0.9307459000000001,-0.9463082,-0.94451255,-0.9391255999999999,-0.97144735,-1.0073603000000002,4
-0.80086046,-0.8062474000000001,-0.8170213000000001,-0.81343,-0.82360536,-0.83737206,-0.80205756,-0.8403648000000001,-0.83856916,-0.84934306,-0.85173726,-0.85413146,-0.89902276,-0.86610246,-0.8882488000000002,-0.8924386999999999,-0.90740246,-0.9355343,-0.9080010000000001,-0.9307459000000001,-0.9463082,-0.94451255,-0.9391255999999999,-0.97144735,-1.0073603000000002,-0.9900024,-0.9744401,-0.99419224,-1.0139444,-1.0205284,-1.0618285,-1.062427,-1.055843,-1.039682,-1.0516531,-1.0881646999999999,-1.0648212,-1.0821792,-1.067814,-1.0690111,-1.1085154,-1.134253,-1.1450268999999997,-1.1402385,-1.1330559,-1.1420341999999999,-1.1587936,-1.1528081000000001,-1.1749545,-1.1767502,4
-0.9900024,-0.9744401,-0.99419224,-1.0139444,-1.0205284,-1.0618285,-1.062427,-1.055843,-1.039682,-1.0516531,-1.0881646999999999,-1.0648212,-1.0821792,-1.067814,-1.0690111,-1.1085154,-1.134253,-1.1450268999999997,-1.1402385,-1.1330559,-1.1420341999999999,-1.1587936,-1.1528081000000001,-1.1749545,-1.1767502,-1.1737574,-1.1887212,-1.1665748,-1.1905168,-1.1893197,-1.2120646000000002,-1.2389994,-1.2372037,-1.2378023,-1.2491747,-1.2384008,-1.2689268999999999,-1.2797008,-1.2761095,-1.2503718000000001,-1.271321,-1.2665327,-1.2844891999999999,-1.2389994,-1.2737153,-1.2761095,-1.2737153,-1.2533646,-1.276708,-1.2826935,4
-1.1737574,-1.1887212,-1.1665748,-1.1905168,-1.1893197,-1.2120646000000002,-1.2389994,-1.2372037,-1.2378023,-1.2491747,-1.2384008,-1.2689268999999999,-1.2797008,-1.2761095,-1.2503718000000001,-1.271321,-1.2665327,-1.2844891999999999,-1.2389994,-1.2737153,-1.2761095,-1.2737153,-1.2533646,-1.276708,-1.2826935,-1.2755108999999998,-1.2378023,-1.2653356000000002,-1.2282255,-1.2413936,-1.2036848999999998,-1.2228385,-1.2252326999999998,-1.2300211,-1.216853,-1.1797429,-1.174356,-1.1941081,-1.1809399999999999,-1.1875241,-1.2078748,-1.1821371,-1.1731589,-1.1713632,-1.1653777,-1.1528081000000001,-1.1354501000000001,-1.1366472,-1.1629834,-1.1228806,4
-1.2755108999999998,-1.2378023,-1.2653356000000002,-1.2282255,-1.2413936,-1.2036848999999998,-1.2228385,-1.2252326999999998,-1.2300211,-1.216853,-1.1797429,-1.174356,-1.1941081,-1.1809399999999999,-1.1875241,-1.2078748,-1.1821371,-1.1731589,-1.1713632,-1.1653777,-1.1528081000000001,-1.1354501000000001,-1.1366472,-1.1629834,-1.1228806,-1.1067197,-1.1198878,-1.1306617,-1.1145009,-1.1324573999999998,-1.0941502,-1.0977415000000001,-1.0947487,-1.0761937,-1.0761937,-1.079785,-1.0720038,-1.0630256,-1.050456,-1.0408791,-1.0636241000000002,-1.0169370999999998,-0.99898064,-1.0043676,-1.0432734000000001,-1.0199299000000002,-1.002572,-0.9959879,-0.99538934,-1.0067618,4
-1.1067197,-1.1198878,-1.1306617,-1.1145009,-1.1324573999999998,-1.0941502,-1.0977415000000001,-1.0947487,-1.0761937,-1.0761937,-1.079785,-1.0720038,-1.0630256,-1.050456,-1.0408791,-1.0636241000000002,-1.0169370999999998,-0.99898064,-1.0043676,-1.0432734000000001,-1.0199299000000002,-1.002572,-0.9959879,-0.99538934,-1.0067618,-1.0127473,-0.9804255999999999,-0.9624690999999999,-0.9552864999999999,-0.9391255999999999,-0.95349085,-0.94331545,-0.93493575,-0.93613285,-0.92176765,-0.9319430000000001,-0.9235633,-0.92176765,-0.9020155000000001,-0.89782566,-0.89064306,-0.8984242,-0.8846575000000001,-0.8714894,-0.8702923,-0.86610246,-0.86370826,-0.85772276,-0.8451531999999999,-0.80924016,4
-1.0127473,-0.9804255999999999,-0.9624690999999999,-0.9552864999999999,-0.9391255999999999,-0.95349085,-0.94331545,-0.93493575,-0.93613285,-0.92176765,-0.9319430000000001,-0.9235633,-0.92176765,-0.9020155000000001,-0.89782566,-0.89064306,-0.8984242,-0.8846575000000001,-0.8714894,-0.8702923,-0.86610246,-0.86370826,-0.85772276,-0.8451531999999999,-0.80924016,-0.86131406,-0.8714894,-0.8655039000000001,-0.81522566,-0.8283938,-0.8535328999999999,-0.86131406,-0.87328506,-0.8379706,-0.8230068000000001,-0.82899237,-0.8283938,-0.8319851,-0.80564886,-0.8182184,-0.80564886,-0.8122329,-0.80325466,-0.81043726,-0.7978677,-0.79726917,-0.80325466,-0.7763199000000001,-0.7703344,-0.7751228,4
-0.86131406,-0.8714894,-0.8655039000000001,-0.81522566,-0.8283938,-0.8535328999999999,-0.86131406,-0.87328506,-0.8379706,-0.8230068000000001,-0.82899237,-0.8283938,-0.8319851,-0.80564886,-0.8182184,-0.80564886,-0.8122329,-0.80325466,-0.81043726,-0.7978677,-0.79726917,-0.80325466,-0.7763199000000001,-0.7703344,-0.7751228,-0.7733272,-0.7906850999999999,-0.7846996,-0.78649527,-0.7787141,-0.7858967,-0.789488,-0.8463503000000001,-0.8331822,-0.8122329,-0.8343792999999999,-0.83378077,-0.86729956,-0.9044097,-0.89543146,-0.90620536,-0.88944596,-0.9020155000000001,-0.8972271,-0.93613285,-0.9235633,-0.9115923,-0.9516952,-0.9564835999999999,-0.9720459000000001,4
-0.7733272,-0.7906850999999999,-0.7846996,-0.78649527,-0.7787141,-0.7858967,-0.789488,-0.8463503000000001,-0.8331822,-0.8122329,-0.8343792999999999,-0.83378077,-0.86729956,-0.9044097,-0.89543146,-0.90620536,-0.88944596,-0.9020155000000001,-0.8972271,-0.93613285,-0.9235633,-0.9115923,-0.9516952,-0.9564835999999999,-0.9720459000000001,-0.9876082,-0.9792285,-1.0019734,-0.97982705,-0.9983820999999999,-1.0175357,-1.0145429,-1.0295067,-1.0462662,-1.0319009,-1.0540473,-1.0576386,-1.0516531,-1.0486604,-1.0869676000000001,-1.0959458,-1.0995371,-1.0935516,-1.0881646999999999,-1.1109096,-1.1330559,-1.1408371000000002,-1.122282,-1.1210848999999998,-1.1378443,4
-0.9876082,-0.9792285,-1.0019734,-0.97982705,-0.9983820999999999,-1.0175357,-1.0145429,-1.0295067,-1.0462662,-1.0319009,-1.0540473,-1.0576386,-1.0516531,-1.0486604,-1.0869676000000001,-1.0959458,-1.0995371,-1.0935516,-1.0881646999999999,-1.1109096,-1.1330559,-1.1408371000000002,-1.122282,-1.1210848999999998,-1.1378443,-1.1426326999999998,-1.1360487,-1.1450268999999997,-1.1725603,-1.1665748,-1.1599906999999998,-1.1994951,-1.2120646000000002,-1.2054806,-1.2126632,-1.2198458,-1.2138603000000001,-1.2072762,-1.228824,-1.2096704,-1.2180501,-1.2240356000000001,-1.2336124,-1.1976993999999999,-1.174356,-1.1917138999999999,-1.2252326999999998,-1.1809399999999999,-1.1665748,-1.1839328000000002,4
-1.1426326999999998,-1.1360487,-1.1450268999999997,-1.1725603,-1.1665748,-1.1599906999999998,-1.1994951,-1.2120646000000002,-1.2054806,-1.2126632,-1.2198458,-1.2138603000000001,-1.2072762,-1.228824,-1.2096704,-1.2180501,-1.2240356000000001,-1.2336124,-1.1976993999999999,-1.174356,-1.1917138999999999,-1.2252326999999998,-1.1809399999999999,-1.1665748,-1.1839328000000002,-1.1707646999999999,-1.2012907,-1.2066777,-1.1677719,-1.1438298,-1.1432313,-1.1498153,-1.1540052,-1.1348516000000002,-1.1366472,-1.1228806,-1.1115081,-1.1067197,-1.1079168,-1.1139023000000001,-1.0899603,-1.0666169,-1.0815806000000001,-1.0749966,-1.0534488000000002,-1.0570401000000003,-1.0462662,-1.049259,-1.0205284,-1.0372878,4
-1.1707646999999999,-1.2012907,-1.2066777,-1.1677719,-1.1438298,-1.1432313,-1.1498153,-1.1540052,-1.1348516000000002,-1.1366472,-1.1228806,-1.1115081,-1.1067197,-1.1079168,-1.1139023000000001,-1.0899603,-1.0666169,-1.0815806000000001,-1.0749966,-1.0534488000000002,-1.0570401000000003,-1.0462662,-1.049259,-1.0205284,-1.0372878,-1.0307038,-0.98461545,-1.0121487,-1.0283096,-1.0067618,-0.99179804,-0.98222125,-0.9528923,-0.9947908000000001,-0.9744401,-0.99179804,-0.95109665,-0.9355343,-0.9307459000000001,-0.94451255,-0.92176765,-0.9139864999999999,-0.9115923,-0.8960299999999999,-0.8924386999999999,-0.9139864999999999,-0.87208796,-0.9139864999999999,-0.89902276,-0.86849666,4
-1.0307038,-0.98461545,-1.0121487,-1.0283096,-1.0067618,-0.99179804,-0.98222125,-0.9528923,-0.9947908000000001,-0.9744401,-0.99179804,-0.95109665,-0.9355343,-0.9307459000000001,-0.94451255,-0.92176765,-0.9139864999999999,-0.9115923,-0.8960299999999999,-0.8924386999999999,-0.9139864999999999,-0.87208796,-0.9139864999999999,-0.89902276,-0.86849666,-0.85413146,-0.8547299999999999,-0.87687635,-0.86131406,-0.8631097,-0.85173726,-0.8559271,-0.8391677,-0.81043726,-0.8451531999999999,-0.8619126,-0.87089086,-0.8643068000000002,-0.82480246,-0.8487445,-0.86610246,-0.87089086,-0.8475474000000001,-0.842759,-0.81402856,-0.81642276,-0.8343792999999999,-0.80205756,-0.8026561,-0.80445176,4
-0.85413146,-0.8547299999999999,-0.87687635,-0.86131406,-0.8631097,-0.85173726,-0.8559271,-0.8391677,-0.81043726,-0.8451531999999999,-0.8619126,-0.87089086,-0.8643068000000002,-0.82480246,-0.8487445,-0.86610246,-0.87089086,-0.8475474000000001,-0.842759,-0.81402856,-0.81642276,-0.8343792999999999,-0.80205756,-0.8026561,-0.80445176,-0.78290397,-0.79128367,-0.8086416000000001,-0.8170213000000001,-0.80924016,-0.7858967,-0.7978677,-0.79487497,-0.7978677,-0.80684596,-0.80445176,-0.79367787,-0.7882909,-0.80804306,-0.8002619000000001,-0.8122329,-0.76434886,-0.8218097,-0.83856916,-0.79966336,-0.8086416000000001,-0.83258367,-0.8487445,-0.8595184000000001,-0.88525605,4
-0.78290397,-0.79128367,-0.8086416000000001,-0.8170213000000001,-0.80924016,-0.7858967,-0.7978677,-0.79487497,-0.7978677,-0.80684596,-0.80445176,-0.79367787,-0.7882909,-0.80804306,-0.8002619000000001,-0.8122329,-0.76434886,-0.8218097,-0.83856916,-0.79966336,-0.8086416000000001,-0.83258367,-0.8487445,-0.8595184000000001,-0.88525605,-0.86370826,-0.8750806999999999,-0.8678981,-0.8810662,-0.88166475,-0.92535895,-0.8996213,-0.9151836,-0.9283517,-0.94092125,-0.96905315,-0.9660603999999999,-0.97862995,-0.9900024,-0.9624690999999999,-0.98461545,-1.009156,-0.99898064,-1.0049661,-1.0247183000000002,-1.0241197,-1.0259154000000001,-1.0468647,-1.0265139,-1.0666169,4
-0.86370826,-0.8750806999999999,-0.8678981,-0.8810662,-0.88166475,-0.92535895,-0.8996213,-0.9151836,-0.9283517,-0.94092125,-0.96905315,-0.9660603999999999,-0.97862995,-0.9900024,-0.9624690999999999,-0.98461545,-1.009156,-0.99898064,-1.0049661,-1.0247183000000002,-1.0241197,-1.0259154000000001,-1.0468647,-1.0265139,-1.0666169,-1.0875661,-1.0947487,-1.1109096,-1.0965444,-1.1073183000000002,-1.1432313,-1.1767502,-1.1294646000000002,-1.1300632,-1.1456255,-1.1575965,-1.1510124,-1.1731589,-1.1923125,-1.1707646999999999,-1.1893197,-1.2090718999999999,-1.204882,-1.2479776000000002,-1.2138603000000001,-1.2342110000000002,-1.2312181999999998,-1.2563573000000001,-1.2455834,-1.2599486,4
-1.0875661,-1.0947487,-1.1109096,-1.0965444,-1.1073183000000002,-1.1432313,-1.1767502,-1.1294646000000002,-1.1300632,-1.1456255,-1.1575965,-1.1510124,-1.1731589,-1.1923125,-1.1707646999999999,-1.1893197,-1.2090718999999999,-1.204882,-1.2479776000000002,-1.2138603000000001,-1.2342110000000002,-1.2312181999999998,-1.2563573000000001,-1.2455834,-1.2599486,-1.2419921,-1.2372037,-1.2485761999999998,-1.2216414,-1.2078748,-1.2150573999999998,-1.2372037,-1.2324153,-1.2150573999999998,-1.2120646000000002,-1.1982979999999999,-1.2342110000000002,-1.2300211,-1.1959038,-1.1629834,-1.1665748,-1.1540052,-1.1905168,-1.1510124,-1.1498153,-1.13964,-1.1264718999999999,-1.1486181999999998,-1.1647792,-1.1474211,4
-1.2419921,-1.2372037,-1.2485761999999998,-1.2216414,-1.2078748,-1.2150573999999998,-1.2372037,-1.2324153,-1.2150573999999998,-1.2120646000000002,-1.1982979999999999,-1.2342110000000002,-1.2300211,-1.1959038,-1.1629834,-1.1665748,-1.1540052,-1.1905168,-1.1510124,-1.1498153,-1.13964,-1.1264718999999999,-1.1486181999999998,-1.1647792,-1.1474211,-1.1294646000000002,-1.1013328000000002,-1.0947487,-1.0923545000000001,-1.1037270000000001,-1.0929531000000001,-1.0696096000000002,-1.0827777,-1.0785878999999998,-1.0486604,-1.0534488000000002,-1.0247183000000002,-1.0594343000000002,-1.0648212,-1.050456,-1.0462662,-1.0402806,-1.0139444,-1.0295067,-1.0271125,-0.98700964,-0.9708488000000001,-0.96665895,-0.9744401,-0.9600749,4
-1.1294646000000002,-1.1013328000000002,-1.0947487,-1.0923545000000001,-1.1037270000000001,-1.0929531000000001,-1.0696096000000002,-1.0827777,-1.0785878999999998,-1.0486604,-1.0534488000000002,-1.0247183000000002,-1.0594343000000002,-1.0648212,-1.050456,-1.0462662,-1.0402806,-1.0139444,-1.0295067,-1.0271125,-0.98700964,-0.9708488000000001,-0.96665895,-0.9744401,-0.9600749,-0.9624690999999999,-0.94930094,-0.9391255999999999,-0.92176765,-0.9295488000000001,-0.9552864999999999,-0.93972415,-0.9032126,-0.9032126,-0.88525605,-0.8882488000000002,-0.90500826,-0.88944596,-0.90979666,-0.88166475,-0.88166475,-0.8678981,-0.81881696,-0.84694886,-0.89303726,-0.87927055,-0.8523358,-0.82121116,-0.85772276,-0.85413146,4
-0.9624690999999999,-0.94930094,-0.9391255999999999,-0.92176765,-0.9295488000000001,-0.9552864999999999,-0.93972415,-0.9032126,-0.9032126,-0.88525605,-0.8882488000000002,-0.90500826,-0.88944596,-0.90979666,-0.88166475,-0.88166475,-0.8678981,-0.81881696,-0.84694886,-0.89303726,-0.87927055,-0.8523358,-0.82121116,-0.85772276,-0.85413146,-0.85054016,-0.82719666,-0.81283146,-0.79966336,-0.7906850999999999,-0.82899237,-0.80325466,-0.7990648,-0.7942764,-0.80325466,-0.80205756,-0.7942764,-0.777517,-0.7835025,-0.7703344,-0.7739256999999999,-0.76554596,-0.75118077,-0.7589619000000001,-0.7757214,-0.7637503000000001,-0.7529764,-0.741604,-0.7260416999999999,-0.75716627,4
-0.85054016,-0.82719666,-0.81283146,-0.79966336,-0.7906850999999999,-0.82899237,-0.80325466,-0.7990648,-0.7942764,-0.80325466,-0.80205756,-0.7942764,-0.777517,-0.7835025,-0.7703344,-0.7739256999999999,-0.76554596,-0.75118077,-0.7589619000000001,-0.7757214,-0.7637503000000001,-0.7529764,-0.741604,-0.7260416999999999,-0.75716627,-0.78888947,-0.7751228,-0.729633,-0.75956047,-0.7703344,-0.80086046,-0.82779527,-0.80564886,-0.81761986,-0.8074445,-0.830788,-0.84934306,-0.8451531999999999,-0.8619126,-0.8511386999999999,-0.85891986,-0.90021986,-0.9056068000000002,-0.9163806999999999,-0.9379284999999999,-0.93134445,-0.9271546,-0.96067345,-0.9498995000000001,-0.9451110999999999,4
-0.78888947,-0.7751228,-0.729633,-0.75956047,-0.7703344,-0.80086046,-0.82779527,-0.80564886,-0.81761986,-0.8074445,-0.830788,-0.84934306,-0.8451531999999999,-0.8619126,-0.8511386999999999,-0.85891986,-0.90021986,-0.9056068000000002,-0.9163806999999999,-0.9379284999999999,-0.93134445,-0.9271546,-0.96067345,-0.9498995000000001,-0.9451110999999999,-0.9935937,-0.97503865,-0.9540894,-0.95349085,-0.97862995,-0.9804255999999999,-1.0636241000000002,-1.0313023000000001,-1.027711,-1.0253168,-1.0199299000000002,-1.050456,-1.0785878999999998,-1.0737995,-1.0696096000000002,-1.062427,-1.062427,-1.0755951000000001,-1.0989386,-1.0995371,-1.0941502,-1.1091138999999999,-1.1300632,-1.1282675,-1.1492168,4
-0.9935937,-0.97503865,-0.9540894,-0.95349085,-0.97862995,-0.9804255999999999,-1.0636241000000002,-1.0313023000000001,-1.027711,-1.0253168,-1.0199299000000002,-1.050456,-1.0785878999999998,-1.0737995,-1.0696096000000002,-1.062427,-1.062427,-1.0755951000000001,-1.0989386,-1.0995371,-1.0941502,-1.1091138999999999,-1.1300632,-1.1282675,-1.1492168,-1.1617863000000002,-1.1402385,-1.1605892,-1.1444284,-1.1474211,-1.1498153,-1.1671733999999998,-1.1599906999999998,-1.1558008,-1.1689690000000001,-1.1336545,-1.1474211,-1.1725603,-1.1558008,-1.1354501000000001,-1.1402385,-1.1240777,-1.134253,-1.1522094999999999,-1.134253,-1.1049241,-1.1109096,-1.1019313,-1.1079168,-1.0618285,4
-1.1617863000000002,-1.1402385,-1.1605892,-1.1444284,-1.1474211,-1.1498153,-1.1671733999999998,-1.1599906999999998,-1.1558008,-1.1689690000000001,-1.1336545,-1.1474211,-1.1725603,-1.1558008,-1.1354501000000001,-1.1402385,-1.1240777,-1.134253,-1.1522094999999999,-1.134253,-1.1049241,-1.1109096,-1.1019313,-1.1079168,-1.0618285,-1.0911574,-1.0714053,-1.0737995,-1.0720038,-1.0522517,-1.0588357,-1.0648212,-1.0402806,-1.0289081,-1.0271125,-1.0354922,-1.0097545,-0.9983820999999999,-1.0073603000000002,-0.9888053,-0.9768343,-0.9576806999999999,-0.94690675,-0.98341835,-0.9852139999999999,-0.9684546,-0.9756372,-0.9343372,-0.9624690999999999,-0.95947635,4
-1.0911574,-1.0714053,-1.0737995,-1.0720038,-1.0522517,-1.0588357,-1.0648212,-1.0402806,-1.0289081,-1.0271125,-1.0354922,-1.0097545,-0.9983820999999999,-1.0073603000000002,-0.9888053,-0.9768343,-0.9576806999999999,-0.94690675,-0.98341835,-0.9852139999999999,-0.9684546,-0.9756372,-0.9343372,-0.9624690999999999,-0.95947635,-0.9768343,-0.9343372,-0.9139864999999999,-0.9271546,-0.91937345,-0.9151836,-0.9151836,-0.8960299999999999,-0.8810662,-0.86490536,-0.87687635,-0.87448215,-0.8900445,-0.88525605,-0.87328506,-0.86131406,-0.866701,-0.88046765,-0.8583213,-0.8379706,-0.8511386999999999,-0.8451531999999999,-0.82899237,-0.8242039000000001,-0.85173726,4
-0.9768343,-0.9343372,-0.9139864999999999,-0.9271546,-0.91937345,-0.9151836,-0.9151836,-0.8960299999999999,-0.8810662,-0.86490536,-0.87687635,-0.87448215,-0.8900445,-0.88525605,-0.87328506,-0.86131406,-0.866701,-0.88046765,-0.8583213,-0.8379706,-0.8511386999999999,-0.8451531999999999,-0.82899237,-0.8242039000000001,-0.85173726,-0.8882488000000002,-0.8948328999999999,-0.8547299999999999,-0.81402856,-0.83258367,-0.82121116,-0.8762778,-0.82240826,-0.80086046,-0.79607207,-0.81163436,-0.8146270999999999,-0.8002619000000001,-0.80086046,-0.8086416000000001,-0.770933,-0.7739256999999999,-0.801459,-0.7745243,-0.7667431,-0.770933,-0.7445967,-0.7637503000000001,-0.7721300999999999,-0.7553706,4
-0.8882488000000002,-0.8948328999999999,-0.8547299999999999,-0.81402856,-0.83258367,-0.82121116,-0.8762778,-0.82240826,-0.80086046,-0.79607207,-0.81163436,-0.8146270999999999,-0.8002619000000001,-0.80086046,-0.8086416000000001,-0.770933,-0.7739256999999999,-0.801459,-0.7745243,-0.7667431,-0.770933,-0.7445967,-0.7637503000000001,-0.7721300999999999,-0.7553706,-0.7553706,-0.74878657,-0.7457938000000001,-0.7248446,-0.7302314999999999,-0.74878657,-0.75357497,-0.80804306,-0.79726917,-0.7978677,-0.7978677,-0.82240826,-0.7990648,-0.84575176,-0.86251116,-0.88046765,-0.86251116,-0.88645315,-0.89543146,-0.90620536,-0.90021986,-0.9199719999999999,-0.89902276,-0.9283517,-0.9498995000000001,4
-0.7553706,-0.74878657,-0.7457938000000001,-0.7248446,-0.7302314999999999,-0.74878657,-0.75357497,-0.80804306,-0.79726917,-0.7978677,-0.7978677,-0.82240826,-0.7990648,-0.84575176,-0.86251116,-0.88046765,-0.86251116,-0.88645315,-0.89543146,-0.90620536,-0.90021986,-0.9199719999999999,-0.89902276,-0.9283517,-0.9498995000000001,-0.94331545,-0.96905315,-0.9528923,-0.98940384,-0.9816226999999998,-0.9947908000000001,-0.9923966000000001,-1.0019734,-1.0151415000000001,-1.0289081,-1.0510546,-1.0378863999999999,-1.0420763000000002,-1.0127473,-1.0600328,-1.0899603,-1.0516531,-1.0582372,-1.0672153999999998,-1.0773908,-1.1156979999999999,-1.1420341999999999,-1.1192893,-1.0911574,-1.0935516,4
-0.94331545,-0.96905315,-0.9528923,-0.98940384,-0.9816226999999998,-0.9947908000000001,-0.9923966000000001,-1.0019734,-1.0151415000000001,-1.0289081,-1.0510546,-1.0378863999999999,-1.0420763000000002,-1.0127473,-1.0600328,-1.0899603,-1.0516531,-1.0582372,-1.0672153999999998,-1.0773908,-1.1156979999999999,-1.1420341999999999,-1.1192893,-1.0911574,-1.0935516,-1.1282675,-1.1198878,-1.1228806,-1.1408371000000002,-1.1426326999999998,-1.1234791000000002,-1.1522094999999999,-1.1671733999999998,-1.1653777,-1.1767502,-1.1689690000000001,-1.1552023,-1.1737574,-1.1695676000000002,-1.1438298,-1.1593921,-1.1366472,-1.1534066,-1.1282675,-1.1234791000000002,-1.1390414,-1.1408371000000002,-1.1366472,-1.1115081,-1.0941502,4
-1.1282675,-1.1198878,-1.1228806,-1.1408371000000002,-1.1426326999999998,-1.1234791000000002,-1.1522094999999999,-1.1671733999999998,-1.1653777,-1.1767502,-1.1689690000000001,-1.1552023,-1.1737574,-1.1695676000000002,-1.1438298,-1.1593921,-1.1366472,-1.1534066,-1.1282675,-1.1234791000000002,-1.1390414,-1.1408371000000002,-1.1366472,-1.1115081,-1.0941502,-1.1085154,-1.110311,-1.1402385,-1.1091138999999999,-1.0971429,-1.0720038,-1.0714053,-1.0947487,-1.0881646999999999,-1.0528502,-1.0486604,-1.0390834999999998,-1.0241197,-1.0390834999999998,-1.073201,-1.0468647,-1.0378863999999999,-1.0151415000000001,-1.0049661,-0.99419224,-1.0229226,-1.0007763,-0.99060094,-0.9696517,-1.0031705,4
-1.1085154,-1.110311,-1.1402385,-1.1091138999999999,-1.0971429,-1.0720038,-1.0714053,-1.0947487,-1.0881646999999999,-1.0528502,-1.0486604,-1.0390834999999998,-1.0241197,-1.0390834999999998,-1.073201,-1.0468647,-1.0378863999999999,-1.0151415000000001,-1.0049661,-0.99419224,-1.0229226,-1.0007763,-0.99060094,-0.9696517,-1.0031705,-0.99658644,-0.99179804,-0.9427169,-0.9439139999999999,-0.9343372,-0.9343372,-0.9247603999999999,-0.9427169,-0.94570965,-0.94690675,-0.9624690999999999,-0.93493575,-0.93254155,-0.8960299999999999,-0.88166475,-0.90261406,-0.8834603999999999,-0.86969376,-0.8619126,-0.8523358,-0.8631097,-0.8523358,-0.8762778,-0.8678981,-0.8439561,4
-0.99658644,-0.99179804,-0.9427169,-0.9439139999999999,-0.9343372,-0.9343372,-0.9247603999999999,-0.9427169,-0.94570965,-0.94690675,-0.9624690999999999,-0.93493575,-0.93254155,-0.8960299999999999,-0.88166475,-0.90261406,-0.8834603999999999,-0.86969376,-0.8619126,-0.8523358,-0.8631097,-0.8523358,-0.8762778,-0.8678981,-0.8439561,-0.83258367,-0.8295909,-0.830788,-0.8355764000000001,-0.830788,-0.8170213000000001,-0.801459,-0.79846627,-0.7787141,-0.7565677,-0.7835025,-0.8110358,-0.7835025,-0.7541734999999999,-0.7667431,-0.7703344,-0.78888947,-0.7882909,-0.7787141,-0.7727286,-0.7290344,-0.76554596,-0.7428011,-0.7350199000000001,-0.7445967,4
-0.83258367,-0.8295909,-0.830788,-0.8355764000000001,-0.830788,-0.8170213000000001,-0.801459,-0.79846627,-0.7787141,-0.7565677,-0.7835025,-0.8110358,-0.7835025,-0.7541734999999999,-0.7667431,-0.7703344,-0.78888947,-0.7882909,-0.7787141,-0.7727286,-0.7290344,-0.76554596,-0.7428011,-0.7350199000000001,-0.7445967,-0.7565677,-0.705691,-0.7314286,-0.729633,-0.7164649000000001,-0.7152678000000001,-0.6973111999999999,-0.7158663000000001,-0.7026982,-0.7038953,-0.6943185000000001,-0.6769605,-0.7086836999999999,-0.6889314999999999,-0.6919243,-0.6979098000000001,-0.688333,-0.7074866,-0.7404069000000001,-0.7374141,-0.7032967,-0.7505821999999999,-0.7649474,-0.7930793,-0.79726917,4
-0.7565677,-0.705691,-0.7314286,-0.729633,-0.7164649000000001,-0.7152678000000001,-0.6973111999999999,-0.7158663000000001,-0.7026982,-0.7038953,-0.6943185000000001,-0.6769605,-0.7086836999999999,-0.6889314999999999,-0.6919243,-0.6979098000000001,-0.688333,-0.7074866,-0.7404069000000001,-0.7374141,-0.7032967,-0.7505821999999999,-0.7649474,-0.7930793,-0.79726917,-0.7942764,-0.79966336,-0.789488,-0.83018947,-0.866701,-0.83856916,-0.85532856,-0.87448215,-0.8702923,-0.91458505,-0.9044097,-0.92416185,-0.91937345,-0.9247603999999999,-0.93014735,-0.93014735,-0.91458505,-0.95468795,-0.98222125,-1.0013748,-1.0402806,-1.0426749,-1.0127473,-1.0013748,-0.9744401,4
-0.7942764,-0.79966336,-0.789488,-0.83018947,-0.866701,-0.83856916,-0.85532856,-0.87448215,-0.8702923,-0.91458505,-0.9044097,-0.92416185,-0.91937345,-0.9247603999999999,-0.93014735,-0.93014735,-0.91458505,-0.95468795,-0.98222125,-1.0013748,-1.0402806,-1.0426749,-1.0127473,-1.0013748,-0.9744401,-1.0720038,-1.0684125,-1.0480618,-1.0354922,-1.0600328,-1.055843,-1.1306617,-1.1402385,-1.1133038,-1.0947487,-1.0833763,-1.0983399999999999,-1.1366472,-1.1552023,-1.1863270000000001,-1.1204863999999999,-1.1312603,-1.1216834999999998,-1.1420341999999999,-1.1611878,-1.1917138999999999,-1.1833341999999998,-1.1785458,-1.1923125,-1.1803415000000002,4
-1.0720038,-1.0684125,-1.0480618,-1.0354922,-1.0600328,-1.055843,-1.1306617,-1.1402385,-1.1133038,-1.0947487,-1.0833763,-1.0983399999999999,-1.1366472,-1.1552023,-1.1863270000000001,-1.1204863999999999,-1.1312603,-1.1216834999999998,-1.1420341999999999,-1.1611878,-1.1917138999999999,-1.1833341999999998,-1.1785458,-1.1923125,-1.1803415000000002,-1.192911,-1.1965023000000001,-1.1815386,-1.1827357,-1.1516110000000002,-1.1318588,-1.146224,-1.174356,-1.1791444,-1.1408371000000002,-1.1546037,-1.1294646000000002,-1.1474211,-1.1575965,-1.1246762,-1.122282,-1.0965444,-1.1180921999999998,-1.0983399999999999,-1.073201,-1.0600328,-1.06123,-1.0540473,-1.0726023999999998,-1.079785,4
-1.192911,-1.1965023000000001,-1.1815386,-1.1827357,-1.1516110000000002,-1.1318588,-1.146224,-1.174356,-1.1791444,-1.1408371000000002,-1.1546037,-1.1294646000000002,-1.1474211,-1.1575965,-1.1246762,-1.122282,-1.0965444,-1.1180921999999998,-1.0983399999999999,-1.073201,-1.0600328,-1.06123,-1.0540473,-1.0726023999999998,-1.079785,-1.0660183,-1.0642227,-1.0342950999999998,-1.0414777,-1.0217254999999998,-1.0139444,-0.9959879,-0.9552864999999999,-0.93613285,-0.95588505,-0.9768343,-0.98222125,-0.9792285,-0.99898064,-1.0007763,-0.9696517,-0.96306765,-0.92057055,-0.93014735,-0.94331545,-0.9187749,-0.8858546,-0.84934306,-0.9091981,-0.91817635,4
-1.0660183,-1.0642227,-1.0342950999999998,-1.0414777,-1.0217254999999998,-1.0139444,-0.9959879,-0.9552864999999999,-0.93613285,-0.95588505,-0.9768343,-0.98222125,-0.9792285,-0.99898064,-1.0007763,-0.9696517,-0.96306765,-0.92057055,-0.93014735,-0.94331545,-0.9187749,-0.8858546,-0.84934306,-0.9091981,-0.91817635,-0.8936358,-0.89064306,-0.8571242,-0.8607155000000001,-0.89303726,-0.8846575000000001,-0.8846575000000001,-0.88765025,-0.83617496,-0.81283146,-0.7661445,-0.7733272,-0.7793127,-0.81163436,-0.83737206,-0.85652566,-0.8367735000000001,-0.8194155000000001,-0.82599956,-0.83378077,-0.8146270999999999,-0.7541734999999999,-0.7206547,-0.7260416999999999,-0.7320272,4
-0.8936358,-0.89064306,-0.8571242,-0.8607155000000001,-0.89303726,-0.8846575000000001,-0.8846575000000001,-0.88765025,-0.83617496,-0.81283146,-0.7661445,-0.7733272,-0.7793127,-0.81163436,-0.83737206,-0.85652566,-0.8367735000000001,-0.8194155000000001,-0.82599956,-0.83378077,-0.8146270999999999,-0.7541734999999999,-0.7206547,-0.7260416999999999,-0.7320272,-0.7637503000000001,-0.8062474000000001,-0.82121116,-0.8367735000000001,-0.82121116,-0.8265981,-0.8182184,-0.7930793,-0.7733272,-0.7284359,-0.7020996,-0.7044938000000001,-0.75118077,-0.7685388000000001,-0.7966706,-0.7823054,-0.8062474000000001,-0.8086416000000001,-0.7966706,-0.8050503000000001,-0.7727286,-0.75118077,-0.74399817,-0.7350199000000001,-0.7128736,4
-0.7637503000000001,-0.8062474000000001,-0.82121116,-0.8367735000000001,-0.82121116,-0.8265981,-0.8182184,-0.7930793,-0.7733272,-0.7284359,-0.7020996,-0.7044938000000001,-0.75118077,-0.7685388000000001,-0.7966706,-0.7823054,-0.8062474000000001,-0.8086416000000001,-0.7966706,-0.8050503000000001,-0.7727286,-0.75118077,-0.74399817,-0.7350199000000001,-0.7128736,-0.7679402,-0.75477207,-0.7224503999999999,-0.75836337,-0.830788,-0.8702923,-0.8948328999999999,-0.84575176,-0.8242039000000001,-0.82480246,-0.81522566,-0.8619126,-0.8936358,-0.90500826,-0.9259575000000001,-0.9115923,-0.9271546,-0.9391255999999999,-0.9516952,-0.9624690999999999,-0.94211835,-0.95468795,-0.97264445,-0.9804255999999999,-1.0001777,4
-0.7679402,-0.75477207,-0.7224503999999999,-0.75836337,-0.830788,-0.8702923,-0.8948328999999999,-0.84575176,-0.8242039000000001,-0.82480246,-0.81522566,-0.8619126,-0.8936358,-0.90500826,-0.9259575000000001,-0.9115923,-0.9271546,-0.9391255999999999,-0.9516952,-0.9624690999999999,-0.94211835,-0.95468795,-0.97264445,-0.9804255999999999,-1.0001777,-0.9995792,-1.0157399999999999,-1.0313023000000001,-1.0480618,-1.0414777,-1.0211270000000001,-1.0330979999999998,-1.0726023999999998,-1.0564415,-1.0546459,-1.0995371,-1.073201,-1.1001357,-1.1306617,-1.1192893,-1.1055226,-1.1216834999999998,-1.1162965,-1.1593921,-1.1516110000000002,-1.1456255,-1.1450268999999997,-1.1653777,-1.1504139,-1.1869254999999999,4
-0.9995792,-1.0157399999999999,-1.0313023000000001,-1.0480618,-1.0414777,-1.0211270000000001,-1.0330979999999998,-1.0726023999999998,-1.0564415,-1.0546459,-1.0995371,-1.073201,-1.1001357,-1.1306617,-1.1192893,-1.1055226,-1.1216834999999998,-1.1162965,-1.1593921,-1.1516110000000002,-1.1456255,-1.1450268999999997,-1.1653777,-1.1504139,-1.1869254999999999,-1.1785458,-1.1689690000000001,-1.1791444,-1.1402385,-1.1617863000000002,-1.1671733999999998,-1.1815386,-1.1749545,-1.1785458,-1.1785458,-1.1534066,-1.127669,-1.1025299,-1.1414356,-1.134253,-1.1258733,-1.1204863999999999,-1.1264718999999999,-1.1354501000000001,-1.1402385,-1.1300632,-1.0767921999999999,-1.0726023999999998,-1.067814,-1.0618285,4
-1.1785458,-1.1689690000000001,-1.1791444,-1.1402385,-1.1617863000000002,-1.1671733999999998,-1.1815386,-1.1749545,-1.1785458,-1.1785458,-1.1534066,-1.127669,-1.1025299,-1.1414356,-1.134253,-1.1258733,-1.1204863999999999,-1.1264718999999999,-1.1354501000000001,-1.1402385,-1.1300632,-1.0767921999999999,-1.0726023999999998,-1.067814,-1.0618285,-1.0791864,-1.0468647,-1.0666169,-1.0456676,-1.0618285,-1.0528502,-1.0767921999999999,-1.0486604,-1.0295067,-1.0169370999999998,-1.0127473,-1.0253168,-1.0253168,-1.002572,-0.9840169,-0.9744401,-0.99778354,-0.97264445,-0.97384155,-0.94810385,-1.0013748,-0.98102415,-0.93732995,-0.93254155,-0.9403226999999998,4
-1.0791864,-1.0468647,-1.0666169,-1.0456676,-1.0618285,-1.0528502,-1.0767921999999999,-1.0486604,-1.0295067,-1.0169370999999998,-1.0127473,-1.0253168,-1.0253168,-1.002572,-0.9840169,-0.9744401,-0.99778354,-0.97264445,-0.97384155,-0.94810385,-1.0013748,-0.98102415,-0.93732995,-0.93254155,-0.9403226999999998,-0.9720459000000001,-0.9600749,-0.92416185,-0.8948328999999999,-0.9008184000000001,-0.8984242,-0.9223662,-0.8726865,-0.8948328999999999,-0.8870517,-0.87927055,-0.8714894,-0.85413146,-0.86490536,-0.85173726,-0.8463503000000001,-0.8571242,-0.8643068000000002,-0.8242039000000001,-0.83258367,-0.83018947,-0.83378077,-0.81881696,-0.8218097,-0.80564886,4
-0.9720459000000001,-0.9600749,-0.92416185,-0.8948328999999999,-0.9008184000000001,-0.8984242,-0.9223662,-0.8726865,-0.8948328999999999,-0.8870517,-0.87927055,-0.8714894,-0.85413146,-0.86490536,-0.85173726,-0.8463503000000001,-0.8571242,-0.8643068000000002,-0.8242039000000001,-0.83258367,-0.83018947,-0.83378077,-0.81881696,-0.8218097,-0.80564886,-0.7978677,-0.81642276,-0.8206126,-0.80804306,-0.7787141,-0.7679402,-0.79726917,-0.8074445,-0.8038531999999999,-0.79008657,-0.79248077,-0.75237787,-0.7882909,-0.7793127,-0.7565677,-0.78649527,-0.75596917,-0.75596917,-0.7410054,-0.74399817,-0.7469909,-0.7433996,-0.7721300999999999,-0.74399817,-0.7433996,4
-0.7978677,-0.81642276,-0.8206126,-0.80804306,-0.7787141,-0.7679402,-0.79726917,-0.8074445,-0.8038531999999999,-0.79008657,-0.79248077,-0.75237787,-0.7882909,-0.7793127,-0.7565677,-0.78649527,-0.75596917,-0.75596917,-0.7410054,-0.74399817,-0.7469909,-0.7433996,-0.7721300999999999,-0.74399817,-0.7433996,-0.7667431,-0.748188,-0.7218518,-0.7457938000000001,-0.76195467,-0.7290344,-0.75836337,-0.7422025,-0.7625531999999999,-0.82240826,-0.79367787,-0.777517,-0.7769185000000001,-0.7978677,-0.8391677,-0.8619126,-0.8331822,-0.86251116,-0.8559271,-0.88765025,-0.87448215,-0.87927055,-0.8888474000000001,-0.9008184000000001,-0.91099375,4
-0.7667431,-0.748188,-0.7218518,-0.7457938000000001,-0.76195467,-0.7290344,-0.75836337,-0.7422025,-0.7625531999999999,-0.82240826,-0.79367787,-0.777517,-0.7769185000000001,-0.7978677,-0.8391677,-0.8619126,-0.8331822,-0.86251116,-0.8559271,-0.88765025,-0.87448215,-0.87927055,-0.8888474000000001,-0.9008184000000001,-0.91099375,-0.90021986,-0.94570965,-0.9295488000000001,-0.9403226999999998,-0.95109665,-0.95708215,-0.9612719999999999,-0.98461545,-1.0336965,-1.0067618,-0.99898064,-1.0235212,-1.0115502,-1.0199299000000002,-1.0061632,-1.0223241,-1.0618285,-1.06123,-1.0444705,-1.0654198000000001,-1.0702082,-1.0450690999999999,-1.1055226,-1.0971429,-1.0875661,4
-0.90021986,-0.94570965,-0.9295488000000001,-0.9403226999999998,-0.95109665,-0.95708215,-0.9612719999999999,-0.98461545,-1.0336965,-1.0067618,-0.99898064,-1.0235212,-1.0115502,-1.0199299000000002,-1.0061632,-1.0223241,-1.0618285,-1.06123,-1.0444705,-1.0654198000000001,-1.0702082,-1.0450690999999999,-1.1055226,-1.0971429,-1.0875661,-1.0947487,-1.1168951,-1.134253,-1.0893618,-1.1348516000000002,-1.1234791000000002,-1.1330559,-1.1306617,-1.1552023,-1.1719618,-1.1611878,-1.1402385,-1.13964,-1.1504139,-1.1629834,-1.1569979,-1.1318588,-1.1408371000000002,-1.1300632,-1.1444284,-1.0923545000000001,-1.1025299,-1.1282675,-1.1300632,-1.0893618,4
-1.0947487,-1.1168951,-1.134253,-1.0893618,-1.1348516000000002,-1.1234791000000002,-1.1330559,-1.1306617,-1.1552023,-1.1719618,-1.1611878,-1.1402385,-1.13964,-1.1504139,-1.1629834,-1.1569979,-1.1318588,-1.1408371000000002,-1.1300632,-1.1444284,-1.0923545000000001,-1.1025299,-1.1282675,-1.1300632,-1.0893618,-1.0809821000000002,-1.0827777,-1.0923545000000001,-1.1013328000000002,-1.1288661,-1.0791864,-1.0684125,-1.0372878,-1.0606314,-1.0582372,-1.0390834999999998,-1.0187328000000002,-1.0217254999999998,-1.0265139,-1.0313023000000001,-1.0384849,-1.0109516,-1.0085574000000002,-0.9888053,-0.9935937,-0.9816226999999998,-0.9672575000000001,-0.9576806999999999,-0.96426475,-0.97743285,4
-1.0809821000000002,-1.0827777,-1.0923545000000001,-1.1013328000000002,-1.1288661,-1.0791864,-1.0684125,-1.0372878,-1.0606314,-1.0582372,-1.0390834999999998,-1.0187328000000002,-1.0217254999999998,-1.0265139,-1.0313023000000001,-1.0384849,-1.0109516,-1.0085574000000002,-0.9888053,-0.9935937,-0.9816226999999998,-0.9672575000000001,-0.9576806999999999,-0.96426475,-0.97743285,-0.95109665,-0.94690675,-0.9487024,-0.90859956,-0.93014735,-0.9528923,-0.92775315,-0.9080010000000001,-0.9091981,-0.93493575,-0.9175778,-0.9223662,-0.8810662,-0.8631097,-0.88525605,-0.86849666,-0.8888474000000001,-0.8463503000000001,-0.85532856,-0.84694886,-0.8295909,-0.85173726,-0.85891986,-0.87328506,-0.83976626,4
-0.95109665,-0.94690675,-0.9487024,-0.90859956,-0.93014735,-0.9528923,-0.92775315,-0.9080010000000001,-0.9091981,-0.93493575,-0.9175778,-0.9223662,-0.8810662,-0.8631097,-0.88525605,-0.86849666,-0.8888474000000001,-0.8463503000000001,-0.85532856,-0.84694886,-0.8295909,-0.85173726,-0.85891986,-0.87328506,-0.83976626,-0.8391677,-0.80924016,-0.8146270999999999,-0.8170213000000001,-0.81642276,-0.81522566,-0.8295909,-0.8146270999999999,-0.82121116,-0.79846627,-0.79248077,-0.81043726,-0.8194155000000001,-0.81522566,-0.7835025,-0.7733272,-0.80205756,-0.7942764,-0.80205756,-0.7787141,-0.78290397,-0.7870938000000001,-0.7697359,-0.78888947,-0.7517793,4
-0.8391677,-0.80924016,-0.8146270999999999,-0.8170213000000001,-0.81642276,-0.81522566,-0.8295909,-0.8146270999999999,-0.82121116,-0.79846627,-0.79248077,-0.81043726,-0.8194155000000001,-0.81522566,-0.7835025,-0.7733272,-0.80205756,-0.7942764,-0.80205756,-0.7787141,-0.78290397,-0.7870938000000001,-0.7697359,-0.78888947,-0.7517793,-0.7613561,-0.76075757,-0.7745243,-0.7565677,-0.76554596,-0.760159,-0.7505821999999999,-0.74519527,-0.75477207,-0.76434886,-0.736217,-0.7679402,-0.74399817,-0.75716627,-0.7428011,-0.75836337,-0.7410054,-0.7356185000000001,-0.7691373,-0.8110358,-0.7727286,-0.7577648,-0.79726917,-0.8050503000000001,-0.82719666,4
-0.7613561,-0.76075757,-0.7745243,-0.7565677,-0.76554596,-0.760159,-0.7505821999999999,-0.74519527,-0.75477207,-0.76434886,-0.736217,-0.7679402,-0.74399817,-0.75716627,-0.7428011,-0.75836337,-0.7410054,-0.7356185000000001,-0.7691373,-0.8110358,-0.7727286,-0.7577648,-0.79726917,-0.8050503000000001,-0.82719666,-0.8451531999999999,-0.82121116,-0.82480246,-0.8499416,-0.8571242,-0.8798690999999998,-0.84096336,-0.86849666,-0.86729956,-0.8834603999999999,-0.90859956,-0.92655605,-0.92895025,-0.94211835,-0.93493575,-0.9283517,-0.9247603999999999,-0.96546185,-0.9660603999999999,-0.98700964,-0.9947908000000001,-0.97623575,-1.0067618,-1.009156,-0.99658644,4
-0.8451531999999999,-0.82121116,-0.82480246,-0.8499416,-0.8571242,-0.8798690999999998,-0.84096336,-0.86849666,-0.86729956,-0.8834603999999999,-0.90859956,-0.92655605,-0.92895025,-0.94211835,-0.93493575,-0.9283517,-0.9247603999999999,-0.96546185,-0.9660603999999999,-0.98700964,-0.9947908000000001,-0.97623575,-1.0067618,-1.009156,-0.99658644,-1.0139444,-1.0540473,-1.0265139,-1.0432734000000001,-1.0696096000000002,-1.0594343000000002,-1.0893618,-1.0989386,-1.0815806000000001,-1.0773908,-1.0905589,-1.1037270000000001,-1.1133038,-1.0905589,-1.0869676000000001,-1.0965444,-1.1001357,-1.1270704,-1.1366472,-1.1360487,-1.1330559,-1.1318588,-1.1216834999999998,-1.1258733,-1.1216834999999998,4
-1.0139444,-1.0540473,-1.0265139,-1.0432734000000001,-1.0696096000000002,-1.0594343000000002,-1.0893618,-1.0989386,-1.0815806000000001,-1.0773908,-1.0905589,-1.1037270000000001,-1.1133038,-1.0905589,-1.0869676000000001,-1.0965444,-1.1001357,-1.1270704,-1.1366472,-1.1360487,-1.1330559,-1.1318588,-1.1216834999999998,-1.1258733,-1.1216834999999998,-1.1318588,-1.1264718999999999,-1.1186907,-1.1061212,-1.1210848999999998,-1.1127052,-1.0755951000000001,-1.1067197,-1.1204863999999999,-1.0767921999999999,-1.0755951000000001,-1.0893618,-1.0684125,-1.0953473,-1.0720038,-1.074398,-1.0289081,-1.0408791,-1.0330979999999998,-1.0648212,-0.9995792,-1.0097545,-1.0007763,-1.0157399999999999,-1.0073603000000002,4
-1.1318588,-1.1264718999999999,-1.1186907,-1.1061212,-1.1210848999999998,-1.1127052,-1.0755951000000001,-1.1067197,-1.1204863999999999,-1.0767921999999999,-1.0755951000000001,-1.0893618,-1.0684125,-1.0953473,-1.0720038,-1.074398,-1.0289081,-1.0408791,-1.0330979999999998,-1.0648212,-0.9995792,-1.0097545,-1.0007763,-1.0157399999999999,-1.0073603000000002,-1.0001777,-0.9888053,-1.0067618,-0.96546185,-0.9660603999999999,-0.97623575,-0.9923966000000001,-0.95947635,-0.9552864999999999,-0.95468795,-0.93972415,-0.9211690999999999,-0.9080010000000001,-0.8810662,-0.90979666,-0.93613285,-0.90859956,-0.8834603999999999,-0.8786719999999999,-0.92176765,-0.88765025,-0.90261406,-0.88645315,-0.8571242,-0.8487445,4
-1.0001777,-0.9888053,-1.0067618,-0.96546185,-0.9660603999999999,-0.97623575,-0.9923966000000001,-0.95947635,-0.9552864999999999,-0.95468795,-0.93972415,-0.9211690999999999,-0.9080010000000001,-0.8810662,-0.90979666,-0.93613285,-0.90859956,-0.8834603999999999,-0.8786719999999999,-0.92176765,-0.88765025,-0.90261406,-0.88645315,-0.8571242,-0.8487445,-0.85652566,-0.86490536,-0.8194155000000001,-0.85054016,-0.85772276,-0.83617496,-0.80924016,-0.79966336,-0.8367735000000001,-0.83617496,-0.81522566,-0.82240826,-0.81343,-0.8170213000000001,-0.81043726,-0.79607207,-0.79846627,-0.7858967,-0.79726917,-0.7930793,-0.7793127,-0.80924016,-0.82480246,-0.79367787,-0.78649527,4
-0.85652566,-0.86490536,-0.8194155000000001,-0.85054016,-0.85772276,-0.83617496,-0.80924016,-0.79966336,-0.8367735000000001,-0.83617496,-0.81522566,-0.82240826,-0.81343,-0.8170213000000001,-0.81043726,-0.79607207,-0.79846627,-0.7858967,-0.79726917,-0.7930793,-0.7793127,-0.80924016,-0.82480246,-0.79367787,-0.78649527,-0.78529817,-0.7811083000000001,-0.8367735000000001,-0.78888947,-0.78410107,-0.760159,-0.7433996,-0.7685388000000001,-0.7505821999999999,-0.74519527,-0.7661445,-0.74758947,-0.7661445,-0.75596917,-0.75477207,-0.7254431,-0.7517793,-0.7577648,-0.7344214,-0.74519527,-0.7613561,-0.7380127,-0.7332243,-0.74998367,-0.7428011,4
-0.78529817,-0.7811083000000001,-0.8367735000000001,-0.78888947,-0.78410107,-0.760159,-0.7433996,-0.7685388000000001,-0.7505821999999999,-0.74519527,-0.7661445,-0.74758947,-0.7661445,-0.75596917,-0.75477207,-0.7254431,-0.7517793,-0.7577648,-0.7344214,-0.74519527,-0.7613561,-0.7380127,-0.7332243,-0.74998367,-0.7428011,-0.7302314999999999,-0.748188,-0.6931214,-0.760159,-0.7577648,-0.741604,-0.7212533,-0.729633,-0.748188,-0.74519527,-0.75118077,-0.7553706,-0.75357497,-0.7422025,-0.7697359,-0.78050977,-0.75118077,-0.7769185000000001,-0.78888947,-0.7978677,-0.81881696,-0.8218097,-0.83378077,-0.84575176,-0.85413146,4
-0.7302314999999999,-0.748188,-0.6931214,-0.760159,-0.7577648,-0.741604,-0.7212533,-0.729633,-0.748188,-0.74519527,-0.75118077,-0.7553706,-0.75357497,-0.7422025,-0.7697359,-0.78050977,-0.75118077,-0.7769185000000001,-0.78888947,-0.7978677,-0.81881696,-0.8218097,-0.83378077,-0.84575176,-0.85413146,-0.8391677,-0.87328506,-0.8882488000000002,-0.89782566,-0.91219085,-0.9068039000000001,-0.9056068000000002,-0.91099375,-0.9187749,-0.94092125,-0.9708488000000001,-0.9888053,-0.9564835999999999,-0.96665895,-0.9840169,-0.96306765,-1.0085574000000002,-1.0307038,-1.0366893,-1.0342950999999998,-1.0289081,-1.0336965,-1.050456,-1.049259,-1.0696096000000002,4
-0.8391677,-0.87328506,-0.8882488000000002,-0.89782566,-0.91219085,-0.9068039000000001,-0.9056068000000002,-0.91099375,-0.9187749,-0.94092125,-0.9708488000000001,-0.9888053,-0.9564835999999999,-0.96665895,-0.9840169,-0.96306765,-1.0085574000000002,-1.0307038,-1.0366893,-1.0342950999999998,-1.0289081,-1.0336965,-1.050456,-1.049259,-1.0696096000000002,-1.074398,-1.079785,-1.1001357,-1.0893618,-1.1145009,-1.1115081,-1.1324573999999998,-1.1097125,-1.1156979999999999,-1.1563994,-1.1510124,-1.1546037,-1.1587936,-1.2018893,-1.1569979,-1.1695676000000002,-1.1360487,-1.1797429,-1.2096704,-1.1707646999999999,-1.1761516,-1.1558008,-1.1641805,-1.2036848999999998,-1.1953052,4
-1.074398,-1.079785,-1.1001357,-1.0893618,-1.1145009,-1.1115081,-1.1324573999999998,-1.1097125,-1.1156979999999999,-1.1563994,-1.1510124,-1.1546037,-1.1587936,-1.2018893,-1.1569979,-1.1695676000000002,-1.1360487,-1.1797429,-1.2096704,-1.1707646999999999,-1.1761516,-1.1558008,-1.1641805,-1.2036848999999998,-1.1953052,-1.1671733999999998,-1.1360487,-1.1432313,-1.1456255,-1.1498153,-1.1318588,-1.1109096,-1.1378443,-1.1180921999999998,-1.1318588,-1.1204863999999999,-1.0983399999999999,-1.0971429,-1.0911574,-1.0971429,-1.0708067,-1.0708067,-1.074398,-1.0672153999999998,-1.0576386,-1.067814,-1.0450690999999999,-1.0115502,-1.0283096,-1.0420763000000002,4
-1.1671733999999998,-1.1360487,-1.1432313,-1.1456255,-1.1498153,-1.1318588,-1.1109096,-1.1378443,-1.1180921999999998,-1.1318588,-1.1204863999999999,-1.0983399999999999,-1.0971429,-1.0911574,-1.0971429,-1.0708067,-1.0708067,-1.074398,-1.0672153999999998,-1.0576386,-1.067814,-1.0450690999999999,-1.0115502,-1.0283096,-1.0420763000000002,-1.0307038,-1.0109516,-1.0061632,-1.0031705,-1.0145429,-1.0253168,-1.0157399999999999,-0.9600749,-0.9672575000000001,-0.97144735,-0.9463082,-0.94451255,-0.9498995000000001,-0.93134445,-0.91578215,-0.93254155,-0.92416185,-0.9379284999999999,-0.9163806999999999,-0.9091981,-0.88525605,-0.9103952,-0.8900445,-0.88944596,-0.8960299999999999,4
-1.0307038,-1.0109516,-1.0061632,-1.0031705,-1.0145429,-1.0253168,-1.0157399999999999,-0.9600749,-0.9672575000000001,-0.97144735,-0.9463082,-0.94451255,-0.9498995000000001,-0.93134445,-0.91578215,-0.93254155,-0.92416185,-0.9379284999999999,-0.9163806999999999,-0.9091981,-0.88525605,-0.9103952,-0.8900445,-0.88944596,-0.8960299999999999,-0.8912416,-0.85413146,-0.85173726,-0.8379706,-0.825401,-0.82719666,-0.8475474000000001,-0.86251116,-0.8319851,-0.82001406,-0.8283938,-0.8523358,-0.8547299999999999,-0.8499416,-0.8122329,-0.7793127,-0.8002619000000001,-0.8038531999999999,-0.7679402,-0.79248077,-0.78529817,-0.7691373,-0.7715314999999999,-0.78170687,-0.7715314999999999,4
-0.8912416,-0.85413146,-0.85173726,-0.8379706,-0.825401,-0.82719666,-0.8475474000000001,-0.86251116,-0.8319851,-0.82001406,-0.8283938,-0.8523358,-0.8547299999999999,-0.8499416,-0.8122329,-0.7793127,-0.8002619000000001,-0.8038531999999999,-0.7679402,-0.79248077,-0.78529817,-0.7691373,-0.7715314999999999,-0.78170687,-0.7715314999999999,-0.7781156,-0.7942764,-0.7733272,-0.7685388000000001,-0.7727286,-0.7721300999999999,-0.75596917,-0.7769185000000001,-0.7799111999999999,-0.75716627,-0.7781156,-0.7368156,-0.7200562,-0.7751228,-0.75477207,-0.7332243,-0.7338228,-0.7344214,-0.7242460000000001,-0.76075757,-0.7649474,-0.7697359,-0.7344214,-0.7356185000000001,-0.74758947,4
-0.7781156,-0.7942764,-0.7733272,-0.7685388000000001,-0.7727286,-0.7721300999999999,-0.75596917,-0.7769185000000001,-0.7799111999999999,-0.75716627,-0.7781156,-0.7368156,-0.7200562,-0.7751228,-0.75477207,-0.7332243,-0.7338228,-0.7344214,-0.7242460000000001,-0.76075757,-0.7649474,-0.7697359,-0.7344214,-0.7356185000000001,-0.74758947,-0.7326256999999999,-0.75716627,-0.7236475,-0.7170634,-0.7565677,-0.76075757,-0.75716627,-0.7769185000000001,-0.7715314999999999,-0.7757214,-0.7906850999999999,-0.79367787,-0.8170213000000001,-0.830788,-0.8002619000000001,-0.8194155000000001,-0.83856916,-0.82480246,-0.8619126,-0.842759,-0.8948328999999999,-0.8960299999999999,-0.9020155000000001,-0.8726865,-0.9008184000000001,4
-0.7326256999999999,-0.75716627,-0.7236475,-0.7170634,-0.7565677,-0.76075757,-0.75716627,-0.7769185000000001,-0.7715314999999999,-0.7757214,-0.7906850999999999,-0.79367787,-0.8170213000000001,-0.830788,-0.8002619000000001,-0.8194155000000001,-0.83856916,-0.82480246,-0.8619126,-0.842759,-0.8948328999999999,-0.8960299999999999,-0.9020155000000001,-0.8726865,-0.9008184000000001,-0.9175778,-0.94570965,-0.9684546,-0.96665895,-0.95588505,-0.9684546,-0.9923966000000001,-0.9756372,-0.98820674,-0.9983820999999999,-1.0037690000000001,-0.99299514,-1.0253168,-1.0235212,-1.0498575,-1.06123,-1.0654198000000001,-1.0582372,-1.0600328,-1.0869676000000001,-1.0791864,-1.0827777,-1.0875661,-1.0995371,-1.1324573999999998,4
-0.9175778,-0.94570965,-0.9684546,-0.96665895,-0.95588505,-0.9684546,-0.9923966000000001,-0.9756372,-0.98820674,-0.9983820999999999,-1.0037690000000001,-0.99299514,-1.0253168,-1.0235212,-1.0498575,-1.06123,-1.0654198000000001,-1.0582372,-1.0600328,-1.0869676000000001,-1.0791864,-1.0827777,-1.0875661,-1.0995371,-1.1324573999999998,-1.1294646000000002,-1.1264718999999999,-1.1282675,-1.1516110000000002,-1.1330559,-1.1145009,-1.1504139,-1.146224,-1.1869254999999999,-1.1935096,-1.1713632,-1.1492168,-1.174356,-1.2012907,-1.1917138999999999,-1.1839328000000002,-1.1947067,-1.1773487,-1.1976993999999999,-1.1923125,-1.1911154,-1.1887212,-1.1779473,-1.1701661,-1.1468226000000001,4
-1.1294646000000002,-1.1264718999999999,-1.1282675,-1.1516110000000002,-1.1330559,-1.1145009,-1.1504139,-1.146224,-1.1869254999999999,-1.1935096,-1.1713632,-1.1492168,-1.174356,-1.2012907,-1.1917138999999999,-1.1839328000000002,-1.1947067,-1.1773487,-1.1976993999999999,-1.1923125,-1.1911154,-1.1887212,-1.1779473,-1.1701661,-1.1468226000000001,-1.1761516,-1.1456255,-1.1510124,-1.1372458,-1.1552023,-1.1438298,-1.1306617,-1.1127052,-1.1162965,-1.1174936000000002,-1.1246762,-1.1025299,-1.0767921999999999,-1.0809821000000002,-1.0863690000000001,-1.0983399999999999,-1.1180921999999998,-1.0773908,-1.0648212,-1.0402806,-1.0480618,-1.0402806,-1.0247183000000002,-1.0211270000000001,-1.0295067,4
-1.1761516,-1.1456255,-1.1510124,-1.1372458,-1.1552023,-1.1438298,-1.1306617,-1.1127052,-1.1162965,-1.1174936000000002,-1.1246762,-1.1025299,-1.0767921999999999,-1.0809821000000002,-1.0863690000000001,-1.0983399999999999,-1.1180921999999998,-1.0773908,-1.0648212,-1.0402806,-1.0480618,-1.0402806,-1.0247183000000002,-1.0211270000000001,-1.0295067,-1.0229226,-1.0295067,-1.0097545,-1.0283096,-1.0169370999999998,-0.9888053,-0.9935937,-0.9768343,-0.97503865,-0.97384155,-0.97384155,-0.96905315,-0.95109665,-0.9540894,-0.9415198,-0.9115923,-0.9259575000000001,-0.9648633,-0.93972415,-0.9271546,-0.90979666,-0.93373865,-0.96306765,-0.9588778,-0.9403226999999998,4
-1.0229226,-1.0295067,-1.0097545,-1.0283096,-1.0169370999999998,-0.9888053,-0.9935937,-0.9768343,-0.97503865,-0.97384155,-0.97384155,-0.96905315,-0.95109665,-0.9540894,-0.9415198,-0.9115923,-0.9259575000000001,-0.9648633,-0.93972415,-0.9271546,-0.90979666,-0.93373865,-0.96306765,-0.9588778,-0.9403226999999998,-0.93613285,-0.91697925,-0.92057055,-0.9247603999999999,-0.91338795,-0.90620536,-0.8834603999999999,-0.92296475,-0.9068039000000001,-0.90620536,-0.9115923,-0.91219085,-0.9115923,-0.89543146,-0.88525605,-0.91458505,-0.8888474000000001,-0.88944596,-0.8583213,-0.8726865,-0.86131406,-0.8714894,-0.8439561,-0.8858546,-0.88166475,4
-0.93613285,-0.91697925,-0.92057055,-0.9247603999999999,-0.91338795,-0.90620536,-0.8834603999999999,-0.92296475,-0.9068039000000001,-0.90620536,-0.9115923,-0.91219085,-0.9115923,-0.89543146,-0.88525605,-0.91458505,-0.8888474000000001,-0.88944596,-0.8583213,-0.8726865,-0.86131406,-0.8714894,-0.8439561,-0.8858546,-0.88166475,-0.86131406,-0.84335756,-0.81761986,-0.8523358,-0.8726865,-0.88286185,-0.8475474000000001,-0.8319851,-0.8367735000000001,-0.8595184000000001,-0.8415619000000001,-0.82121116,-0.82599956,-0.79607207,-0.8050503000000001,-0.83258367,-0.8379706,-0.82001406,-0.81761986,-0.825401,-0.82001406,-0.7882909,-0.8110358,-0.81761986,-0.79128367,4
-0.86131406,-0.84335756,-0.81761986,-0.8523358,-0.8726865,-0.88286185,-0.8475474000000001,-0.8319851,-0.8367735000000001,-0.8595184000000001,-0.8415619000000001,-0.82121116,-0.82599956,-0.79607207,-0.8050503000000001,-0.83258367,-0.8379706,-0.82001406,-0.81761986,-0.825401,-0.82001406,-0.7882909,-0.8110358,-0.81761986,-0.79128367,-0.8062474000000001,-0.7811083000000001,-0.7823054,-0.8050503000000001,-0.7781156,-0.82360536,-0.85293436,-0.8098387,-0.7918821999999999,-0.801459,-0.81881696,-0.8535328999999999,-0.86610246,-0.8265981,-0.8547299999999999,-0.83976626,-0.8702923,-0.8846575000000001,-0.87328506,-0.8972271,-0.9139864999999999,-0.91219085,-0.9504981,-0.9367314,-0.9487024,4
-0.8062474000000001,-0.7811083000000001,-0.7823054,-0.8050503000000001,-0.7781156,-0.82360536,-0.85293436,-0.8098387,-0.7918821999999999,-0.801459,-0.81881696,-0.8535328999999999,-0.86610246,-0.8265981,-0.8547299999999999,-0.83976626,-0.8702923,-0.8846575000000001,-0.87328506,-0.8972271,-0.9139864999999999,-0.91219085,-0.9504981,-0.9367314,-0.9487024,-0.9355343,-0.94570965,-0.95468795,-0.9828198,-0.96067345,-0.9935937,-0.9911995000000001,-1.0121487,-1.0169370999999998,-1.0073603000000002,-1.0354922,-0.99898064,-1.0540473,-1.0767921999999999,-1.0642227,-1.049259,-1.0660183,-1.0749966,-1.0989386,-1.1145009,-1.1150993999999999,-1.0690111,-1.1013328000000002,-1.1264718999999999,-1.1378443,4
-0.9355343,-0.94570965,-0.95468795,-0.9828198,-0.96067345,-0.9935937,-0.9911995000000001,-1.0121487,-1.0169370999999998,-1.0073603000000002,-1.0354922,-0.99898064,-1.0540473,-1.0767921999999999,-1.0642227,-1.049259,-1.0660183,-1.0749966,-1.0989386,-1.1145009,-1.1150993999999999,-1.0690111,-1.1013328000000002,-1.1264718999999999,-1.1378443,-1.1091138999999999,-1.1534066,-1.1372458,-1.1192893,-1.1408371000000002,-1.1486181999999998,-1.1552023,-1.158195,-1.1402385,-1.1444284,-1.1504139,-1.1432313,-1.1504139,-1.1659763,-1.1611878,-1.1504139,-1.1162965,-1.0965444,-1.1312603,-1.1569979,-1.1282675,-1.1067197,-1.0905589,-1.1139023000000001,-1.1294646000000002,4
-1.1091138999999999,-1.1534066,-1.1372458,-1.1192893,-1.1408371000000002,-1.1486181999999998,-1.1552023,-1.158195,-1.1402385,-1.1444284,-1.1504139,-1.1432313,-1.1504139,-1.1659763,-1.1611878,-1.1504139,-1.1162965,-1.0965444,-1.1312603,-1.1569979,-1.1282675,-1.1067197,-1.0905589,-1.1139023000000001,-1.1294646000000002,-1.1204863999999999,-1.1270704,-1.074398,-1.0851719,-1.074398,-1.0971429,-1.0420763000000002,-1.0606314,-1.0510546,-1.0570401000000003,-1.0779893,-1.0588357,-1.0522517,-1.0426749,-1.0169370999999998,-1.0205284,-1.0163386,-1.0151415000000001,-1.0007763,-1.0085574000000002,-0.98940384,-0.99898064,-0.98341835,-0.97025025,-0.9415198,4
-1.1204863999999999,-1.1270704,-1.074398,-1.0851719,-1.074398,-1.0971429,-1.0420763000000002,-1.0606314,-1.0510546,-1.0570401000000003,-1.0779893,-1.0588357,-1.0522517,-1.0426749,-1.0169370999999998,-1.0205284,-1.0163386,-1.0151415000000001,-1.0007763,-1.0085574000000002,-0.98940384,-0.99898064,-0.98341835,-0.97025025,-0.9415198,-0.9732430000000001,-0.9947908000000001,-0.9648633,-0.9439139999999999,-0.94810385,-0.9528923,-0.9487024,-0.95229375,-0.9403226999999998,-0.9008184000000001,-0.90381116,-0.9115923,-0.9247603999999999,-0.90261406,-0.8798690999999998,-0.9068039000000001,-0.89662856,-0.90141696,-0.88944596,-0.89902276,-0.8643068000000002,-0.8678981,-0.8631097,-0.8846575000000001,-0.87089086,4
-0.9732430000000001,-0.9947908000000001,-0.9648633,-0.9439139999999999,-0.94810385,-0.9528923,-0.9487024,-0.95229375,-0.9403226999999998,-0.9008184000000001,-0.90381116,-0.9115923,-0.9247603999999999,-0.90261406,-0.8798690999999998,-0.9068039000000001,-0.89662856,-0.90141696,-0.88944596,-0.89902276,-0.8643068000000002,-0.8678981,-0.8631097,-0.8846575000000001,-0.87089086,-0.84694886,-0.87927055,-0.8607155000000001,-0.85293436,-0.81642276,-0.83378077,-0.82719666,-0.8595184000000001,-0.85652566,-0.8319851,-0.8295909,-0.8242039000000001,-0.84335756,-0.8631097,-0.8487445,-0.82360536,-0.8242039000000001,-0.8451531999999999,-0.8475474000000001,-0.79966336,-0.81043726,-0.81642276,-0.82719666,-0.8038531999999999,-0.8026561,4
-0.84694886,-0.87927055,-0.8607155000000001,-0.85293436,-0.81642276,-0.83378077,-0.82719666,-0.8595184000000001,-0.85652566,-0.8319851,-0.8295909,-0.8242039000000001,-0.84335756,-0.8631097,-0.8487445,-0.82360536,-0.8242039000000001,-0.8451531999999999,-0.8475474000000001,-0.79966336,-0.81043726,-0.81642276,-0.82719666,-0.8038531999999999,-0.8026561,-0.8182184,-0.81402856,-0.81402856,-0.8206126,-0.8122329,-0.79367787,-0.8170213000000001,-0.8086416000000001,-0.80445176,-0.8050503000000001,-0.789488,-0.79128367,-0.80205756,-0.78170687,-0.830788,-0.84335756,-0.79966336,-0.7835025,-0.8074445,-0.80445176,-0.84455466,-0.8283938,-0.83138657,-0.81881696,-0.80325466,4
-0.8182184,-0.81402856,-0.81402856,-0.8206126,-0.8122329,-0.79367787,-0.8170213000000001,-0.8086416000000001,-0.80445176,-0.8050503000000001,-0.789488,-0.79128367,-0.80205756,-0.78170687,-0.830788,-0.84335756,-0.79966336,-0.7835025,-0.8074445,-0.80445176,-0.84455466,-0.8283938,-0.83138657,-0.81881696,-0.80325466,-0.8026561,-0.7799111999999999,-0.79487497,-0.7882909,-0.79008657,-0.7858967,-0.7942764,-0.79966336,-0.8218097,-0.81402856,-0.78290397,-0.81283146,-0.82001406,-0.82719666,-0.8182184,-0.8170213000000001,-0.8295909,-0.8415619000000001,-0.83018947,-0.84335756,-0.86251116,-0.9091981,-0.8726865,-0.87089086,-0.88046765,4
-0.8026561,-0.7799111999999999,-0.79487497,-0.7882909,-0.79008657,-0.7858967,-0.7942764,-0.79966336,-0.8218097,-0.81402856,-0.78290397,-0.81283146,-0.82001406,-0.82719666,-0.8182184,-0.8170213000000001,-0.8295909,-0.8415619000000001,-0.83018947,-0.84335756,-0.86251116,-0.9091981,-0.8726865,-0.87089086,-0.88046765,-0.9151836,-0.92296475,-0.9439139999999999,-0.95468795,-0.93732995,-0.9211690999999999,-0.9672575000000001,-0.98102415,-0.9672575000000001,-0.96426475,-0.97503865,-0.9768343,-0.98341835,-1.009156,-1.0372878,-1.0199299000000002,-1.0109516,-1.0235212,-1.0372878,-1.0462662,-1.0498575,-1.0486604,-1.0594343000000002,-1.0726023999999998,-1.0833763,4
-0.9151836,-0.92296475,-0.9439139999999999,-0.95468795,-0.93732995,-0.9211690999999999,-0.9672575000000001,-0.98102415,-0.9672575000000001,-0.96426475,-0.97503865,-0.9768343,-0.98341835,-1.009156,-1.0372878,-1.0199299000000002,-1.0109516,-1.0235212,-1.0372878,-1.0462662,-1.0498575,-1.0486604,-1.0594343000000002,-1.0726023999999998,-1.0833763,-1.0785878999999998,-1.0953473,-1.0875661,-1.1174936000000002,-1.1079168,-1.1043254999999998,-1.1049241,-1.1228806,-1.1402385,-1.1563994,-1.1797429,-1.1306617,-1.1372458,-1.1324573999999998,-1.1444284,-1.1246762,-1.1336545,-1.1558008,-1.1797429,-1.13964,-1.1444284,-1.1444284,-1.1234791000000002,-1.1180921999999998,-1.1139023000000001,4
-1.0785878999999998,-1.0953473,-1.0875661,-1.1174936000000002,-1.1079168,-1.1043254999999998,-1.1049241,-1.1228806,-1.1402385,-1.1563994,-1.1797429,-1.1306617,-1.1372458,-1.1324573999999998,-1.1444284,-1.1246762,-1.1336545,-1.1558008,-1.1797429,-1.13964,-1.1444284,-1.1444284,-1.1234791000000002,-1.1180921999999998,-1.1139023000000001,-1.1210848999999998,-1.1109096,-1.1204863999999999,-1.0983399999999999,-1.1127052,-1.0965444,-1.0923545000000001,-1.06123,-1.0749966,-1.0905589,-1.0809821000000002,-1.0642227,-1.0360907,-1.0384849,-1.06123,-1.0408791,-1.0737995,-1.0606314,-1.0151415000000001,-1.0151415000000001,-1.0151415000000001,-1.0103531,-0.9995792,-1.002572,-0.99538934,4
-1.1210848999999998,-1.1109096,-1.1204863999999999,-1.0983399999999999,-1.1127052,-1.0965444,-1.0923545000000001,-1.06123,-1.0749966,-1.0905589,-1.0809821000000002,-1.0642227,-1.0360907,-1.0384849,-1.06123,-1.0408791,-1.0737995,-1.0606314,-1.0151415000000001,-1.0151415000000001,-1.0151415000000001,-1.0103531,-0.9995792,-1.002572,-0.99538934,-0.98940384,-0.98102415,-0.9816226999999998,-0.9947908000000001,-0.9648633,-0.9516952,-0.94451255,-0.9636662,-0.9331401,-0.9403226999999998,-0.9187749,-0.9415198,-0.93254155,-0.90381116,-0.90500826,-0.8912416,-0.8738836,-0.8972271,-0.9115923,-0.88166475,-0.8619126,-0.8822633,-0.89543146,-0.88765025,-0.8924386999999999,4
-0.98940384,-0.98102415,-0.9816226999999998,-0.9947908000000001,-0.9648633,-0.9516952,-0.94451255,-0.9636662,-0.9331401,-0.9403226999999998,-0.9187749,-0.9415198,-0.93254155,-0.90381116,-0.90500826,-0.8912416,-0.8738836,-0.8972271,-0.9115923,-0.88166475,-0.8619126,-0.8822633,-0.89543146,-0.88765025,-0.8924386999999999,-0.86011696,-0.83976626,-0.8355764000000001,-0.83856916,-0.83258367,-0.8547299999999999,-0.83856916,-0.83617496,-0.81642276,-0.82480246,-0.8391677,-0.8170213000000001,-0.80804306,-0.80564886,-0.79726917,-0.79248077,-0.8038531999999999,-0.7882909,-0.8062474000000001,-0.7811083000000001,-0.7870938000000001,-0.7930793,-0.75956047,-0.78888947,-0.7918821999999999,4
-0.86011696,-0.83976626,-0.8355764000000001,-0.83856916,-0.83258367,-0.8547299999999999,-0.83856916,-0.83617496,-0.81642276,-0.82480246,-0.8391677,-0.8170213000000001,-0.80804306,-0.80564886,-0.79726917,-0.79248077,-0.8038531999999999,-0.7882909,-0.8062474000000001,-0.7811083000000001,-0.7870938000000001,-0.7930793,-0.75956047,-0.78888947,-0.7918821999999999,-0.7870938000000001,-0.74758947,-0.7637503000000001,-0.7751228,-0.79726917,-0.8194155000000001,-0.7745243,-0.75477207,-0.770933,-0.7721300999999999,-0.7673416999999999,-0.7392098000000001,-0.7649474,-0.74998367,-0.7529764,-0.75237787,-0.75357497,-0.7350199000000001,-0.7380127,-0.741604,-0.7338228,-0.7505821999999999,-0.7266402,-0.7733272,-0.7392098000000001,4
-0.7870938000000001,-0.74758947,-0.7637503000000001,-0.7751228,-0.79726917,-0.8194155000000001,-0.7745243,-0.75477207,-0.770933,-0.7721300999999999,-0.7673416999999999,-0.7392098000000001,-0.7649474,-0.74998367,-0.7529764,-0.75237787,-0.75357497,-0.7350199000000001,-0.7380127,-0.741604,-0.7338228,-0.7505821999999999,-0.7266402,-0.7733272,-0.7392098000000001,-0.7356185000000001,-0.74639237,-0.7344214,-0.7314286,-0.74519527,-0.7254431,-0.76434886,-0.7679402,-0.7380127,-0.7236475,-0.7332243,-0.7529764,-0.76195467,-0.7625531999999999,-0.7374141,-0.7152678000000001,-0.7529764,-0.7661445,-0.7457938000000001,-0.712275,-0.741604,-0.74639237,-0.789488,-0.777517,-0.7906850999999999,4
-0.7356185000000001,-0.74639237,-0.7344214,-0.7314286,-0.74519527,-0.7254431,-0.76434886,-0.7679402,-0.7380127,-0.7236475,-0.7332243,-0.7529764,-0.76195467,-0.7625531999999999,-0.7374141,-0.7152678000000001,-0.7529764,-0.7661445,-0.7457938000000001,-0.712275,-0.741604,-0.74639237,-0.789488,-0.777517,-0.7906850999999999,-0.78529817,-0.81043726,-0.80445176,-0.8283938,-0.83976626,-0.8631097,-0.84575176,-0.8547299999999999,-0.87927055,-0.86849666,-0.85293436,-0.8936358,-0.8762778,-0.9068039000000001,-0.9427169,-0.93613285,-0.92057055,-0.9355343,-0.9475053,-0.9684546,-0.98940384,-0.9732430000000001,-0.98341835,-1.0061632,-1.0055646999999999,4
-0.78529817,-0.81043726,-0.80445176,-0.8283938,-0.83976626,-0.8631097,-0.84575176,-0.8547299999999999,-0.87927055,-0.86849666,-0.85293436,-0.8936358,-0.8762778,-0.9068039000000001,-0.9427169,-0.93613285,-0.92057055,-0.9355343,-0.9475053,-0.9684546,-0.98940384,-0.9732430000000001,-0.98341835,-1.0061632,-1.0055646999999999,-0.9983820999999999,-1.0115502,-1.0432734000000001,-1.0271125,-1.0307038,-1.0289081,-1.0516531,-1.0480618,-1.0720038,-1.0779893,-1.067814,-1.0905589,-1.0905589,-1.0989386,-1.1450268999999997,-1.0995371,-1.1121067,-1.134253,-1.1204863999999999,-1.1168951,-1.158195,-1.1384428999999998,-1.134253,-1.1468226000000001,-1.1558008,4
-0.9983820999999999,-1.0115502,-1.0432734000000001,-1.0271125,-1.0307038,-1.0289081,-1.0516531,-1.0480618,-1.0720038,-1.0779893,-1.067814,-1.0905589,-1.0905589,-1.0989386,-1.1450268999999997,-1.0995371,-1.1121067,-1.134253,-1.1204863999999999,-1.1168951,-1.158195,-1.1384428999999998,-1.134253,-1.1468226000000001,-1.1558008,-1.1923125,-1.1982979999999999,-1.1905168,-1.1707646999999999,-1.1438298,-1.1707646999999999,-1.1713632,-1.1372458,-1.1737574,-1.1558008,-1.1761516,-1.1563994,-1.1504139,-1.13964,-1.1456255,-1.1139023000000001,-1.1150993999999999,-1.1091138999999999,-1.110311,-1.1270704,-1.1025299,-1.1073183000000002,-1.0929531000000001,-1.0905589,-1.0791864,4
-1.1923125,-1.1982979999999999,-1.1905168,-1.1707646999999999,-1.1438298,-1.1707646999999999,-1.1713632,-1.1372458,-1.1737574,-1.1558008,-1.1761516,-1.1563994,-1.1504139,-1.13964,-1.1456255,-1.1139023000000001,-1.1150993999999999,-1.1091138999999999,-1.110311,-1.1270704,-1.1025299,-1.1073183000000002,-1.0929531000000001,-1.0905589,-1.0791864,-1.0773908,-1.0648212,-1.0869676000000001,-1.0791864,-1.0576386,-1.0708067,-1.0546459,-1.0845733999999998,-1.067814,-1.0510546,-1.0301052,-1.0061632,-1.0115502,-1.0241197,-1.0031705,-1.0121487,-1.0037690000000001,-0.99658644,-0.98341835,-1.0001777,-1.0013748,-1.0139444,-0.9648633,-0.9504981,-0.9540894,4
-1.0773908,-1.0648212,-1.0869676000000001,-1.0791864,-1.0576386,-1.0708067,-1.0546459,-1.0845733999999998,-1.067814,-1.0510546,-1.0301052,-1.0061632,-1.0115502,-1.0241197,-1.0031705,-1.0121487,-1.0037690000000001,-0.99658644,-0.98341835,-1.0001777,-1.0013748,-1.0139444,-0.9648633,-0.9504981,-0.9540894,-0.94092125,-0.95229375,-0.9163806999999999,-0.94690675,-0.93134445,-0.92895025,-0.9151836,-0.88166475,-0.92057055,-0.9187749,-0.8948328999999999,-0.90500826,-0.8762778,-0.866701,-0.91817635,-0.90740246,-0.87807345,-0.87567925,-0.8702923,-0.8882488000000002,-0.88405895,-0.84934306,-0.8738836,-0.830788,-0.84216046,4
-0.94092125,-0.95229375,-0.9163806999999999,-0.94690675,-0.93134445,-0.92895025,-0.9151836,-0.88166475,-0.92057055,-0.9187749,-0.8948328999999999,-0.90500826,-0.8762778,-0.866701,-0.91817635,-0.90740246,-0.87807345,-0.87567925,-0.8702923,-0.8882488000000002,-0.88405895,-0.84934306,-0.8738836,-0.830788,-0.84216046,-0.85772276,-0.86370826,-0.86490536,-0.85413146,-0.82899237,-0.86131406,-0.81163436,-0.84096336,-0.83258367,-0.81402856,-0.8379706,-0.82121116,-0.8206126,-0.8002619000000001,-0.789488,-0.8206126,-0.84575176,-0.78529817,-0.78769237,-0.76434886,-0.78888947,-0.8146270999999999,-0.7906850999999999,-0.8086416000000001,-0.7781156,4
-0.85772276,-0.86370826,-0.86490536,-0.85413146,-0.82899237,-0.86131406,-0.81163436,-0.84096336,-0.83258367,-0.81402856,-0.8379706,-0.82121116,-0.8206126,-0.8002619000000001,-0.789488,-0.8206126,-0.84575176,-0.78529817,-0.78769237,-0.76434886,-0.78888947,-0.8146270999999999,-0.7906850999999999,-0.8086416000000001,-0.7781156,-0.7769185000000001,-0.80804306,-0.83018947,-0.7733272,-0.79607207,-0.78050977,-0.78170687,-0.7906850999999999,-0.789488,-0.7763199000000001,-0.7930793,-0.76075757,-0.7697359,-0.7793127,-0.78410107,-0.7649474,-0.7661445,-0.7625531999999999,-0.74878657,-0.7493850999999999,-0.7721300999999999,-0.74519527,-0.76315176,-0.81761986,-0.78290397,4
-0.7769185000000001,-0.80804306,-0.83018947,-0.7733272,-0.79607207,-0.78050977,-0.78170687,-0.7906850999999999,-0.789488,-0.7763199000000001,-0.7930793,-0.76075757,-0.7697359,-0.7793127,-0.78410107,-0.7649474,-0.7661445,-0.7625531999999999,-0.74878657,-0.7493850999999999,-0.7721300999999999,-0.74519527,-0.76315176,-0.81761986,-0.78290397,-0.7553706,-0.7661445,-0.7870938000000001,-0.8331822,-0.82121116,-0.84096336,-0.82899237,-0.83737206,-0.8391677,-0.8583213,-0.8631097,-0.8451531999999999,-0.88166475,-0.87089086,-0.88645315,-0.90740246,-0.9044097,-0.92416185,-0.9259575000000001,-0.9487024,-0.9804255999999999,-0.96426475,-0.9780314,-0.9600749,-0.97623575,4
-0.7553706,-0.7661445,-0.7870938000000001,-0.8331822,-0.82121116,-0.84096336,-0.82899237,-0.83737206,-0.8391677,-0.8583213,-0.8631097,-0.8451531999999999,-0.88166475,-0.87089086,-0.88645315,-0.90740246,-0.9044097,-0.92416185,-0.9259575000000001,-0.9487024,-0.9804255999999999,-0.96426475,-0.9780314,-0.9600749,-0.97623575,-0.99179804,-1.0097545,-0.99060094,-0.9935937,-1.0019734,-1.0432734000000001,-1.0079589,-1.0283096,-1.0283096,-1.0384849,-1.0636241000000002,-1.067814,-1.0755951000000001,-1.0773908,-1.0630256,-1.0618285,-1.1127052,-1.0803835,-1.0911574,-1.1121067,-1.1306617,-1.1246762,-1.1318588,-1.1079168,-1.1474211,4
-0.99179804,-1.0097545,-0.99060094,-0.9935937,-1.0019734,-1.0432734000000001,-1.0079589,-1.0283096,-1.0283096,-1.0384849,-1.0636241000000002,-1.067814,-1.0755951000000001,-1.0773908,-1.0630256,-1.0618285,-1.1127052,-1.0803835,-1.0911574,-1.1121067,-1.1306617,-1.1246762,-1.1318588,-1.1079168,-1.1474211,-1.1270704,-1.1587936,-1.1480197,-1.1444284,-1.1486181999999998,-1.1516110000000002,-1.1599906999999998,-1.1611878,-1.1659763,-1.1558008,-1.1444284,-1.2006921999999998,-1.1953052,-1.1414356,-1.1133038,-1.1701661,-1.1216834999999998,-1.1486181999999998,-1.1546037,-1.1294646000000002,-1.0977415000000001,-1.0977415000000001,-1.1288661,-1.1079168,-1.0923545000000001,4
-1.1270704,-1.1587936,-1.1480197,-1.1444284,-1.1486181999999998,-1.1516110000000002,-1.1599906999999998,-1.1611878,-1.1659763,-1.1558008,-1.1444284,-1.2006921999999998,-1.1953052,-1.1414356,-1.1133038,-1.1701661,-1.1216834999999998,-1.1486181999999998,-1.1546037,-1.1294646000000002,-1.0977415000000001,-1.0977415000000001,-1.1288661,-1.1079168,-1.0923545000000001,-1.0851719,-1.0779893,-1.0941502,-1.0803835,-1.0995371,-1.0863690000000001,-1.0773908,-1.062427,-1.0516531,-1.0372878,-1.0384849,-1.0139444,-1.0348936,-1.0247183000000002,-1.0271125,-1.0073603000000002,-1.0043676,-0.9756372,-1.009156,-1.0145429,-0.9768343,-0.9780314,-0.9876082,-0.9804255999999999,-0.99299514,4
-1.0851719,-1.0779893,-1.0941502,-1.0803835,-1.0995371,-1.0863690000000001,-1.0773908,-1.062427,-1.0516531,-1.0372878,-1.0384849,-1.0139444,-1.0348936,-1.0247183000000002,-1.0271125,-1.0073603000000002,-1.0043676,-0.9756372,-1.009156,-1.0145429,-0.9768343,-0.9780314,-0.9876082,-0.9804255999999999,-0.99299514,-0.97384155,-0.96067345,-0.9516952,-0.93134445,-0.9367314,-0.93134445,-0.9235633,-0.91219085,-0.89902276,-0.91338795,-0.9439139999999999,-0.92176765,-0.91458505,-0.89423436,-0.9103952,-0.89543146,-0.8882488000000002,-0.8936358,-0.8960299999999999,-0.8822633,-0.87567925,-0.8984242,-0.8499416,-0.8631097,-0.82899237,4
-0.97384155,-0.96067345,-0.9516952,-0.93134445,-0.9367314,-0.93134445,-0.9235633,-0.91219085,-0.89902276,-0.91338795,-0.9439139999999999,-0.92176765,-0.91458505,-0.89423436,-0.9103952,-0.89543146,-0.8882488000000002,-0.8936358,-0.8960299999999999,-0.8822633,-0.87567925,-0.8984242,-0.8499416,-0.8631097,-0.82899237,-0.8643068000000002,-0.8595184000000001,-0.86011696,-0.83378077,-0.8391677,-0.84335756,-0.84814596,-0.84575176,-0.8146270999999999,-0.8194155000000001,-0.84455466,-0.8331822,-0.84455466,-0.8170213000000001,-0.81522566,-0.79607207,-0.801459,-0.81343,-0.8038531999999999,-0.81343,-0.81522566,-0.79846627,-0.79966336,-0.8050503000000001,-0.8230068000000001,4
-0.8643068000000002,-0.8595184000000001,-0.86011696,-0.83378077,-0.8391677,-0.84335756,-0.84814596,-0.84575176,-0.8146270999999999,-0.8194155000000001,-0.84455466,-0.8331822,-0.84455466,-0.8170213000000001,-0.81522566,-0.79607207,-0.801459,-0.81343,-0.8038531999999999,-0.81343,-0.81522566,-0.79846627,-0.79966336,-0.8050503000000001,-0.8230068000000001,-0.7751228,-0.7906850999999999,-0.79128367,-0.7799111999999999,-0.78888947,-0.78410107,-0.7745243,-0.82899237,-0.8110358,-0.7918821999999999,-0.75357497,-0.80684596,-0.83617496,-0.8475474000000001,-0.8810662,-0.85772276,-0.86131406,-0.86370826,-0.8888474000000001,-0.89423436,-0.87927055,-0.8948328999999999,-0.8948328999999999,-0.91219085,-0.9331401,4
-0.7751228,-0.7906850999999999,-0.79128367,-0.7799111999999999,-0.78888947,-0.78410107,-0.7745243,-0.82899237,-0.8110358,-0.7918821999999999,-0.75357497,-0.80684596,-0.83617496,-0.8475474000000001,-0.8810662,-0.85772276,-0.86131406,-0.86370826,-0.8888474000000001,-0.89423436,-0.87927055,-0.8948328999999999,-0.8948328999999999,-0.91219085,-0.9331401,-0.94930094,-0.93014735,-0.9576806999999999,-0.9540894,-0.95827925,-0.9696517,-1.0019734,-0.9923966000000001,-0.9864110999999999,-1.0169370999999998,-1.0259154000000001,-1.0181341999999998,-1.0372878,-1.0181341999999998,-1.0636241000000002,-1.0815806000000001,-1.0654198000000001,-1.0546459,-1.0755951000000001,-1.0785878999999998,-1.1150993999999999,-1.122282,-1.1091138999999999,-1.1216834999999998,-1.1109096,4
-0.94930094,-0.93014735,-0.9576806999999999,-0.9540894,-0.95827925,-0.9696517,-1.0019734,-0.9923966000000001,-0.9864110999999999,-1.0169370999999998,-1.0259154000000001,-1.0181341999999998,-1.0372878,-1.0181341999999998,-1.0636241000000002,-1.0815806000000001,-1.0654198000000001,-1.0546459,-1.0755951000000001,-1.0785878999999998,-1.1150993999999999,-1.122282,-1.1091138999999999,-1.1216834999999998,-1.1109096,-1.1318588,-1.1228806,-1.127669,-1.1180921999999998,-1.1378443,-1.1324573999999998,-1.1426326999999998,-1.1761516,-1.1857284,-1.1935096,-1.1677719,-1.1707646999999999,-1.1767502,-1.1893197,-1.1965023000000001,-1.2030864,-1.1815386,-1.1953052,-1.1899183,-1.174356,-1.1863270000000001,-1.2150573999999998,-1.1941081,-1.1659763,-1.1911154,4
-1.1318588,-1.1228806,-1.127669,-1.1180921999999998,-1.1378443,-1.1324573999999998,-1.1426326999999998,-1.1761516,-1.1857284,-1.1935096,-1.1677719,-1.1707646999999999,-1.1767502,-1.1893197,-1.1965023000000001,-1.2030864,-1.1815386,-1.1953052,-1.1899183,-1.174356,-1.1863270000000001,-1.2150573999999998,-1.1941081,-1.1659763,-1.1911154,-1.1815386,-1.1821371,-1.2234371000000002,-1.1659763,-1.1474211,-1.1372458,-1.1384428999999998,-1.1510124,-1.1348516000000002,-1.1115081,-1.1318588,-1.1402385,-1.134253,-1.1210848999999998,-1.1312603,-1.1204863999999999,-1.1234791000000002,-1.1210848999999998,-1.067814,-1.122282,-1.0881646999999999,-1.0737995,-1.0851719,-1.0630256,-1.0510546,4
-1.1815386,-1.1821371,-1.2234371000000002,-1.1659763,-1.1474211,-1.1372458,-1.1384428999999998,-1.1510124,-1.1348516000000002,-1.1115081,-1.1318588,-1.1402385,-1.134253,-1.1210848999999998,-1.1312603,-1.1204863999999999,-1.1234791000000002,-1.1210848999999998,-1.067814,-1.122282,-1.0881646999999999,-1.0737995,-1.0851719,-1.0630256,-1.0510546,-1.0528502,-1.0360907,-1.0648212,-1.0654198000000001,-1.0480618,-1.0330979999999998,-1.0402806,-1.0498575,-1.0737995,-1.0480618,-1.0223241,-1.0031705,-0.97623575,-1.0031705,-1.0187328000000002,-0.97025025,-0.9780314,-0.9744401,-0.97025025,-0.9696517,-0.94930094,-0.9271546,-0.9720459000000001,-0.9235633,-0.9151836,4
-1.0528502,-1.0360907,-1.0648212,-1.0654198000000001,-1.0480618,-1.0330979999999998,-1.0402806,-1.0498575,-1.0737995,-1.0480618,-1.0223241,-1.0031705,-0.97623575,-1.0031705,-1.0187328000000002,-0.97025025,-0.9780314,-0.9744401,-0.97025025,-0.9696517,-0.94930094,-0.9271546,-0.9720459000000001,-0.9235633,-0.9151836,-0.91458505,-0.9379284999999999,-0.90141696,-0.9115923,-0.8996213,-0.9020155000000001,-0.8900445,-0.8960299999999999,-0.8523358,-0.8870517,-0.8960299999999999,-0.89184016,-0.87927055,-0.85891986,-0.87567925,-0.8607155000000001,-0.87927055,-0.8619126,-0.8439561,-0.83976626,-0.8391677,-0.84455466,-0.82240826,-0.81881696,-0.8026561,4
-0.91458505,-0.9379284999999999,-0.90141696,-0.9115923,-0.8996213,-0.9020155000000001,-0.8900445,-0.8960299999999999,-0.8523358,-0.8870517,-0.8960299999999999,-0.89184016,-0.87927055,-0.85891986,-0.87567925,-0.8607155000000001,-0.87927055,-0.8619126,-0.8439561,-0.83976626,-0.8391677,-0.84455466,-0.82240826,-0.81881696,-0.8026561,-0.80804306,-0.8295909,-0.82121116,-0.8170213000000001,-0.8331822,-0.80684596,-0.8038531999999999,-0.80205756,-0.81642276,-0.7954735,-0.8098387,-0.78529817,-0.79966336,-0.7793127,-0.79846627,-0.79607207,-0.8182184,-0.82899237,-0.7793127,-0.75716627,-0.79367787,-0.79487497,-0.80684596,-0.7870938000000001,-0.7835025,4
-0.80804306,-0.8295909,-0.82121116,-0.8170213000000001,-0.8331822,-0.80684596,-0.8038531999999999,-0.80205756,-0.81642276,-0.7954735,-0.8098387,-0.78529817,-0.79966336,-0.7793127,-0.79846627,-0.79607207,-0.8182184,-0.82899237,-0.7793127,-0.75716627,-0.79367787,-0.79487497,-0.80684596,-0.7870938000000001,-0.7835025,-0.7781156,-0.7745243,-0.79008657,-0.7823054,-0.7679402,-0.7751228,-0.75716627,-0.7541734999999999,-0.76195467,-0.7781156,-0.79726917,-0.7930793,-0.7763199000000001,-0.7763199000000001,-0.7625531999999999,-0.7727286,-0.7565677,-0.79846627,-0.7942764,-0.7870938000000001,-0.81163436,-0.8050503000000001,-0.82779527,-0.86849666,-0.8403648000000001,4
-0.7781156,-0.7745243,-0.79008657,-0.7823054,-0.7679402,-0.7751228,-0.75716627,-0.7541734999999999,-0.76195467,-0.7781156,-0.79726917,-0.7930793,-0.7763199000000001,-0.7763199000000001,-0.7625531999999999,-0.7727286,-0.7565677,-0.79846627,-0.7942764,-0.7870938000000001,-0.81163436,-0.8050503000000001,-0.82779527,-0.86849666,-0.8403648000000001,-0.83378077,-0.8415619000000001,-0.86610246,-0.8984242,-0.91578215,-0.93613285,-0.91219085,-0.92176765,-0.9271546,-0.93732995,-0.93972415,-0.9391255999999999,-0.9403226999999998,-0.95947635,-0.99299514,-1.0079589,-1.0031705,-1.0019734,-1.002572,-1.0151415000000001,-1.0049661,-1.0271125,-1.0253168,-1.0498575,-1.0354922,4
-0.83378077,-0.8415619000000001,-0.86610246,-0.8984242,-0.91578215,-0.93613285,-0.91219085,-0.92176765,-0.9271546,-0.93732995,-0.93972415,-0.9391255999999999,-0.9403226999999998,-0.95947635,-0.99299514,-1.0079589,-1.0031705,-1.0019734,-1.002572,-1.0151415000000001,-1.0049661,-1.0271125,-1.0253168,-1.0498575,-1.0354922,-1.0348936,-1.0570401000000003,-1.0534488000000002,-1.0486604,-1.0857705,-1.0911574,-1.0941502,-1.0875661,-1.1192893,-1.1073183000000002,-1.1402385,-1.1516110000000002,-1.134253,-1.1318588,-1.1252748,-1.1294646000000002,-1.1629834,-1.1623849,-1.1647792,-1.1611878,-1.1665748,-1.1605892,-1.1587936,-1.1899183,-1.1791444,4
-1.0348936,-1.0570401000000003,-1.0534488000000002,-1.0486604,-1.0857705,-1.0911574,-1.0941502,-1.0875661,-1.1192893,-1.1073183000000002,-1.1402385,-1.1516110000000002,-1.134253,-1.1318588,-1.1252748,-1.1294646000000002,-1.1629834,-1.1623849,-1.1647792,-1.1611878,-1.1665748,-1.1605892,-1.1587936,-1.1899183,-1.1791444,-1.1689690000000001,-1.1611878,-1.1701661,-1.1803415000000002,-1.1432313,-1.1378443,-1.1318588,-1.1641805,-1.1468226000000001,-1.1384428999999998,-1.1204863999999999,-1.1252748,-1.1516110000000002,-1.1192893,-1.1150993999999999,-1.1150993999999999,-1.0953473,-1.1073183000000002,-1.1234791000000002,-1.1150993999999999,-1.0714053,-1.0809821000000002,-1.074398,-1.1001357,-1.0761937,4
-1.1689690000000001,-1.1611878,-1.1701661,-1.1803415000000002,-1.1432313,-1.1378443,-1.1318588,-1.1641805,-1.1468226000000001,-1.1384428999999998,-1.1204863999999999,-1.1252748,-1.1516110000000002,-1.1192893,-1.1150993999999999,-1.1150993999999999,-1.0953473,-1.1073183000000002,-1.1234791000000002,-1.1150993999999999,-1.0714053,-1.0809821000000002,-1.074398,-1.1001357,-1.0761937,-1.0576386,-1.0594343000000002,-1.0462662,-1.0307038,-1.0570401000000003,-1.0702082,-1.0420763000000002,-1.0360907,-1.0307038,-1.0378863999999999,-1.0133458,-1.0121487,-1.0157399999999999,-0.9995792,-0.9864110999999999,-0.9864110999999999,-0.9672575000000001,-0.9552864999999999,-0.9660603999999999,-0.9780314,-0.99658644,-0.9516952,-0.96306765,-0.97144735,-0.96546185,4
-1.0576386,-1.0594343000000002,-1.0462662,-1.0307038,-1.0570401000000003,-1.0702082,-1.0420763000000002,-1.0360907,-1.0307038,-1.0378863999999999,-1.0133458,-1.0121487,-1.0157399999999999,-0.9995792,-0.9864110999999999,-0.9864110999999999,-0.9672575000000001,-0.9552864999999999,-0.9660603999999999,-0.9780314,-0.99658644,-0.9516952,-0.96306765,-0.97144735,-0.96546185,-0.97743285,-0.9648633,-0.92176765,-0.90500826,-0.9319430000000001,-0.9439139999999999,-0.9283517,-0.9044097,-0.92057055,-0.89543146,-0.9080010000000001,-0.8924386999999999,-0.8972271,-0.89423436,-0.89543146,-0.8738836,-0.8888474000000001,-0.89064306,-0.8810662,-0.86729956,-0.88405895,-0.8678981,-0.8643068000000002,-0.85652566,-0.8631097,4
-0.97743285,-0.9648633,-0.92176765,-0.90500826,-0.9319430000000001,-0.9439139999999999,-0.9283517,-0.9044097,-0.92057055,-0.89543146,-0.9080010000000001,-0.8924386999999999,-0.8972271,-0.89423436,-0.89543146,-0.8738836,-0.8888474000000001,-0.89064306,-0.8810662,-0.86729956,-0.88405895,-0.8678981,-0.8643068000000002,-0.85652566,-0.8631097,-0.8619126,-0.8924386999999999,-0.842759,-0.8439561,-0.84216046,-0.8571242,-0.89303726,-0.8834603999999999,-0.88525605,-0.87687635,-0.8571242,-0.8499416,-0.85652566,-0.8355764000000001,-0.8607155000000001,-0.83856916,-0.8295909,-0.8451531999999999,-0.86131406,-0.86370826,-0.83018947,-0.8487445,-0.8331822,-0.82240826,-0.86370826,4
-0.8619126,-0.8924386999999999,-0.842759,-0.8439561,-0.84216046,-0.8571242,-0.89303726,-0.8834603999999999,-0.88525605,-0.87687635,-0.8571242,-0.8499416,-0.85652566,-0.8355764000000001,-0.8607155000000001,-0.83856916,-0.8295909,-0.8451531999999999,-0.86131406,-0.86370826,-0.83018947,-0.8487445,-0.8331822,-0.82240826,-0.86370826,-0.83737206,-0.83018947,-0.85413146,-0.8463503000000001,-0.8319851,-0.8391677,-0.82001406,-0.84455466,-0.87208796,-0.8595184000000001,-0.84335756,-0.87567925,-0.8858546,-0.9020155000000001,-0.8858546,-0.86251116,-0.83378077,-0.86011696,-0.8822633,-0.8678981,-0.84575176,-0.84814596,-0.83856916,-0.8367735000000001,-0.8690952,4
-0.83737206,-0.83018947,-0.85413146,-0.8463503000000001,-0.8319851,-0.8391677,-0.82001406,-0.84455466,-0.87208796,-0.8595184000000001,-0.84335756,-0.87567925,-0.8858546,-0.9020155000000001,-0.8858546,-0.86251116,-0.83378077,-0.86011696,-0.8822633,-0.8678981,-0.84575176,-0.84814596,-0.83856916,-0.8367735000000001,-0.8690952,-0.8714894,-0.8283938,-0.8391677,-0.8319851,-0.8451531999999999,-0.8439561,-0.8535328999999999,-0.8451531999999999,-0.85652566,-0.85652566,-0.83378077,-0.8451531999999999,-0.84216046,-0.87328506,-0.88286185,-0.88645315,-0.8295909,-0.8678981,-0.85652566,-0.8846575000000001,-0.91099375,-0.8972271,-0.8678981,-0.88525605,-0.89662856,4
-0.8714894,-0.8283938,-0.8391677,-0.8319851,-0.8451531999999999,-0.8439561,-0.8535328999999999,-0.8451531999999999,-0.85652566,-0.85652566,-0.83378077,-0.8451531999999999,-0.84216046,-0.87328506,-0.88286185,-0.88645315,-0.8295909,-0.8678981,-0.85652566,-0.8846575000000001,-0.91099375,-0.8972271,-0.8678981,-0.88525605,-0.89662856,-0.91937345,-0.90859956,-0.9463082,-0.9235633,-0.9295488000000001,-0.9498995000000001,-0.95109665,-0.9672575000000001,-0.97384155,-0.96785605,-0.98700964,-0.99299514,-0.997185,-0.9995792,-1.0157399999999999,-1.0271125,-1.0157399999999999,-1.0013748,-1.0283096,-1.0815806000000001,-1.0827777,-1.0450690999999999,-1.0570401000000003,-1.0666169,-1.0737995,4
-0.91937345,-0.90859956,-0.9463082,-0.9235633,-0.9295488000000001,-0.9498995000000001,-0.95109665,-0.9672575000000001,-0.97384155,-0.96785605,-0.98700964,-0.99299514,-0.997185,-0.9995792,-1.0157399999999999,-1.0271125,-1.0157399999999999,-1.0013748,-1.0283096,-1.0815806000000001,-1.0827777,-1.0450690999999999,-1.0570401000000003,-1.0666169,-1.0737995,-1.1049241,-1.1216834999999998,-1.1019313,-1.0815806000000001,-1.1079168,-1.1204863999999999,-1.1198878,-1.1162965,-1.1402385,-1.1348516000000002,-1.13964,-1.1575965,-1.1887212,-1.1827357,-1.1803415000000002,-1.1707646999999999,-1.2006921999999998,-1.1737574,-1.1761516,-1.1767502,-1.2000936000000002,-1.1869254999999999,-1.1623849,-1.2006921999999998,-1.2258313,4
-1.1049241,-1.1216834999999998,-1.1019313,-1.0815806000000001,-1.1079168,-1.1204863999999999,-1.1198878,-1.1162965,-1.1402385,-1.1348516000000002,-1.13964,-1.1575965,-1.1887212,-1.1827357,-1.1803415000000002,-1.1707646999999999,-1.2006921999999998,-1.1737574,-1.1761516,-1.1767502,-1.2000936000000002,-1.1869254999999999,-1.1623849,-1.2006921999999998,-1.2258313,-1.2144588,-1.1803415000000002,-1.1713632,-1.1456255,-1.1851299,-1.2210428999999998,-1.1982979999999999,-1.1641805,-1.1593921,-1.174356,-1.1773487,-1.1432313,-1.1408371000000002,-1.1450268999999997,-1.1360487,-1.1456255,-1.1384428999999998,-1.1234791000000002,-1.1216834999999998,-1.1216834999999998,-1.1234791000000002,-1.0977415000000001,-1.1061212,-1.0875661,-1.0684125,4
-1.2144588,-1.1803415000000002,-1.1713632,-1.1456255,-1.1851299,-1.2210428999999998,-1.1982979999999999,-1.1641805,-1.1593921,-1.174356,-1.1773487,-1.1432313,-1.1408371000000002,-1.1450268999999997,-1.1360487,-1.1456255,-1.1384428999999998,-1.1234791000000002,-1.1216834999999998,-1.1216834999999998,-1.1234791000000002,-1.0977415000000001,-1.1061212,-1.0875661,-1.0684125,-1.1025299,-1.0684125,-1.0534488000000002,-1.0235212,-1.0426749,-1.0690111,-1.0564415,-1.027711,-1.027711,-1.0013748,-1.0301052,-1.0522517,-1.0097545,-0.9888053,-0.96306765,-0.97623575,-0.97144735,-0.9540894,-0.96546185,-0.9588778,-0.95827925,-0.9660603999999999,-0.95349085,-0.9475053,-0.9379284999999999,4
-1.1025299,-1.0684125,-1.0534488000000002,-1.0235212,-1.0426749,-1.0690111,-1.0564415,-1.027711,-1.027711,-1.0013748,-1.0301052,-1.0522517,-1.0097545,-0.9888053,-0.96306765,-0.97623575,-0.97144735,-0.9540894,-0.96546185,-0.9588778,-0.95827925,-0.9660603999999999,-0.95349085,-0.9475053,-0.9379284999999999,-0.9331401,-0.9247603999999999,-0.9235633,-0.9139864999999999,-0.92176765,-0.91219085,-0.9068039000000001,-0.8936358,-0.8810662,-0.8547299999999999,-0.8858546,-0.8972271,-0.8774749,-0.87089086,-0.85054016,-0.8583213,-0.84694886,-0.84934306,-0.8206126,-0.83378077,-0.8062474000000001,-0.82240826,-0.81642276,-0.78888947,-0.8182184,4
-0.9331401,-0.9247603999999999,-0.9235633,-0.9139864999999999,-0.92176765,-0.91219085,-0.9068039000000001,-0.8936358,-0.8810662,-0.8547299999999999,-0.8858546,-0.8972271,-0.8774749,-0.87089086,-0.85054016,-0.8583213,-0.84694886,-0.84934306,-0.8206126,-0.83378077,-0.8062474000000001,-0.82240826,-0.81642276,-0.78888947,-0.8182184,-0.7823054,-0.7906850999999999,-0.78649527,-0.8218097,-0.79607207,-0.8038531999999999,-0.7870938000000001,-0.7870938000000001,-0.7906850999999999,-0.7625531999999999,-0.760159,-0.777517,-0.7613561,-0.7410054,-0.76554596,-0.7445967,-0.7811083000000001,-0.7906850999999999,-0.7589619000000001,-0.74519527,-0.7505821999999999,-0.7691373,-0.777517,-0.7739256999999999,-0.74758947,4
-0.7823054,-0.7906850999999999,-0.78649527,-0.8218097,-0.79607207,-0.8038531999999999,-0.7870938000000001,-0.7870938000000001,-0.7906850999999999,-0.7625531999999999,-0.760159,-0.777517,-0.7613561,-0.7410054,-0.76554596,-0.7445967,-0.7811083000000001,-0.7906850999999999,-0.7589619000000001,-0.74519527,-0.7505821999999999,-0.7691373,-0.777517,-0.7739256999999999,-0.74758947,-0.7541734999999999,-0.76554596,-0.76075757,-0.7529764,-0.7469909,-0.75118077,-0.7703344,-0.76315176,-0.7727286,-0.7906850999999999,-0.7727286,-0.8026561,-0.8170213000000001,-0.7858967,-0.81043726,-0.83617496,-0.8026561,-0.84096336,-0.82599956,-0.8415619000000001,-0.8391677,-0.8403648000000001,-0.8678981,-0.9235633,-0.89064306,4
-0.7541734999999999,-0.76554596,-0.76075757,-0.7529764,-0.7469909,-0.75118077,-0.7703344,-0.76315176,-0.7727286,-0.7906850999999999,-0.7727286,-0.8026561,-0.8170213000000001,-0.7858967,-0.81043726,-0.83617496,-0.8026561,-0.84096336,-0.82599956,-0.8415619000000001,-0.8391677,-0.8403648000000001,-0.8678981,-0.9235633,-0.89064306,-0.9080010000000001,-0.89782566,-0.92655605,-0.9439139999999999,-0.9828198,-0.99419224,-0.9780314,-0.97025025,-0.99299514,-1.0187328000000002,-0.99060094,-1.0133458,-1.0283096,-0.99419224,-1.0402806,-1.049259,-1.039682,-1.0534488000000002,-1.0570401000000003,-1.0863690000000001,-1.0642227,-1.0588357,-1.0851719,-1.0905589,-1.0815806000000001,4
-0.9080010000000001,-0.89782566,-0.92655605,-0.9439139999999999,-0.9828198,-0.99419224,-0.9780314,-0.97025025,-0.99299514,-1.0187328000000002,-0.99060094,-1.0133458,-1.0283096,-0.99419224,-1.0402806,-1.049259,-1.039682,-1.0534488000000002,-1.0570401000000003,-1.0863690000000001,-1.0642227,-1.0588357,-1.0851719,-1.0905589,-1.0815806000000001,-1.0965444,-1.1067197,-1.0869676000000001,-1.0851719,-1.0983399999999999,-1.1432313,-1.1366472,-1.1324573999999998,-1.122282,-1.1671733999999998,-1.1737574,-1.1875241,-1.2000936000000002,-1.1785458,-1.1641805,-1.1869254999999999,-1.192911,-1.1953052,-1.2156559,-1.2078748,-1.1941081,-1.1941081,-1.1994951,-1.2180501,-1.2006921999999998,4
-1.0965444,-1.1067197,-1.0869676000000001,-1.0851719,-1.0983399999999999,-1.1432313,-1.1366472,-1.1324573999999998,-1.122282,-1.1671733999999998,-1.1737574,-1.1875241,-1.2000936000000002,-1.1785458,-1.1641805,-1.1869254999999999,-1.192911,-1.1953052,-1.2156559,-1.2078748,-1.1941081,-1.1941081,-1.1994951,-1.2180501,-1.2006921999999998,-1.2042834999999998,-1.1911154,-1.1857284,-1.1725603,-1.1797429,-1.1893197,-1.174356,-1.1575965,-1.1558008,-1.127669,-1.1402385,-1.1665748,-1.1629834,-1.146224,-1.1270704,-1.1504139,-1.1468226000000001,-1.1486181999999998,-1.1378443,-1.1067197,-1.0702082,-1.0773908,-1.0995371,-1.0905589,-1.0486604,4
-1.2042834999999998,-1.1911154,-1.1857284,-1.1725603,-1.1797429,-1.1893197,-1.174356,-1.1575965,-1.1558008,-1.127669,-1.1402385,-1.1665748,-1.1629834,-1.146224,-1.1270704,-1.1504139,-1.1468226000000001,-1.1486181999999998,-1.1378443,-1.1067197,-1.0702082,-1.0773908,-1.0995371,-1.0905589,-1.0486604,-1.0654198000000001,-1.0576386,-1.0630256,-1.0576386,-1.0534488000000002,-1.0636241000000002,-1.055843,-1.0229226,-1.0181341999999998,-1.0307038,-1.043872,-1.0097545,-1.0330979999999998,-0.99419224,-1.0013748,-0.99179804,-0.9528923,-0.96905315,-0.9923966000000001,-0.97623575,-0.99778354,-0.9768343,-0.9439139999999999,-0.9451110999999999,-0.95349085,4
-1.0654198000000001,-1.0576386,-1.0630256,-1.0576386,-1.0534488000000002,-1.0636241000000002,-1.055843,-1.0229226,-1.0181341999999998,-1.0307038,-1.043872,-1.0097545,-1.0330979999999998,-0.99419224,-1.0013748,-0.99179804,-0.9528923,-0.96905315,-0.9923966000000001,-0.97623575,-0.99778354,-0.9768343,-0.9439139999999999,-0.9451110999999999,-0.95349085,-0.9672575000000001,-0.9199719999999999,-0.90261406,-0.91697925,-0.92057055,-0.9091981,-0.8882488000000002,-0.9020155000000001,-0.8774749,-0.88525605,-0.8948328999999999,-0.8960299999999999,-0.8912416,-0.9020155000000001,-0.8798690999999998,-0.87567925,-0.8678981,-0.88765025,-0.8655039000000001,-0.8631097,-0.86849666,-0.8846575000000001,-0.81402856,-0.82240826,-0.8391677,4
-0.9672575000000001,-0.9199719999999999,-0.90261406,-0.91697925,-0.92057055,-0.9091981,-0.8882488000000002,-0.9020155000000001,-0.8774749,-0.88525605,-0.8948328999999999,-0.8960299999999999,-0.8912416,-0.9020155000000001,-0.8798690999999998,-0.87567925,-0.8678981,-0.88765025,-0.8655039000000001,-0.8631097,-0.86849666,-0.8846575000000001,-0.81402856,-0.82240826,-0.8391677,-0.8379706,-0.8415619000000001,-0.8559271,-0.8439561,-0.8242039000000001,-0.8523358,-0.8367735000000001,-0.83497787,-0.83258367,-0.8295909,-0.79128367,-0.80445176,-0.8242039000000001,-0.7858967,-0.79607207,-0.7799111999999999,-0.78050977,-0.7733272,-0.79008657,-0.7930793,-0.7769185000000001,-0.7649474,-0.7751228,-0.7739256999999999,-0.76315176,4
-0.8379706,-0.8415619000000001,-0.8559271,-0.8439561,-0.8242039000000001,-0.8523358,-0.8367735000000001,-0.83497787,-0.83258367,-0.8295909,-0.79128367,-0.80445176,-0.8242039000000001,-0.7858967,-0.79607207,-0.7799111999999999,-0.78050977,-0.7733272,-0.79008657,-0.7930793,-0.7769185000000001,-0.7649474,-0.7751228,-0.7739256999999999,-0.76315176,-0.7930793,-0.76075757,-0.75716627,-0.79008657,-0.79248077,-0.7787141,-0.7882909,-0.81163436,-0.82599956,-0.84335756,-0.8206126,-0.8451531999999999,-0.86969376,-0.86969376,-0.88286185,-0.90141696,-0.8924386999999999,-0.88286185,-0.9080010000000001,-0.94451255,-0.9283517,-0.95229375,-0.9355343,-0.9624690999999999,-0.97503865,4
-0.7930793,-0.76075757,-0.75716627,-0.79008657,-0.79248077,-0.7787141,-0.7882909,-0.81163436,-0.82599956,-0.84335756,-0.8206126,-0.8451531999999999,-0.86969376,-0.86969376,-0.88286185,-0.90141696,-0.8924386999999999,-0.88286185,-0.9080010000000001,-0.94451255,-0.9283517,-0.95229375,-0.9355343,-0.9624690999999999,-0.97503865,-0.9911995000000001,-1.0133458,-1.0031705,-0.9959879,-0.9935937,-1.0067618,-1.0253168,-1.0348936,-1.0600328,-1.0510546,-1.0630256,-1.067814,-1.0702082,-1.0660183,-1.0851719,-1.0995371,-1.1330559,-1.1121067,-1.0893618,-1.1264718999999999,-1.1432313,-1.1881226,-1.1767502,-1.1605892,-1.146224,4
-0.9911995000000001,-1.0133458,-1.0031705,-0.9959879,-0.9935937,-1.0067618,-1.0253168,-1.0348936,-1.0600328,-1.0510546,-1.0630256,-1.067814,-1.0702082,-1.0660183,-1.0851719,-1.0995371,-1.1330559,-1.1121067,-1.0893618,-1.1264718999999999,-1.1432313,-1.1881226,-1.1767502,-1.1605892,-1.146224,-1.1498153,-1.1905168,-1.1677719,-1.1893197,-1.1623849,-1.1707646999999999,-1.1881226,-1.2042834999999998,-1.2270284,-1.2180501,-1.2186487,-1.2306197,-1.2114661,-1.1911154,-1.2192471999999999,-1.2078748,-1.1887212,-1.1971009,-1.2132617,-1.2054806,-1.2084733,-1.1569979,-1.1982979999999999,-1.2144588,-1.1815386,4
-1.1498153,-1.1905168,-1.1677719,-1.1893197,-1.1623849,-1.1707646999999999,-1.1881226,-1.2042834999999998,-1.2270284,-1.2180501,-1.2186487,-1.2306197,-1.2114661,-1.1911154,-1.2192471999999999,-1.2078748,-1.1887212,-1.1971009,-1.2132617,-1.2054806,-1.2084733,-1.1569979,-1.1982979999999999,-1.2144588,-1.1815386,-1.163582,-1.1821371,-1.1552023,-1.1552023,-1.1917138999999999,-1.1809399999999999,-1.1719618,-1.1294646000000002,-1.1228806,-1.1288661,-1.0869676000000001,-1.0863690000000001,-1.0929531000000001,-1.0869676000000001,-1.1133038,-1.074398,-1.0785878999999998,-1.0720038,-1.06123,-1.0648212,-1.0720038,-1.0408791,-1.062427,-1.0546459,-1.0319009,4
-1.163582,-1.1821371,-1.1552023,-1.1552023,-1.1917138999999999,-1.1809399999999999,-1.1719618,-1.1294646000000002,-1.1228806,-1.1288661,-1.0869676000000001,-1.0863690000000001,-1.0929531000000001,-1.0869676000000001,-1.1133038,-1.074398,-1.0785878999999998,-1.0720038,-1.06123,-1.0648212,-1.0720038,-1.0408791,-1.062427,-1.0546459,-1.0319009,-1.0229226,-1.0223241,-1.0217254999999998,-1.0139444,-0.99658644,-1.0235212,-1.0169370999999998,-0.9696517,-0.99299514,-1.0031705,-0.99778354,-1.0169370999999998,-1.0079589,-0.97384155,-0.95708215,-0.95109665,-0.97743285,-0.9552864999999999,-0.9295488000000001,-0.9391255999999999,-0.9415198,-0.9235633,-0.9415198,-0.9271546,-0.9175778,4
-1.0229226,-1.0223241,-1.0217254999999998,-1.0139444,-0.99658644,-1.0235212,-1.0169370999999998,-0.9696517,-0.99299514,-1.0031705,-0.99778354,-1.0169370999999998,-1.0079589,-0.97384155,-0.95708215,-0.95109665,-0.97743285,-0.9552864999999999,-0.9295488000000001,-0.9391255999999999,-0.9415198,-0.9235633,-0.9415198,-0.9271546,-0.9175778,-0.93373865,-0.9080010000000001,-0.91458505,-0.9080010000000001,-0.9068039000000001,-0.90381116,-0.8882488000000002,-0.89303726,-0.87448215,-0.8655039000000001,-0.8738836,-0.86490536,-0.8714894,-0.8882488000000002,-0.8559271,-0.85532856,-0.8595184000000001,-0.8607155000000001,-0.88525605,-0.88645315,-0.85891986,-0.84455466,-0.8391677,-0.8583213,-0.8535328999999999,4
-0.93373865,-0.9080010000000001,-0.91458505,-0.9080010000000001,-0.9068039000000001,-0.90381116,-0.8882488000000002,-0.89303726,-0.87448215,-0.8655039000000001,-0.8738836,-0.86490536,-0.8714894,-0.8882488000000002,-0.8559271,-0.85532856,-0.8595184000000001,-0.8607155000000001,-0.88525605,-0.88645315,-0.85891986,-0.84455466,-0.8391677,-0.8583213,-0.8535328999999999,-0.82719666,-0.83856916,-0.81761986,-0.82001406,-0.8242039000000001,-0.81283146,-0.82599956,-0.83018947,-0.82240826,-0.82480246,-0.7978677,-0.80564886,-0.80325466,-0.8086416000000001,-0.82899237,-0.8098387,-0.8098387,-0.7942764,-0.801459,-0.79128367,-0.83617496,-0.86610246,-0.84814596,-0.8475474000000001,-0.86251116,4
-0.82719666,-0.83856916,-0.81761986,-0.82001406,-0.8242039000000001,-0.81283146,-0.82599956,-0.83018947,-0.82240826,-0.82480246,-0.7978677,-0.80564886,-0.80325466,-0.8086416000000001,-0.82899237,-0.8098387,-0.8098387,-0.7942764,-0.801459,-0.79128367,-0.83617496,-0.86610246,-0.84814596,-0.8475474000000001,-0.86251116,-0.83497787,-0.8924386999999999,-0.9127894,-0.9151836,-0.9235633,-0.94331545,-0.9391255999999999,-0.9696517,-0.9498995000000001,-0.95827925,-0.95349085,-0.9696517,-1.0001777,-1.0055646999999999,-1.0121487,-1.0193313,-1.0115502,-1.0097545,-1.0390834999999998,-1.0618285,-1.0606314,-1.0708067,-1.067814,-1.0654198000000001,-1.062427,4
-0.1176798,-0.049033247,-0.088259846,-0.10787315,-0.06864655,-0.088259846,-0.098066494,-0.03922659999999999,-0.019613299999999997,-0.07845319999999999,-0.098066494,-0.1176798,-0.1372931,-0.1372931,-0.088259846,-0.088259846,-0.049033247,0.0,-0.06864655,-0.03922659999999999,-0.0588399,-0.088259846,-0.1372931,-0.098066494,-0.07845319999999999,-0.019613299999999997,-0.00980665,-0.00980665,-0.049033247,-0.0588399,-0.06864655,-0.06864655,-0.02941995,-0.06864655,-0.03922659999999999,-0.03922659999999999,-0.019613299999999997,-0.00980665,-0.049033247,-0.088259846,-0.12748645,-0.10787315,-0.06864655,-0.049033247,-0.0588399,-0.049033247,-0.06864655,-0.049033247,-0.049033247,-0.0588399,5
-0.019613299999999997,-0.00980665,-0.00980665,-0.049033247,-0.0588399,-0.06864655,-0.06864655,-0.02941995,-0.06864655,-0.03922659999999999,-0.03922659999999999,-0.019613299999999997,-0.00980665,-0.049033247,-0.088259846,-0.12748645,-0.10787315,-0.06864655,-0.049033247,-0.0588399,-0.049033247,-0.06864655,-0.049033247,-0.049033247,-0.0588399,-0.098066494,-0.12748645,-0.07845319999999999,-0.12748645,-0.098066494,-0.06864655,-0.1176798,-0.10787315,-0.049033247,-0.07845319999999999,-0.06864655,-0.06864655,-0.03922659999999999,-0.0588399,-0.03922659999999999,-0.06864655,-0.088259846,-0.07845319999999999,-0.06864655,-0.10787315,-0.0588399,-0.07845319999999999,-0.03922659999999999,-0.00980665,-0.049033247,5
-0.098066494,-0.12748645,-0.07845319999999999,-0.12748645,-0.098066494,-0.06864655,-0.1176798,-0.10787315,-0.049033247,-0.07845319999999999,-0.06864655,-0.06864655,-0.03922659999999999,-0.0588399,-0.03922659999999999,-0.06864655,-0.088259846,-0.07845319999999999,-0.06864655,-0.10787315,-0.0588399,-0.07845319999999999,-0.03922659999999999,-0.00980665,-0.049033247,-0.07845319999999999,-0.088259846,-0.1372931,-0.1372931,-0.1176798,-0.088259846,-0.049033247,-0.02941995,-0.049033247,-0.019613299999999997,-0.088259846,-0.03922659999999999,-0.0588399,-0.07845319999999999,-0.049033247,-0.0588399,-0.049033247,-0.10787315,-0.088259846,-0.088259846,-0.098066494,-0.0588399,-0.098066494,-0.03922659999999999,-0.019613299999999997,5
-0.07845319999999999,-0.088259846,-0.1372931,-0.1372931,-0.1176798,-0.088259846,-0.049033247,-0.02941995,-0.049033247,-0.019613299999999997,-0.088259846,-0.03922659999999999,-0.0588399,-0.07845319999999999,-0.049033247,-0.0588399,-0.049033247,-0.10787315,-0.088259846,-0.088259846,-0.098066494,-0.0588399,-0.098066494,-0.03922659999999999,-0.019613299999999997,-0.049033247,-0.088259846,-0.098066494,-0.088259846,-0.049033247,-0.07845319999999999,-0.06864655,-0.049033247,-0.03922659999999999,-0.0588399,-0.03922659999999999,-0.02941995,-0.088259846,-0.049033247,-0.088259846,-0.019613299999999997,-0.00980665,-0.00980665,-0.00980665,-0.00980665,-0.02941995,-0.07845319999999999,-0.06864655,-0.00980665,0.0,5
-0.049033247,-0.088259846,-0.098066494,-0.088259846,-0.049033247,-0.07845319999999999,-0.06864655,-0.049033247,-0.03922659999999999,-0.0588399,-0.03922659999999999,-0.02941995,-0.088259846,-0.049033247,-0.088259846,-0.019613299999999997,-0.00980665,-0.00980665,-0.00980665,-0.00980665,-0.02941995,-0.07845319999999999,-0.06864655,-0.00980665,0.0,0.0,0.019613299999999997,-0.00980665,-0.019613299999999997,-0.10787315,-0.1176798,-0.07845319999999999,-0.10787315,-0.088259846,-0.14709975,-0.12748645,-0.15690639999999997,-0.17651969,-0.17651969,-0.19613299,-0.2353596,-0.24516624,-0.2353596,-0.21574629999999997,-0.19613299,-0.17651969,-0.10787315,-0.1176798,-0.18632634,-0.10787315,5
0.0,0.019613299999999997,-0.00980665,-0.019613299999999997,-0.10787315,-0.1176798,-0.07845319999999999,-0.10787315,-0.088259846,-0.14709975,-0.12748645,-0.15690639999999997,-0.17651969,-0.17651969,-0.19613299,-0.2353596,-0.24516624,-0.2353596,-0.21574629999999997,-0.19613299,-0.17651969,-0.10787315,-0.1176798,-0.18632634,-0.10787315,-0.1176798,-0.10787315,-0.07845319999999999,-0.098066494,-0.06864655,-0.098066494,0.0,-0.02941995,-0.049033247,-0.06864655,-0.07845319999999999,-0.0588399,-0.06864655,-0.03922659999999999,-0.049033247,-0.019613299999999997,-0.0588399,0.00980665,-0.019613299999999997,-0.02941995,-0.00980665,0.00980665,-0.019613299999999997,-0.0588399,-0.03922659999999999,5
-0.1176798,-0.10787315,-0.07845319999999999,-0.098066494,-0.06864655,-0.098066494,0.0,-0.02941995,-0.049033247,-0.06864655,-0.07845319999999999,-0.0588399,-0.06864655,-0.03922659999999999,-0.049033247,-0.019613299999999997,-0.0588399,0.00980665,-0.019613299999999997,-0.02941995,-0.00980665,0.00980665,-0.019613299999999997,-0.0588399,-0.03922659999999999,-0.03922659999999999,0.00980665,0.0,-0.098066494,-0.06864655,-0.088259846,-0.06864655,-0.07845319999999999,-0.0588399,-0.0588399,-0.0588399,-0.06864655,-0.1176798,-0.15690639999999997,-0.12748645,-0.14709975,-0.14709975,-0.1372931,-0.07845319999999999,-0.06864655,-0.1176798,-0.098066494,-0.07845319999999999,-0.088259846,-0.02941995,5
-0.03922659999999999,0.00980665,0.0,-0.098066494,-0.06864655,-0.088259846,-0.06864655,-0.07845319999999999,-0.0588399,-0.0588399,-0.0588399,-0.06864655,-0.1176798,-0.15690639999999997,-0.12748645,-0.14709975,-0.14709975,-0.1372931,-0.07845319999999999,-0.06864655,-0.1176798,-0.098066494,-0.07845319999999999,-0.088259846,-0.02941995,-0.088259846,-0.02941995,-0.019613299999999997,-0.03922659999999999,-0.02941995,-0.02941995,-0.02941995,-0.06864655,-0.06864655,-0.06864655,-0.03922659999999999,-0.098066494,-0.06864655,-0.088259846,-0.1176798,-0.12748645,-0.16671304,-0.1372931,-0.1176798,-0.12748645,-0.098066494,-0.14709975,-0.1372931,-0.14709975,-0.088259846,5
-0.088259846,-0.02941995,-0.019613299999999997,-0.03922659999999999,-0.02941995,-0.02941995,-0.02941995,-0.06864655,-0.06864655,-0.06864655,-0.03922659999999999,-0.098066494,-0.06864655,-0.088259846,-0.1176798,-0.12748645,-0.16671304,-0.1372931,-0.1176798,-0.12748645,-0.098066494,-0.14709975,-0.1372931,-0.14709975,-0.088259846,-0.1372931,-0.049033247,-0.049033247,-0.00980665,0.0,0.0,-0.019613299999999997,0.0,-0.00980665,-0.00980665,-0.00980665,-0.088259846,-0.098066494,-0.12748645,-0.16671304,-0.17651969,-0.12748645,-0.17651969,-0.16671304,-0.14709975,-0.15690639999999997,-0.16671304,-0.17651969,-0.18632634,-0.20593965,5
-0.1372931,-0.049033247,-0.049033247,-0.00980665,0.0,0.0,-0.019613299999999997,0.0,-0.00980665,-0.00980665,-0.00980665,-0.088259846,-0.098066494,-0.12748645,-0.16671304,-0.17651969,-0.12748645,-0.17651969,-0.16671304,-0.14709975,-0.15690639999999997,-0.16671304,-0.17651969,-0.18632634,-0.20593965,-0.17651969,-0.21574629999999997,-0.14709975,-0.17651969,-0.12748645,-0.14709975,-0.14709975,-0.14709975,-0.14709975,-0.098066494,-0.088259846,-0.07845319999999999,-0.07845319999999999,-0.07845319999999999,-0.07845319999999999,-0.0588399,-0.088259846,-0.06864655,-0.098066494,-0.02941995,-0.03922659999999999,-0.049033247,-0.019613299999999997,-0.019613299999999997,-0.019613299999999997,5
-0.17651969,-0.21574629999999997,-0.14709975,-0.17651969,-0.12748645,-0.14709975,-0.14709975,-0.14709975,-0.14709975,-0.098066494,-0.088259846,-0.07845319999999999,-0.07845319999999999,-0.07845319999999999,-0.07845319999999999,-0.0588399,-0.088259846,-0.06864655,-0.098066494,-0.02941995,-0.03922659999999999,-0.049033247,-0.019613299999999997,-0.019613299999999997,-0.019613299999999997,-0.02941995,-0.0588399,-0.049033247,-0.10787315,-0.10787315,-0.049033247,-0.07845319999999999,-0.06864655,-0.0588399,-0.07845319999999999,-0.0588399,-0.088259846,-0.06864655,-0.0588399,-0.0588399,-0.088259846,-0.088259846,-0.10787315,-0.098066494,-0.088259846,-0.088259846,-0.098066494,-0.07845319999999999,-0.088259846,-0.049033247,5
-0.02941995,-0.0588399,-0.049033247,-0.10787315,-0.10787315,-0.049033247,-0.07845319999999999,-0.06864655,-0.0588399,-0.07845319999999999,-0.0588399,-0.088259846,-0.06864655,-0.0588399,-0.0588399,-0.088259846,-0.088259846,-0.10787315,-0.098066494,-0.088259846,-0.088259846,-0.098066494,-0.07845319999999999,-0.088259846,-0.049033247,-0.1176798,-0.14709975,-0.1372931,-0.1372931,-0.12748645,-0.15690639999999997,-0.18632634,-0.15690639999999997,-0.1372931,-0.10787315,-0.1372931,-0.10787315,-0.098066494,-0.098066494,-0.06864655,-0.03922659999999999,-0.03922659999999999,-0.019613299999999997,-0.00980665,-0.0588399,-0.049033247,-0.088259846,-0.0588399,-0.088259846,-0.088259846,5
-0.1176798,-0.14709975,-0.1372931,-0.1372931,-0.12748645,-0.15690639999999997,-0.18632634,-0.15690639999999997,-0.1372931,-0.10787315,-0.1372931,-0.10787315,-0.098066494,-0.098066494,-0.06864655,-0.03922659999999999,-0.03922659999999999,-0.019613299999999997,-0.00980665,-0.0588399,-0.049033247,-0.088259846,-0.0588399,-0.088259846,-0.088259846,-0.07845319999999999,-0.10787315,-0.06864655,-0.098066494,-0.1176798,-0.088259846,-0.098066494,-0.14709975,-0.07845319999999999,-0.098066494,-0.088259846,-0.098066494,-0.06864655,-0.06864655,-0.07845319999999999,-0.02941995,-0.0588399,-0.049033247,-0.00980665,-0.019613299999999997,-0.088259846,-0.098066494,-0.1372931,-0.16671304,-0.1372931,5
-0.07845319999999999,-0.10787315,-0.06864655,-0.098066494,-0.1176798,-0.088259846,-0.098066494,-0.14709975,-0.07845319999999999,-0.098066494,-0.088259846,-0.098066494,-0.06864655,-0.06864655,-0.07845319999999999,-0.02941995,-0.0588399,-0.049033247,-0.00980665,-0.019613299999999997,-0.088259846,-0.098066494,-0.1372931,-0.16671304,-0.1372931,-0.098066494,-0.1176798,-0.1372931,-0.15690639999999997,-0.10787315,-0.1372931,-0.03922659999999999,-0.088259846,-0.03922659999999999,-0.06864655,-0.098066494,-0.098066494,-0.10787315,-0.1176798,-0.03922659999999999,-0.07845319999999999,-0.0588399,-0.10787315,-0.0588399,-0.07845319999999999,-0.03922659999999999,-0.07845319999999999,-0.1176798,-0.098066494,-0.16671304,5
-0.098066494,-0.1176798,-0.1372931,-0.15690639999999997,-0.10787315,-0.1372931,-0.03922659999999999,-0.088259846,-0.03922659999999999,-0.06864655,-0.098066494,-0.098066494,-0.10787315,-0.1176798,-0.03922659999999999,-0.07845319999999999,-0.0588399,-0.10787315,-0.0588399,-0.07845319999999999,-0.03922659999999999,-0.07845319999999999,-0.1176798,-0.098066494,-0.16671304,-0.1176798,-0.12748645,-0.14709975,-0.1372931,-0.12748645,-0.14709975,-0.14709975,-0.14709975,-0.1372931,-0.1176798,-0.12748645,-0.14709975,-0.1372931,-0.12748645,-0.12748645,-0.088259846,-0.1176798,-0.088259846,-0.15690639999999997,-0.12748645,-0.10787315,-0.14709975,-0.07845319999999999,-0.1176798,-0.02941995,5
-0.1176798,-0.12748645,-0.14709975,-0.1372931,-0.12748645,-0.14709975,-0.14709975,-0.14709975,-0.1372931,-0.1176798,-0.12748645,-0.14709975,-0.1372931,-0.12748645,-0.12748645,-0.088259846,-0.1176798,-0.088259846,-0.15690639999999997,-0.12748645,-0.10787315,-0.14709975,-0.07845319999999999,-0.1176798,-0.02941995,-0.049033247,-0.03922659999999999,-0.098066494,-0.098066494,-0.088259846,-0.049033247,-0.06864655,-0.088259846,-0.049033247,-0.049033247,-0.049033247,-0.0588399,-0.03922659999999999,-0.049033247,-0.02941995,-0.049033247,-0.06864655,-0.088259846,-0.1176798,-0.098066494,-0.07845319999999999,-0.019613299999999997,-0.07845319999999999,-0.049033247,-0.088259846,5
-0.049033247,-0.03922659999999999,-0.098066494,-0.098066494,-0.088259846,-0.049033247,-0.06864655,-0.088259846,-0.049033247,-0.049033247,-0.049033247,-0.0588399,-0.03922659999999999,-0.049033247,-0.02941995,-0.049033247,-0.06864655,-0.088259846,-0.1176798,-0.098066494,-0.07845319999999999,-0.019613299999999997,-0.07845319999999999,-0.049033247,-0.088259846,-0.088259846,-0.07845319999999999,-0.07845319999999999,-0.0588399,-0.02941995,-0.019613299999999997,-0.0588399,-0.019613299999999997,-0.0588399,-0.07845319999999999,-0.0588399,-0.03922659999999999,-0.098066494,-0.088259846,-0.14709975,-0.098066494,-0.07845319999999999,-0.1372931,-0.098066494,-0.10787315,-0.12748645,-0.10787315,-0.15690639999999997,-0.12748645,-0.088259846,5
-0.088259846,-0.07845319999999999,-0.07845319999999999,-0.0588399,-0.02941995,-0.019613299999999997,-0.0588399,-0.019613299999999997,-0.0588399,-0.07845319999999999,-0.0588399,-0.03922659999999999,-0.098066494,-0.088259846,-0.14709975,-0.098066494,-0.07845319999999999,-0.1372931,-0.098066494,-0.10787315,-0.12748645,-0.10787315,-0.15690639999999997,-0.12748645,-0.088259846,-0.088259846,-0.03922659999999999,-0.07845319999999999,-0.06864655,-0.0588399,-0.088259846,-0.06864655,-0.1176798,-0.10787315,-0.088259846,-0.07845319999999999,-0.07845319999999999,-0.10787315,-0.1176798,-0.07845319999999999,-0.0588399,-0.088259846,-0.06864655,-0.088259846,-0.03922659999999999,-0.06864655,-0.07845319999999999,-0.12748645,-0.1176798,-0.1176798,5
-0.088259846,-0.03922659999999999,-0.07845319999999999,-0.06864655,-0.0588399,-0.088259846,-0.06864655,-0.1176798,-0.10787315,-0.088259846,-0.07845319999999999,-0.07845319999999999,-0.10787315,-0.1176798,-0.07845319999999999,-0.0588399,-0.088259846,-0.06864655,-0.088259846,-0.03922659999999999,-0.06864655,-0.07845319999999999,-0.12748645,-0.1176798,-0.1176798,-0.088259846,-0.06864655,-0.02941995,-0.098066494,-0.07845319999999999,-0.1176798,-0.098066494,-0.12748645,-0.12748645,-0.15690639999999997,-0.10787315,-0.088259846,-0.088259846,-0.06864655,-0.10787315,-0.16671304,-0.088259846,-0.1372931,-0.0588399,-0.098066494,-0.06864655,-0.1176798,-0.1176798,-0.12748645,-0.088259846,5
-0.088259846,-0.06864655,-0.02941995,-0.098066494,-0.07845319999999999,-0.1176798,-0.098066494,-0.12748645,-0.12748645,-0.15690639999999997,-0.10787315,-0.088259846,-0.088259846,-0.06864655,-0.10787315,-0.16671304,-0.088259846,-0.1372931,-0.0588399,-0.098066494,-0.06864655,-0.1176798,-0.1176798,-0.12748645,-0.088259846,-0.088259846,-0.098066494,-0.098066494,-0.12748645,-0.07845319999999999,-0.15690639999999997,-0.1176798,-0.098066494,-0.088259846,-0.10787315,-0.098066494,-0.07845319999999999,-0.07845319999999999,-0.10787315,-0.06864655,-0.07845319999999999,-0.07845319999999999,-0.1176798,-0.07845319999999999,-0.1176798,-0.088259846,-0.07845319999999999,-0.088259846,-0.07845319999999999,-0.06864655,5
-0.088259846,-0.098066494,-0.098066494,-0.12748645,-0.07845319999999999,-0.15690639999999997,-0.1176798,-0.098066494,-0.088259846,-0.10787315,-0.098066494,-0.07845319999999999,-0.07845319999999999,-0.10787315,-0.06864655,-0.07845319999999999,-0.07845319999999999,-0.1176798,-0.07845319999999999,-0.1176798,-0.088259846,-0.07845319999999999,-0.088259846,-0.07845319999999999,-0.06864655,-0.049033247,-0.06864655,-0.088259846,-0.098066494,-0.098066494,-0.06864655,-0.07845319999999999,-0.06864655,-0.098066494,-0.088259846,-0.088259846,-0.088259846,-0.088259846,-0.07845319999999999,-0.10787315,-0.088259846,-0.12748645,-0.14709975,-0.10787315,-0.14709975,-0.10787315,-0.098066494,-0.049033247,-0.12748645,-0.1176798,5
-0.049033247,-0.06864655,-0.088259846,-0.098066494,-0.098066494,-0.06864655,-0.07845319999999999,-0.06864655,-0.098066494,-0.088259846,-0.088259846,-0.088259846,-0.088259846,-0.07845319999999999,-0.10787315,-0.088259846,-0.12748645,-0.14709975,-0.10787315,-0.14709975,-0.10787315,-0.098066494,-0.049033247,-0.12748645,-0.1176798,-0.07845319999999999,-0.07845319999999999,-0.12748645,-0.17651969,-0.16671304,-0.1372931,-0.12748645,-0.098066494,-0.049033247,-0.0588399,-0.07845319999999999,-0.10787315,-0.098066494,-0.12748645,-0.14709975,-0.12748645,-0.06864655,-0.03922659999999999,-0.049033247,-0.07845319999999999,-0.049033247,-0.049033247,-0.06864655,-0.07845319999999999,-0.1176798,5
-0.07845319999999999,-0.07845319999999999,-0.12748645,-0.17651969,-0.16671304,-0.1372931,-0.12748645,-0.098066494,-0.049033247,-0.0588399,-0.07845319999999999,-0.10787315,-0.098066494,-0.12748645,-0.14709975,-0.12748645,-0.06864655,-0.03922659999999999,-0.049033247,-0.07845319999999999,-0.049033247,-0.049033247,-0.06864655,-0.07845319999999999,-0.1176798,-0.14709975,-0.0588399,-0.098066494,-0.06864655,-0.06864655,-0.1176798,-0.07845319999999999,-0.14709975,-0.049033247,-0.12748645,-0.088259846,-0.06864655,-0.088259846,-0.07845319999999999,-0.098066494,-0.098066494,-0.07845319999999999,-0.10787315,-0.12748645,-0.16671304,-0.098066494,-0.10787315,-0.15690639999999997,-0.098066494,-0.098066494,5
-0.14709975,-0.0588399,-0.098066494,-0.06864655,-0.06864655,-0.1176798,-0.07845319999999999,-0.14709975,-0.049033247,-0.12748645,-0.088259846,-0.06864655,-0.088259846,-0.07845319999999999,-0.098066494,-0.098066494,-0.07845319999999999,-0.10787315,-0.12748645,-0.16671304,-0.098066494,-0.10787315,-0.15690639999999997,-0.098066494,-0.098066494,-0.10787315,-0.1372931,-0.098066494,-0.088259846,-0.10787315,-0.098066494,-0.06864655,-0.1176798,-0.1372931,-0.1372931,-0.098066494,-0.10787315,-0.12748645,-0.12748645,-0.1372931,-0.1176798,-0.10787315,-0.10787315,-0.088259846,-0.0588399,-0.06864655,-0.06864655,-0.088259846,-0.12748645,-0.15690639999999997,5
-0.10787315,-0.1372931,-0.098066494,-0.088259846,-0.10787315,-0.098066494,-0.06864655,-0.1176798,-0.1372931,-0.1372931,-0.098066494,-0.10787315,-0.12748645,-0.12748645,-0.1372931,-0.1176798,-0.10787315,-0.10787315,-0.088259846,-0.0588399,-0.06864655,-0.06864655,-0.088259846,-0.12748645,-0.15690639999999997,-0.12748645,-0.1176798,-0.098066494,-0.098066494,-0.06864655,-0.098066494,-0.06864655,-0.098066494,-0.10787315,-0.1176798,-0.1372931,-0.14709975,-0.12748645,-0.1176798,-0.088259846,-0.06864655,-0.07845319999999999,-0.049033247,-0.049033247,-0.07845319999999999,-0.12748645,-0.088259846,-0.15690639999999997,-0.088259846,-0.1372931,5
-0.12748645,-0.1176798,-0.098066494,-0.098066494,-0.06864655,-0.098066494,-0.06864655,-0.098066494,-0.10787315,-0.1176798,-0.1372931,-0.14709975,-0.12748645,-0.1176798,-0.088259846,-0.06864655,-0.07845319999999999,-0.049033247,-0.049033247,-0.07845319999999999,-0.12748645,-0.088259846,-0.15690639999999997,-0.088259846,-0.1372931,-0.1372931,-0.14709975,-0.1176798,-0.14709975,-0.1176798,-0.088259846,-0.07845319999999999,-0.0588399,-0.07845319999999999,-0.06864655,-0.098066494,-0.06864655,-0.1176798,-0.088259846,-0.088259846,-0.088259846,-0.098066494,-0.12748645,-0.12748645,-0.0588399,-0.12748645,-0.098066494,-0.1176798,-0.12748645,-0.14709975,5
-0.1372931,-0.14709975,-0.1176798,-0.14709975,-0.1176798,-0.088259846,-0.07845319999999999,-0.0588399,-0.07845319999999999,-0.06864655,-0.098066494,-0.06864655,-0.1176798,-0.088259846,-0.088259846,-0.088259846,-0.098066494,-0.12748645,-0.12748645,-0.0588399,-0.12748645,-0.098066494,-0.1176798,-0.12748645,-0.14709975,-0.15690639999999997,-0.17651969,-0.14709975,-0.15690639999999997,-0.1372931,-0.14709975,-0.10787315,-0.088259846,-0.12748645,-0.14709975,-0.098066494,-0.088259846,-0.12748645,-0.12748645,-0.12748645,-0.10787315,-0.1372931,-0.17651969,-0.16671304,-0.03922659999999999,-0.1372931,-0.06864655,-0.0588399,-0.10787315,-0.10787315,5
-0.15690639999999997,-0.17651969,-0.14709975,-0.15690639999999997,-0.1372931,-0.14709975,-0.10787315,-0.088259846,-0.12748645,-0.14709975,-0.098066494,-0.088259846,-0.12748645,-0.12748645,-0.12748645,-0.10787315,-0.1372931,-0.17651969,-0.16671304,-0.03922659999999999,-0.1372931,-0.06864655,-0.0588399,-0.10787315,-0.10787315,-0.1176798,-0.10787315,-0.098066494,-0.088259846,-0.1176798,-0.07845319999999999,-0.049033247,-0.088259846,-0.098066494,-0.0588399,-0.098066494,-0.10787315,-0.15690639999999997,-0.10787315,-0.10787315,-0.1176798,-0.12748645,-0.098066494,-0.14709975,-0.1176798,-0.1176798,-0.15690639999999997,-0.12748645,-0.15690639999999997,-0.1176798,5
-0.1176798,-0.10787315,-0.098066494,-0.088259846,-0.1176798,-0.07845319999999999,-0.049033247,-0.088259846,-0.098066494,-0.0588399,-0.098066494,-0.10787315,-0.15690639999999997,-0.10787315,-0.10787315,-0.1176798,-0.12748645,-0.098066494,-0.14709975,-0.1176798,-0.1176798,-0.15690639999999997,-0.12748645,-0.15690639999999997,-0.1176798,-0.14709975,-0.1372931,-0.1372931,-0.06864655,-0.1372931,-0.1176798,-0.07845319999999999,-0.088259846,-0.098066494,-0.1372931,-0.088259846,-0.07845319999999999,-0.10787315,-0.088259846,-0.1372931,-0.098066494,-0.14709975,-0.12748645,-0.12748645,-0.1372931,-0.14709975,-0.15690639999999997,-0.12748645,-0.098066494,-0.12748645,5
-0.14709975,-0.1372931,-0.1372931,-0.06864655,-0.1372931,-0.1176798,-0.07845319999999999,-0.088259846,-0.098066494,-0.1372931,-0.088259846,-0.07845319999999999,-0.10787315,-0.088259846,-0.1372931,-0.098066494,-0.14709975,-0.12748645,-0.12748645,-0.1372931,-0.14709975,-0.15690639999999997,-0.12748645,-0.098066494,-0.12748645,-0.10787315,-0.10787315,-0.0588399,-0.098066494,-0.12748645,-0.15690639999999997,-0.1372931,-0.12748645,-0.17651969,-0.10787315,-0.1176798,-0.10787315,-0.098066494,-0.1176798,-0.12748645,-0.16671304,-0.1372931,-0.1176798,-0.1176798,-0.14709975,-0.12748645,-0.1176798,-0.098066494,-0.10787315,-0.0588399,5
-0.10787315,-0.10787315,-0.0588399,-0.098066494,-0.12748645,-0.15690639999999997,-0.1372931,-0.12748645,-0.17651969,-0.10787315,-0.1176798,-0.10787315,-0.098066494,-0.1176798,-0.12748645,-0.16671304,-0.1372931,-0.1176798,-0.1176798,-0.14709975,-0.12748645,-0.1176798,-0.098066494,-0.10787315,-0.0588399,-0.15690639999999997,-0.1372931,-0.12748645,-0.14709975,-0.06864655,-0.10787315,-0.07845319999999999,-0.07845319999999999,-0.1176798,-0.12748645,-0.1372931,-0.1176798,-0.10787315,-0.10787315,-0.0588399,-0.10787315,-0.0588399,-0.10787315,-0.12748645,-0.14709975,-0.1176798,-0.1176798,-0.15690639999999997,-0.10787315,-0.088259846,5
-0.15690639999999997,-0.1372931,-0.12748645,-0.14709975,-0.06864655,-0.10787315,-0.07845319999999999,-0.07845319999999999,-0.1176798,-0.12748645,-0.1372931,-0.1176798,-0.10787315,-0.10787315,-0.0588399,-0.10787315,-0.0588399,-0.10787315,-0.12748645,-0.14709975,-0.1176798,-0.1176798,-0.15690639999999997,-0.10787315,-0.088259846,-0.14709975,-0.16671304,-0.1372931,-0.098066494,-0.098066494,-0.07845319999999999,-0.098066494,-0.10787315,-0.12748645,-0.07845319999999999,-0.1372931,-0.088259846,-0.098066494,-0.10787315,-0.10787315,-0.1372931,-0.1372931,-0.1176798,-0.16671304,-0.16671304,-0.088259846,-0.10787315,-0.10787315,-0.06864655,-0.12748645,5
-0.14709975,-0.16671304,-0.1372931,-0.098066494,-0.098066494,-0.07845319999999999,-0.098066494,-0.10787315,-0.12748645,-0.07845319999999999,-0.1372931,-0.088259846,-0.098066494,-0.10787315,-0.10787315,-0.1372931,-0.1372931,-0.1176798,-0.16671304,-0.16671304,-0.088259846,-0.10787315,-0.10787315,-0.06864655,-0.12748645,-0.098066494,-0.088259846,-0.1176798,-0.088259846,-0.1176798,-0.088259846,-0.10787315,-0.06864655,-0.07845319999999999,-0.10787315,-0.088259846,-0.088259846,-0.088259846,-0.088259846,-0.14709975,-0.1372931,-0.098066494,-0.14709975,-0.098066494,-0.098066494,-0.098066494,-0.088259846,-0.1176798,-0.12748645,-0.14709975,5
-0.098066494,-0.088259846,-0.1176798,-0.088259846,-0.1176798,-0.088259846,-0.10787315,-0.06864655,-0.07845319999999999,-0.10787315,-0.088259846,-0.088259846,-0.088259846,-0.088259846,-0.14709975,-0.1372931,-0.098066494,-0.14709975,-0.098066494,-0.098066494,-0.098066494,-0.088259846,-0.1176798,-0.12748645,-0.14709975,-0.12748645,-0.07845319999999999,-0.1176798,-0.06864655,-0.06864655,-0.14709975,-0.10787315,-0.15690639999999997,-0.10787315,-0.15690639999999997,-0.098066494,-0.12748645,-0.088259846,-0.10787315,-0.098066494,-0.1176798,-0.1176798,-0.1176798,-0.1176798,-0.1176798,-0.088259846,-0.088259846,-0.098066494,-0.06864655,-0.06864655,5
-0.12748645,-0.07845319999999999,-0.1176798,-0.06864655,-0.06864655,-0.14709975,-0.10787315,-0.15690639999999997,-0.10787315,-0.15690639999999997,-0.098066494,-0.12748645,-0.088259846,-0.10787315,-0.098066494,-0.1176798,-0.1176798,-0.1176798,-0.1176798,-0.1176798,-0.088259846,-0.088259846,-0.098066494,-0.06864655,-0.06864655,-0.088259846,-0.10787315,-0.12748645,-0.1176798,-0.098066494,-0.098066494,-0.1176798,-0.07845319999999999,-0.06864655,-0.098066494,-0.049033247,-0.098066494,-0.12748645,-0.12748645,-0.07845319999999999,-0.1372931,-0.10787315,-0.1176798,-0.1372931,-0.06864655,-0.088259846,-0.06864655,-0.12748645,-0.10787315,-0.1372931,5
-0.088259846,-0.10787315,-0.12748645,-0.1176798,-0.098066494,-0.098066494,-0.1176798,-0.07845319999999999,-0.06864655,-0.098066494,-0.049033247,-0.098066494,-0.12748645,-0.12748645,-0.07845319999999999,-0.1372931,-0.10787315,-0.1176798,-0.1372931,-0.06864655,-0.088259846,-0.06864655,-0.12748645,-0.10787315,-0.1372931,-0.12748645,-0.098066494,-0.1372931,-0.1176798,-0.098066494,-0.1372931,-0.1372931,-0.1176798,-0.1176798,-0.14709975,-0.12748645,-0.1176798,-0.1176798,-0.1176798,-0.1372931,-0.07845319999999999,-0.10787315,-0.12748645,-0.088259846,-0.098066494,-0.12748645,-0.098066494,-0.1176798,-0.10787315,-0.088259846,5
-0.12748645,-0.098066494,-0.1372931,-0.1176798,-0.098066494,-0.1372931,-0.1372931,-0.1176798,-0.1176798,-0.14709975,-0.12748645,-0.1176798,-0.1176798,-0.1176798,-0.1372931,-0.07845319999999999,-0.10787315,-0.12748645,-0.088259846,-0.098066494,-0.12748645,-0.098066494,-0.1176798,-0.10787315,-0.088259846,-0.12748645,-0.07845319999999999,-0.1176798,-0.088259846,-0.10787315,-0.088259846,-0.098066494,-0.10787315,-0.07845319999999999,-0.088259846,-0.03922659999999999,-0.098066494,-0.10787315,-0.1176798,-0.1176798,-0.15690639999999997,-0.088259846,-0.06864655,-0.088259846,-0.088259846,-0.049033247,-0.06864655,-0.06864655,-0.1372931,-0.10787315,5
-0.12748645,-0.07845319999999999,-0.1176798,-0.088259846,-0.10787315,-0.088259846,-0.098066494,-0.10787315,-0.07845319999999999,-0.088259846,-0.03922659999999999,-0.098066494,-0.10787315,-0.1176798,-0.1176798,-0.15690639999999997,-0.088259846,-0.06864655,-0.088259846,-0.088259846,-0.049033247,-0.06864655,-0.06864655,-0.1372931,-0.10787315,-0.1372931,-0.03922659999999999,-0.0588399,-0.02941995,-0.02941995,-0.0588399,-0.10787315,-0.098066494,-0.16671304,-0.12748645,-0.10787315,-0.1372931,-0.10787315,-0.12748645,-0.098066494,-0.1372931,-0.10787315,-0.12748645,-0.1176798,-0.15690639999999997,-0.1372931,-0.15690639999999997,-0.10787315,-0.12748645,-0.049033247,5
-0.1372931,-0.03922659999999999,-0.0588399,-0.02941995,-0.02941995,-0.0588399,-0.10787315,-0.098066494,-0.16671304,-0.12748645,-0.10787315,-0.1372931,-0.10787315,-0.12748645,-0.098066494,-0.1372931,-0.10787315,-0.12748645,-0.1176798,-0.15690639999999997,-0.1372931,-0.15690639999999997,-0.10787315,-0.12748645,-0.049033247,-0.12748645,-0.1176798,-0.1372931,-0.02941995,-0.07845319999999999,-0.10787315,-0.1176798,-0.088259846,-0.06864655,-0.07845319999999999,-0.12748645,-0.07845319999999999,-0.088259846,-0.049033247,-0.07845319999999999,-0.1176798,-0.1176798,-0.088259846,-0.098066494,-0.088259846,-0.019613299999999997,-0.098066494,-0.12748645,-0.1372931,-0.098066494,5
-0.12748645,-0.1176798,-0.1372931,-0.02941995,-0.07845319999999999,-0.10787315,-0.1176798,-0.088259846,-0.06864655,-0.07845319999999999,-0.12748645,-0.07845319999999999,-0.088259846,-0.049033247,-0.07845319999999999,-0.1176798,-0.1176798,-0.088259846,-0.098066494,-0.088259846,-0.019613299999999997,-0.098066494,-0.12748645,-0.1372931,-0.098066494,-0.10787315,-0.07845319999999999,-0.07845319999999999,-0.088259846,-0.07845319999999999,-0.10787315,-0.088259846,-0.14709975,-0.1176798,-0.1176798,-0.10787315,-0.088259846,-0.1176798,-0.098066494,-0.07845319999999999,-0.049033247,-0.03922659999999999,0.00980665,-0.019613299999999997,-0.098066494,-0.10787315,-0.1372931,-0.1176798,-0.088259846,-0.10787315,5
-0.10787315,-0.07845319999999999,-0.07845319999999999,-0.088259846,-0.07845319999999999,-0.10787315,-0.088259846,-0.14709975,-0.1176798,-0.1176798,-0.10787315,-0.088259846,-0.1176798,-0.098066494,-0.07845319999999999,-0.049033247,-0.03922659999999999,0.00980665,-0.019613299999999997,-0.098066494,-0.10787315,-0.1372931,-0.1176798,-0.088259846,-0.10787315,-0.10787315,-0.098066494,-0.1176798,-0.098066494,-0.07845319999999999,-0.1372931,-0.14709975,-0.12748645,-0.07845319999999999,-0.098066494,-0.07845319999999999,-0.10787315,-0.088259846,-0.088259846,-0.098066494,-0.12748645,-0.088259846,-0.06864655,-0.098066494,-0.098066494,-0.0588399,-0.07845319999999999,-0.06864655,-0.12748645,-0.0588399,5
-0.10787315,-0.098066494,-0.1176798,-0.098066494,-0.07845319999999999,-0.1372931,-0.14709975,-0.12748645,-0.07845319999999999,-0.098066494,-0.07845319999999999,-0.10787315,-0.088259846,-0.088259846,-0.098066494,-0.12748645,-0.088259846,-0.06864655,-0.098066494,-0.098066494,-0.0588399,-0.07845319999999999,-0.06864655,-0.12748645,-0.0588399,-0.02941995,-0.02941995,-0.049033247,-0.049033247,-0.049033247,-0.0588399,-0.02941995,-0.1176798,-0.0588399,-0.10787315,-0.1372931,-0.10787315,-0.1372931,-0.088259846,-0.07845319999999999,-0.06864655,-0.049033247,-0.049033247,-0.1176798,-0.07845319999999999,-0.12748645,-0.10787315,-0.14709975,-0.06864655,-0.07845319999999999,5
-0.02941995,-0.02941995,-0.049033247,-0.049033247,-0.049033247,-0.0588399,-0.02941995,-0.1176798,-0.0588399,-0.10787315,-0.1372931,-0.10787315,-0.1372931,-0.088259846,-0.07845319999999999,-0.06864655,-0.049033247,-0.049033247,-0.1176798,-0.07845319999999999,-0.12748645,-0.10787315,-0.14709975,-0.06864655,-0.07845319999999999,-0.049033247,-0.049033247,-0.0588399,-0.049033247,-0.02941995,-0.07845319999999999,-0.12748645,-0.10787315,-0.06864655,-0.12748645,-0.088259846,-0.06864655,-0.0588399,-0.10787315,-0.10787315,-0.16671304,-0.12748645,-0.1176798,-0.06864655,-0.088259846,-0.1176798,-0.07845319999999999,-0.06864655,-0.16671304,-0.1176798,5
-0.049033247,-0.049033247,-0.0588399,-0.049033247,-0.02941995,-0.07845319999999999,-0.12748645,-0.10787315,-0.06864655,-0.12748645,-0.088259846,-0.06864655,-0.0588399,-0.10787315,-0.10787315,-0.16671304,-0.12748645,-0.1176798,-0.06864655,-0.088259846,-0.1176798,-0.07845319999999999,-0.06864655,-0.16671304,-0.1176798,-0.10787315,-0.16671304,-0.1176798,-0.1176798,-0.14709975,-0.098066494,-0.049033247,-0.07845319999999999,-0.1176798,-0.07845319999999999,-0.12748645,-0.15690639999999997,-0.1176798,-0.098066494,-0.12748645,-0.098066494,-0.12748645,-0.1176798,-0.10787315,-0.10787315,-0.10787315,-0.098066494,-0.06864655,-0.07845319999999999,-0.098066494,5
-0.10787315,-0.16671304,-0.1176798,-0.1176798,-0.14709975,-0.098066494,-0.049033247,-0.07845319999999999,-0.1176798,-0.07845319999999999,-0.12748645,-0.15690639999999997,-0.1176798,-0.098066494,-0.12748645,-0.098066494,-0.12748645,-0.1176798,-0.10787315,-0.10787315,-0.10787315,-0.098066494,-0.06864655,-0.07845319999999999,-0.098066494,-0.1176798,-0.1176798,-0.098066494,-0.088259846,-0.10787315,-0.088259846,-0.10787315,-0.098066494,-0.1372931,-0.17651969,-0.14709975,-0.1372931,-0.088259846,-0.098066494,-0.06864655,-0.049033247,-0.07845319999999999,-0.06864655,-0.1176798,-0.098066494,-0.10787315,-0.14709975,-0.098066494,-0.1176798,-0.098066494,5
-0.1176798,-0.1176798,-0.098066494,-0.088259846,-0.10787315,-0.088259846,-0.10787315,-0.098066494,-0.1372931,-0.17651969,-0.14709975,-0.1372931,-0.088259846,-0.098066494,-0.06864655,-0.049033247,-0.07845319999999999,-0.06864655,-0.1176798,-0.098066494,-0.10787315,-0.14709975,-0.098066494,-0.1176798,-0.098066494,-0.15690639999999997,-0.098066494,-0.14709975,-0.12748645,-0.10787315,-0.088259846,-0.1372931,-0.16671304,-0.1372931,-0.12748645,-0.12748645,-0.098066494,-0.1176798,-0.088259846,-0.1176798,-0.1176798,-0.1176798,-0.1372931,-0.15690639999999997,-0.10787315,-0.15690639999999997,-0.1372931,-0.1176798,-0.088259846,-0.088259846,5
-0.15690639999999997,-0.098066494,-0.14709975,-0.12748645,-0.10787315,-0.088259846,-0.1372931,-0.16671304,-0.1372931,-0.12748645,-0.12748645,-0.098066494,-0.1176798,-0.088259846,-0.1176798,-0.1176798,-0.1176798,-0.1372931,-0.15690639999999997,-0.10787315,-0.15690639999999997,-0.1372931,-0.1176798,-0.088259846,-0.088259846,-0.098066494,-0.07845319999999999,-0.12748645,-0.1176798,-0.1176798,-0.098066494,-0.10787315,-0.088259846,-0.12748645,-0.1372931,-0.1372931,-0.1176798,-0.088259846,-0.07845319999999999,-0.06864655,-0.0588399,-0.06864655,-0.088259846,-0.1372931,-0.12748645,-0.12748645,-0.098066494,-0.10787315,-0.07845319999999999,-0.049033247,5
-0.098066494,-0.07845319999999999,-0.12748645,-0.1176798,-0.1176798,-0.098066494,-0.10787315,-0.088259846,-0.12748645,-0.1372931,-0.1372931,-0.1176798,-0.088259846,-0.07845319999999999,-0.06864655,-0.0588399,-0.06864655,-0.088259846,-0.1372931,-0.12748645,-0.12748645,-0.098066494,-0.10787315,-0.07845319999999999,-0.049033247,-0.00980665,-0.0588399,-0.03922659999999999,-0.098066494,-0.07845319999999999,-0.10787315,-0.098066494,-0.1176798,-0.12748645,-0.1176798,-0.098066494,-0.10787315,-0.0588399,-0.098066494,-0.049033247,-0.088259846,-0.088259846,-0.088259846,-0.088259846,-0.0588399,-0.06864655,-0.0588399,-0.06864655,-0.088259846,-0.07845319999999999,5
-0.00980665,-0.0588399,-0.03922659999999999,-0.098066494,-0.07845319999999999,-0.10787315,-0.098066494,-0.1176798,-0.12748645,-0.1176798,-0.098066494,-0.10787315,-0.0588399,-0.098066494,-0.049033247,-0.088259846,-0.088259846,-0.088259846,-0.088259846,-0.0588399,-0.06864655,-0.0588399,-0.06864655,-0.088259846,-0.07845319999999999,-0.00980665,-0.049033247,-0.06864655,-0.098066494,-0.1176798,-0.088259846,-0.098066494,-0.10787315,-0.049033247,-0.10787315,-0.07845319999999999,-0.098066494,-0.088259846,-0.10787315,-0.06864655,-0.02941995,-0.03922659999999999,-0.1176798,-0.088259846,-0.088259846,-0.06864655,-0.049033247,-0.049033247,-0.10787315,-0.0588399,5
-0.00980665,-0.049033247,-0.06864655,-0.098066494,-0.1176798,-0.088259846,-0.098066494,-0.10787315,-0.049033247,-0.10787315,-0.07845319999999999,-0.098066494,-0.088259846,-0.10787315,-0.06864655,-0.02941995,-0.03922659999999999,-0.1176798,-0.088259846,-0.088259846,-0.06864655,-0.049033247,-0.049033247,-0.10787315,-0.0588399,-0.049033247,-0.10787315,-0.088259846,-0.06864655,-0.06864655,-0.06864655,-0.098066494,-0.088259846,-0.07845319999999999,-0.07845319999999999,-0.02941995,-0.06864655,-0.0588399,-0.03922659999999999,-0.10787315,-0.10787315,-0.06864655,-0.07845319999999999,-0.1176798,-0.098066494,-0.098066494,-0.098066494,-0.098066494,-0.12748645,-0.17651969,5
-0.049033247,-0.10787315,-0.088259846,-0.06864655,-0.06864655,-0.06864655,-0.098066494,-0.088259846,-0.07845319999999999,-0.07845319999999999,-0.02941995,-0.06864655,-0.0588399,-0.03922659999999999,-0.10787315,-0.10787315,-0.06864655,-0.07845319999999999,-0.1176798,-0.098066494,-0.098066494,-0.098066494,-0.098066494,-0.12748645,-0.17651969,-0.10787315,-0.098066494,-0.098066494,-0.098066494,-0.06864655,-0.10787315,-0.049033247,-0.10787315,-0.14709975,-0.088259846,-0.07845319999999999,-0.098066494,-0.1372931,-0.1372931,-0.10787315,-0.098066494,-0.088259846,-0.098066494,-0.1176798,-0.1176798,-0.06864655,-0.1176798,-0.07845319999999999,-0.06864655,-0.019613299999999997,5
-0.10787315,-0.098066494,-0.098066494,-0.098066494,-0.06864655,-0.10787315,-0.049033247,-0.10787315,-0.14709975,-0.088259846,-0.07845319999999999,-0.098066494,-0.1372931,-0.1372931,-0.10787315,-0.098066494,-0.088259846,-0.098066494,-0.1176798,-0.1176798,-0.06864655,-0.1176798,-0.07845319999999999,-0.06864655,-0.019613299999999997,-0.12748645,-0.10787315,-0.10787315,-0.06864655,-0.0588399,-0.12748645,-0.098066494,-0.088259846,-0.12748645,-0.1176798,-0.088259846,-0.07845319999999999,-0.12748645,-0.12748645,-0.07845319999999999,-0.12748645,-0.098066494,-0.10787315,-0.088259846,-0.0588399,-0.1176798,-0.14709975,-0.1372931,-0.12748645,-0.098066494,5
-0.12748645,-0.10787315,-0.10787315,-0.06864655,-0.0588399,-0.12748645,-0.098066494,-0.088259846,-0.12748645,-0.1176798,-0.088259846,-0.07845319999999999,-0.12748645,-0.12748645,-0.07845319999999999,-0.12748645,-0.098066494,-0.10787315,-0.088259846,-0.0588399,-0.1176798,-0.14709975,-0.1372931,-0.12748645,-0.098066494,-0.1176798,-0.14709975,-0.12748645,-0.098066494,-0.1176798,-0.1176798,-0.15690639999999997,-0.1176798,-0.1176798,-0.088259846,-0.10787315,-0.098066494,-0.1176798,-0.12748645,-0.12748645,-0.1176798,-0.14709975,-0.12748645,-0.098066494,-0.12748645,-0.1372931,-0.1176798,-0.14709975,-0.1176798,-0.1176798,5
-0.1176798,-0.14709975,-0.12748645,-0.098066494,-0.1176798,-0.1176798,-0.15690639999999997,-0.1176798,-0.1176798,-0.088259846,-0.10787315,-0.098066494,-0.1176798,-0.12748645,-0.12748645,-0.1176798,-0.14709975,-0.12748645,-0.098066494,-0.12748645,-0.1372931,-0.1176798,-0.14709975,-0.1176798,-0.1176798,-0.098066494,-0.06864655,-0.0588399,-0.1176798,-0.1176798,-0.12748645,-0.12748645,-0.1176798,-0.12748645,-0.10787315,-0.098066494,-0.07845319999999999,-0.0588399,-0.06864655,-0.098066494,-0.06864655,-0.098066494,-0.10787315,-0.088259846,-0.14709975,-0.098066494,-0.10787315,-0.088259846,-0.10787315,-0.07845319999999999,5
-0.098066494,-0.06864655,-0.0588399,-0.1176798,-0.1176798,-0.12748645,-0.12748645,-0.1176798,-0.12748645,-0.10787315,-0.098066494,-0.07845319999999999,-0.0588399,-0.06864655,-0.098066494,-0.06864655,-0.098066494,-0.10787315,-0.088259846,-0.14709975,-0.098066494,-0.10787315,-0.088259846,-0.10787315,-0.07845319999999999,-0.0588399,-0.07845319999999999,-0.12748645,-0.14709975,-0.15690639999999997,-0.1372931,-0.06864655,-0.12748645,-0.088259846,-0.12748645,-0.12748645,-0.12748645,-0.14709975,-0.14709975,-0.1372931,-0.10787315,-0.088259846,-0.03922659999999999,-0.10787315,-0.088259846,-0.12748645,-0.14709975,-0.12748645,-0.12748645,-0.07845319999999999,5
-0.0588399,-0.07845319999999999,-0.12748645,-0.14709975,-0.15690639999999997,-0.1372931,-0.06864655,-0.12748645,-0.088259846,-0.12748645,-0.12748645,-0.12748645,-0.14709975,-0.14709975,-0.1372931,-0.10787315,-0.088259846,-0.03922659999999999,-0.10787315,-0.088259846,-0.12748645,-0.14709975,-0.12748645,-0.12748645,-0.07845319999999999,-0.12748645,-0.1372931,-0.12748645,-0.098066494,-0.16671304,-0.1372931,-0.1372931,-0.1176798,-0.07845319999999999,-0.049033247,-0.0588399,-0.088259846,-0.17651969,-0.12748645,-0.17651969,-0.10787315,-0.07845319999999999,-0.1372931,-0.10787315,-0.1372931,-0.1176798,-0.1176798,-0.12748645,-0.1176798,-0.1176798,5
-0.12748645,-0.1372931,-0.12748645,-0.098066494,-0.16671304,-0.1372931,-0.1372931,-0.1176798,-0.07845319999999999,-0.049033247,-0.0588399,-0.088259846,-0.17651969,-0.12748645,-0.17651969,-0.10787315,-0.07845319999999999,-0.1372931,-0.10787315,-0.1372931,-0.1176798,-0.1176798,-0.12748645,-0.1176798,-0.1176798,-0.10787315,-0.098066494,-0.10787315,-0.06864655,-0.088259846,-0.098066494,-0.088259846,-0.06864655,-0.12748645,-0.14709975,-0.12748645,-0.14709975,-0.15690639999999997,-0.10787315,-0.12748645,-0.14709975,-0.16671304,-0.14709975,-0.1372931,-0.1372931,-0.1176798,-0.1176798,-0.1176798,-0.10787315,-0.1176798,5
-0.10787315,-0.098066494,-0.10787315,-0.06864655,-0.088259846,-0.098066494,-0.088259846,-0.06864655,-0.12748645,-0.14709975,-0.12748645,-0.14709975,-0.15690639999999997,-0.10787315,-0.12748645,-0.14709975,-0.16671304,-0.14709975,-0.1372931,-0.1372931,-0.1176798,-0.1176798,-0.1176798,-0.10787315,-0.1176798,-0.1372931,-0.098066494,-0.1176798,-0.088259846,-0.098066494,-0.1372931,-0.12748645,-0.088259846,-0.07845319999999999,-0.07845319999999999,-0.1176798,-0.088259846,-0.098066494,-0.10787315,-0.098066494,-0.0588399,-0.06864655,-0.06864655,-0.1176798,-0.10787315,-0.1176798,-0.12748645,-0.1372931,-0.07845319999999999,-0.088259846,5
-0.1372931,-0.098066494,-0.1176798,-0.088259846,-0.098066494,-0.1372931,-0.12748645,-0.088259846,-0.07845319999999999,-0.07845319999999999,-0.1176798,-0.088259846,-0.098066494,-0.10787315,-0.098066494,-0.0588399,-0.06864655,-0.06864655,-0.1176798,-0.10787315,-0.1176798,-0.12748645,-0.1372931,-0.07845319999999999,-0.088259846,-0.06864655,-0.098066494,-0.07845319999999999,-0.07845319999999999,-0.07845319999999999,-0.10787315,-0.07845319999999999,-0.088259846,-0.098066494,-0.088259846,-0.088259846,-0.088259846,-0.10787315,-0.1176798,-0.12748645,-0.1372931,-0.1176798,-0.14709975,-0.1176798,-0.098066494,-0.15690639999999997,-0.098066494,-0.1176798,-0.1372931,-0.1176798,5
-0.06864655,-0.098066494,-0.07845319999999999,-0.07845319999999999,-0.07845319999999999,-0.10787315,-0.07845319999999999,-0.088259846,-0.098066494,-0.088259846,-0.088259846,-0.088259846,-0.10787315,-0.1176798,-0.12748645,-0.1372931,-0.1176798,-0.14709975,-0.1176798,-0.098066494,-0.15690639999999997,-0.098066494,-0.1176798,-0.1372931,-0.1176798,-0.15690639999999997,-0.10787315,-0.10787315,-0.1372931,-0.1176798,-0.14709975,-0.17651969,-0.12748645,-0.1372931,-0.14709975,-0.14709975,-0.12748645,-0.12748645,-0.098066494,-0.14709975,-0.1176798,-0.088259846,-0.1176798,-0.10787315,-0.049033247,-0.07845319999999999,-0.06864655,-0.12748645,-0.14709975,-0.098066494,5
-0.15690639999999997,-0.10787315,-0.10787315,-0.1372931,-0.1176798,-0.14709975,-0.17651969,-0.12748645,-0.1372931,-0.14709975,-0.14709975,-0.12748645,-0.12748645,-0.098066494,-0.14709975,-0.1176798,-0.088259846,-0.1176798,-0.10787315,-0.049033247,-0.07845319999999999,-0.06864655,-0.12748645,-0.14709975,-0.098066494,-0.098066494,-0.088259846,-0.088259846,-0.0588399,-0.07845319999999999,-0.1176798,-0.12748645,-0.14709975,-0.10787315,-0.098066494,-0.12748645,-0.1372931,-0.14709975,-0.088259846,-0.07845319999999999,-0.07845319999999999,-0.088259846,-0.07845319999999999,-0.098066494,-0.1176798,-0.049033247,-0.098066494,-0.088259846,-0.10787315,-0.1372931,5
-0.098066494,-0.088259846,-0.088259846,-0.0588399,-0.07845319999999999,-0.1176798,-0.12748645,-0.14709975,-0.10787315,-0.098066494,-0.12748645,-0.1372931,-0.14709975,-0.088259846,-0.07845319999999999,-0.07845319999999999,-0.088259846,-0.07845319999999999,-0.098066494,-0.1176798,-0.049033247,-0.098066494,-0.088259846,-0.10787315,-0.1372931,-0.12748645,-0.16671304,-0.098066494,-0.12748645,-0.098066494,-0.16671304,-0.10787315,-0.10787315,-0.1372931,-0.12748645,-0.088259846,-0.098066494,-0.07845319999999999,-0.1176798,-0.07845319999999999,-0.1372931,-0.12748645,-0.07845319999999999,-0.098066494,-0.098066494,-0.07845319999999999,-0.07845319999999999,-0.098066494,-0.07845319999999999,-0.10787315,5
-0.12748645,-0.16671304,-0.098066494,-0.12748645,-0.098066494,-0.16671304,-0.10787315,-0.10787315,-0.1372931,-0.12748645,-0.088259846,-0.098066494,-0.07845319999999999,-0.1176798,-0.07845319999999999,-0.1372931,-0.12748645,-0.07845319999999999,-0.098066494,-0.098066494,-0.07845319999999999,-0.07845319999999999,-0.098066494,-0.07845319999999999,-0.10787315,-0.098066494,-0.03922659999999999,-0.06864655,-0.10787315,-0.098066494,-0.088259846,-0.03922659999999999,-0.0588399,-0.07845319999999999,-0.098066494,-0.10787315,-0.088259846,-0.1176798,-0.088259846,-0.098066494,-0.098066494,-0.06864655,-0.07845319999999999,-0.098066494,-0.098066494,-0.1372931,-0.12748645,-0.12748645,-0.06864655,-0.049033247,5
-0.098066494,-0.03922659999999999,-0.06864655,-0.10787315,-0.098066494,-0.088259846,-0.03922659999999999,-0.0588399,-0.07845319999999999,-0.098066494,-0.10787315,-0.088259846,-0.1176798,-0.088259846,-0.098066494,-0.098066494,-0.06864655,-0.07845319999999999,-0.098066494,-0.098066494,-0.1372931,-0.12748645,-0.12748645,-0.06864655,-0.049033247,-0.07845319999999999,-0.098066494,-0.1176798,-0.1372931,-0.15690639999999997,-0.088259846,-0.1176798,-0.10787315,-0.10787315,-0.088259846,-0.1176798,-0.049033247,-0.098066494,-0.06864655,-0.12748645,-0.1372931,-0.12748645,-0.12748645,-0.10787315,-0.1372931,-0.12748645,-0.098066494,-0.12748645,-0.10787315,-0.10787315,5
-0.07845319999999999,-0.098066494,-0.1176798,-0.1372931,-0.15690639999999997,-0.088259846,-0.1176798,-0.10787315,-0.10787315,-0.088259846,-0.1176798,-0.049033247,-0.098066494,-0.06864655,-0.12748645,-0.1372931,-0.12748645,-0.12748645,-0.10787315,-0.1372931,-0.12748645,-0.098066494,-0.12748645,-0.10787315,-0.10787315,-0.1176798,-0.088259846,-0.10787315,-0.12748645,-0.1372931,-0.12748645,-0.10787315,-0.088259846,-0.10787315,-0.1176798,-0.15690639999999997,-0.10787315,-0.1372931,-0.12748645,-0.12748645,-0.10787315,-0.098066494,-0.098066494,-0.1176798,-0.1176798,-0.1176798,-0.14709975,-0.098066494,-0.10787315,-0.1176798,5
-0.1176798,-0.088259846,-0.10787315,-0.12748645,-0.1372931,-0.12748645,-0.10787315,-0.088259846,-0.10787315,-0.1176798,-0.15690639999999997,-0.10787315,-0.1372931,-0.12748645,-0.12748645,-0.10787315,-0.098066494,-0.098066494,-0.1176798,-0.1176798,-0.1176798,-0.14709975,-0.098066494,-0.10787315,-0.1176798,-0.098066494,-0.12748645,-0.12748645,-0.1176798,-0.088259846,-0.098066494,-0.10787315,-0.12748645,-0.12748645,-0.1176798,-0.14709975,-0.1176798,-0.06864655,-0.1176798,-0.06864655,-0.1176798,-0.12748645,-0.088259846,-0.10787315,-0.10787315,-0.088259846,-0.06864655,-0.07845319999999999,-0.1176798,-0.088259846,5
-0.098066494,-0.12748645,-0.12748645,-0.1176798,-0.088259846,-0.098066494,-0.10787315,-0.12748645,-0.12748645,-0.1176798,-0.14709975,-0.1176798,-0.06864655,-0.1176798,-0.06864655,-0.1176798,-0.12748645,-0.088259846,-0.10787315,-0.10787315,-0.088259846,-0.06864655,-0.07845319999999999,-0.1176798,-0.088259846,-0.098066494,-0.07845319999999999,-0.12748645,-0.14709975,-0.098066494,-0.10787315,-0.0588399,-0.07845319999999999,-0.098066494,-0.088259846,-0.088259846,-0.06864655,-0.12748645,-0.1372931,-0.14709975,-0.088259846,-0.12748645,-0.098066494,-0.12748645,-0.14709975,-0.1176798,-0.1372931,-0.14709975,-0.12748645,-0.10787315,5
-0.098066494,-0.07845319999999999,-0.12748645,-0.14709975,-0.098066494,-0.10787315,-0.0588399,-0.07845319999999999,-0.098066494,-0.088259846,-0.088259846,-0.06864655,-0.12748645,-0.1372931,-0.14709975,-0.088259846,-0.12748645,-0.098066494,-0.12748645,-0.14709975,-0.1176798,-0.1372931,-0.14709975,-0.12748645,-0.10787315,-0.1372931,-0.10787315,-0.088259846,-0.12748645,-0.1176798,-0.1176798,-0.098066494,-0.12748645,-0.07845319999999999,-0.12748645,-0.088259846,-0.10787315,-0.10787315,-0.10787315,-0.088259846,-0.1372931,-0.10787315,-0.098066494,-0.10787315,-0.088259846,-0.049033247,-0.06864655,-0.07845319999999999,-0.10787315,-0.12748645,5
-0.1372931,-0.10787315,-0.088259846,-0.12748645,-0.1176798,-0.1176798,-0.098066494,-0.12748645,-0.07845319999999999,-0.12748645,-0.088259846,-0.10787315,-0.10787315,-0.10787315,-0.088259846,-0.1372931,-0.10787315,-0.098066494,-0.10787315,-0.088259846,-0.049033247,-0.06864655,-0.07845319999999999,-0.10787315,-0.12748645,-0.1372931,-0.07845319999999999,-0.02941995,-0.06864655,-0.07845319999999999,-0.098066494,-0.088259846,-0.15690639999999997,-0.12748645,-0.1176798,-0.06864655,-0.0588399,-0.098066494,-0.06864655,-0.088259846,-0.098066494,-0.12748645,-0.088259846,-0.1176798,-0.098066494,-0.098066494,-0.088259846,-0.088259846,-0.1176798,-0.07845319999999999,5
-0.1372931,-0.07845319999999999,-0.02941995,-0.06864655,-0.07845319999999999,-0.098066494,-0.088259846,-0.15690639999999997,-0.12748645,-0.1176798,-0.06864655,-0.0588399,-0.098066494,-0.06864655,-0.088259846,-0.098066494,-0.12748645,-0.088259846,-0.1176798,-0.098066494,-0.098066494,-0.088259846,-0.088259846,-0.1176798,-0.07845319999999999,-0.03922659999999999,-0.10787315,-0.1372931,-0.12748645,-0.12748645,-0.15690639999999997,-0.10787315,-0.088259846,-0.06864655,-0.06864655,-0.098066494,-0.1176798,-0.10787315,-0.1372931,-0.1176798,-0.07845319999999999,-0.14709975,-0.06864655,-0.098066494,-0.019613299999999997,-0.088259846,-0.0588399,-0.07845319999999999,-0.10787315,-0.02941995,5
-0.03922659999999999,-0.10787315,-0.1372931,-0.12748645,-0.12748645,-0.15690639999999997,-0.10787315,-0.088259846,-0.06864655,-0.06864655,-0.098066494,-0.1176798,-0.10787315,-0.1372931,-0.1176798,-0.07845319999999999,-0.14709975,-0.06864655,-0.098066494,-0.019613299999999997,-0.088259846,-0.0588399,-0.07845319999999999,-0.10787315,-0.02941995,-0.1372931,-0.10787315,-0.06864655,-0.088259846,-0.019613299999999997,-0.088259846,-0.088259846,-0.088259846,-0.07845319999999999,-0.1176798,-0.1372931,-0.1372931,-0.098066494,-0.06864655,-0.049033247,-0.00980665,-0.07845319999999999,-0.15690639999999997,-0.14709975,-0.16671304,-0.16671304,-0.1176798,-0.10787315,-0.1176798,-0.0588399,5
-0.1372931,-0.10787315,-0.06864655,-0.088259846,-0.019613299999999997,-0.088259846,-0.088259846,-0.088259846,-0.07845319999999999,-0.1176798,-0.1372931,-0.1372931,-0.098066494,-0.06864655,-0.049033247,-0.00980665,-0.07845319999999999,-0.15690639999999997,-0.14709975,-0.16671304,-0.16671304,-0.1176798,-0.10787315,-0.1176798,-0.0588399,-0.049033247,-0.10787315,-0.098066494,-0.10787315,-0.10787315,-0.10787315,-0.10787315,-0.14709975,-0.07845319999999999,-0.1372931,-0.06864655,-0.07845319999999999,-0.06864655,-0.098066494,-0.12748645,-0.1372931,-0.1176798,-0.16671304,-0.1176798,-0.06864655,-0.049033247,-0.1176798,-0.06864655,-0.07845319999999999,-0.10787315,5
-0.049033247,-0.10787315,-0.098066494,-0.10787315,-0.10787315,-0.10787315,-0.10787315,-0.14709975,-0.07845319999999999,-0.1372931,-0.06864655,-0.07845319999999999,-0.06864655,-0.098066494,-0.12748645,-0.1372931,-0.1176798,-0.16671304,-0.1176798,-0.06864655,-0.049033247,-0.1176798,-0.06864655,-0.07845319999999999,-0.10787315,-0.07845319999999999,-0.098066494,-0.088259846,-0.10787315,-0.0588399,-0.098066494,-0.1176798,-0.10787315,-0.06864655,-0.088259846,-0.12748645,-0.06864655,-0.0588399,-0.049033247,-0.07845319999999999,-0.019613299999999997,-0.02941995,-0.03922659999999999,-0.0588399,-0.07845319999999999,-0.049033247,-0.0588399,-0.06864655,-0.049033247,-0.07845319999999999,5
-0.07845319999999999,-0.098066494,-0.088259846,-0.10787315,-0.0588399,-0.098066494,-0.1176798,-0.10787315,-0.06864655,-0.088259846,-0.12748645,-0.06864655,-0.0588399,-0.049033247,-0.07845319999999999,-0.019613299999999997,-0.02941995,-0.03922659999999999,-0.0588399,-0.07845319999999999,-0.049033247,-0.0588399,-0.06864655,-0.049033247,-0.07845319999999999,-0.0588399,-0.07845319999999999,-0.07845319999999999,-0.0588399,-0.088259846,-0.049033247,-0.1176798,-0.10787315,-0.088259846,-0.049033247,-0.00980665,0.0,-0.019613299999999997,-0.0588399,-0.12748645,-0.14709975,-0.088259846,-0.1372931,-0.1372931,-0.14709975,-0.12748645,-0.14709975,-0.1176798,-0.18632634,-0.18632634,5
-0.0588399,-0.07845319999999999,-0.07845319999999999,-0.0588399,-0.088259846,-0.049033247,-0.1176798,-0.10787315,-0.088259846,-0.049033247,-0.00980665,0.0,-0.019613299999999997,-0.0588399,-0.12748645,-0.14709975,-0.088259846,-0.1372931,-0.1372931,-0.14709975,-0.12748645,-0.14709975,-0.1176798,-0.18632634,-0.18632634,-0.17651969,-0.15690639999999997,-0.17651969,-0.17651969,-0.06864655,-0.07845319999999999,-0.06864655,-0.049033247,-0.088259846,-0.06864655,-0.06864655,-0.10787315,-0.098066494,-0.0588399,-0.0588399,-0.049033247,-0.0588399,-0.06864655,-0.06864655,-0.14709975,-0.17651969,-0.12748645,-0.16671304,-0.088259846,-0.07845319999999999,5
-0.17651969,-0.15690639999999997,-0.17651969,-0.17651969,-0.06864655,-0.07845319999999999,-0.06864655,-0.049033247,-0.088259846,-0.06864655,-0.06864655,-0.10787315,-0.098066494,-0.0588399,-0.0588399,-0.049033247,-0.0588399,-0.06864655,-0.06864655,-0.14709975,-0.17651969,-0.12748645,-0.16671304,-0.088259846,-0.07845319999999999,-0.07845319999999999,-0.0588399,-0.0588399,-0.03922659999999999,-0.07845319999999999,-0.049033247,-0.03922659999999999,-0.0588399,-0.049033247,-0.0588399,-0.0588399,-0.088259846,-0.1176798,-0.06864655,-0.1176798,-0.16671304,-0.1176798,-0.1176798,-0.1176798,-0.07845319999999999,0.019613299999999997,0.0,0.07845319999999999,-0.00980665,-0.03922659999999999,5
-0.07845319999999999,-0.0588399,-0.0588399,-0.03922659999999999,-0.07845319999999999,-0.049033247,-0.03922659999999999,-0.0588399,-0.049033247,-0.0588399,-0.0588399,-0.088259846,-0.1176798,-0.06864655,-0.1176798,-0.16671304,-0.1176798,-0.1176798,-0.1176798,-0.07845319999999999,0.019613299999999997,0.0,0.07845319999999999,-0.00980665,-0.03922659999999999,-0.019613299999999997,-0.049033247,-0.03922659999999999,-0.03922659999999999,-0.1176798,-0.1372931,-0.12748645,-0.16671304,-0.1176798,-0.12748645,-0.14709975,-0.18632634,-0.21574629999999997,-0.21574629999999997,-0.20593965,-0.19613299,-0.20593965,-0.14709975,-0.14709975,-0.16671304,-0.16671304,-0.1372931,-0.10787315,-0.1176798,-0.03922659999999999,5
-0.019613299999999997,-0.049033247,-0.03922659999999999,-0.03922659999999999,-0.1176798,-0.1372931,-0.12748645,-0.16671304,-0.1176798,-0.12748645,-0.14709975,-0.18632634,-0.21574629999999997,-0.21574629999999997,-0.20593965,-0.19613299,-0.20593965,-0.14709975,-0.14709975,-0.16671304,-0.16671304,-0.1372931,-0.10787315,-0.1176798,-0.03922659999999999,-0.02941995,-0.019613299999999997,-0.02941995,-0.03922659999999999,-0.07845319999999999,-0.03922659999999999,-0.06864655,-0.098066494,-0.1176798,-0.10787315,-0.07845319999999999,-0.15690639999999997,-0.098066494,-0.088259846,-0.10787315,-0.12748645,-0.088259846,-0.10787315,-0.1372931,-0.10787315,-0.088259846,-0.1372931,-0.07845319999999999,-0.03922659999999999,-0.03922659999999999,5
-0.02941995,-0.019613299999999997,-0.02941995,-0.03922659999999999,-0.07845319999999999,-0.03922659999999999,-0.06864655,-0.098066494,-0.1176798,-0.10787315,-0.07845319999999999,-0.15690639999999997,-0.098066494,-0.088259846,-0.10787315,-0.12748645,-0.088259846,-0.10787315,-0.1372931,-0.10787315,-0.088259846,-0.1372931,-0.07845319999999999,-0.03922659999999999,-0.03922659999999999,-0.019613299999999997,-0.02941995,0.0,-0.019613299999999997,-0.019613299999999997,-0.088259846,-0.12748645,-0.098066494,-0.0588399,-0.03922659999999999,-0.06864655,-0.088259846,-0.049033247,-0.07845319999999999,-0.1176798,-0.088259846,-0.049033247,-0.0588399,-0.03922659999999999,-0.02941995,-0.02941995,0.0,-0.0588399,-0.088259846,-0.088259846,5
-0.019613299999999997,-0.02941995,0.0,-0.019613299999999997,-0.019613299999999997,-0.088259846,-0.12748645,-0.098066494,-0.0588399,-0.03922659999999999,-0.06864655,-0.088259846,-0.049033247,-0.07845319999999999,-0.1176798,-0.088259846,-0.049033247,-0.0588399,-0.03922659999999999,-0.02941995,-0.02941995,0.0,-0.0588399,-0.088259846,-0.088259846,-0.1176798,-0.17651969,-0.17651969,-0.16671304,-0.1372931,-0.12748645,-0.088259846,-0.088259846,-0.098066494,-0.06864655,-0.098066494,-0.12748645,-0.1372931,-0.098066494,-0.12748645,-0.1176798,-0.088259846,-0.10787315,-0.07845319999999999,-0.019613299999999997,-0.03922659999999999,-0.02941995,-0.049033247,-0.00980665,-0.00980665,5
-0.1176798,-0.17651969,-0.17651969,-0.16671304,-0.1372931,-0.12748645,-0.088259846,-0.088259846,-0.098066494,-0.06864655,-0.098066494,-0.12748645,-0.1372931,-0.098066494,-0.12748645,-0.1176798,-0.088259846,-0.10787315,-0.07845319999999999,-0.019613299999999997,-0.03922659999999999,-0.02941995,-0.049033247,-0.00980665,-0.00980665,-0.06864655,-0.019613299999999997,-0.06864655,-0.049033247,-0.06864655,-0.088259846,-0.0588399,-0.07845319999999999,-0.10787315,-0.10787315,-0.06864655,-0.049033247,-0.06864655,-0.07845319999999999,-0.00980665,-0.03922659999999999,-0.098066494,-0.07845319999999999,-0.049033247,-0.06864655,-0.07845319999999999,-0.02941995,-0.03922659999999999,0.00980665,-0.00980665,5
-0.06864655,-0.019613299999999997,-0.06864655,-0.049033247,-0.06864655,-0.088259846,-0.0588399,-0.07845319999999999,-0.10787315,-0.10787315,-0.06864655,-0.049033247,-0.06864655,-0.07845319999999999,-0.00980665,-0.03922659999999999,-0.098066494,-0.07845319999999999,-0.049033247,-0.06864655,-0.07845319999999999,-0.02941995,-0.03922659999999999,0.00980665,-0.00980665,-0.00980665,-0.00980665,-0.02941995,-0.02941995,-0.088259846,-0.019613299999999997,-0.06864655,-0.03922659999999999,-0.049033247,-0.049033247,-0.02941995,-0.03922659999999999,-0.07845319999999999,-0.0588399,-0.07845319999999999,-0.088259846,-0.10787315,-0.07845319999999999,-0.07845319999999999,-0.088259846,-0.1176798,-0.07845319999999999,-0.06864655,-0.07845319999999999,-0.049033247,5
-0.00980665,-0.00980665,-0.02941995,-0.02941995,-0.088259846,-0.019613299999999997,-0.06864655,-0.03922659999999999,-0.049033247,-0.049033247,-0.02941995,-0.03922659999999999,-0.07845319999999999,-0.0588399,-0.07845319999999999,-0.088259846,-0.10787315,-0.07845319999999999,-0.07845319999999999,-0.088259846,-0.1176798,-0.07845319999999999,-0.06864655,-0.07845319999999999,-0.049033247,-0.098066494,-0.07845319999999999,-0.07845319999999999,-0.03922659999999999,-0.14709975,-0.088259846,-0.088259846,-0.088259846,-0.1176798,-0.10787315,-0.098066494,-0.088259846,-0.088259846,-0.0588399,-0.088259846,-0.098066494,-0.07845319999999999,-0.0588399,-0.049033247,-0.06864655,-0.049033247,-0.098066494,-0.1176798,-0.03922659999999999,-0.02941995,5
-0.098066494,-0.07845319999999999,-0.07845319999999999,-0.03922659999999999,-0.14709975,-0.088259846,-0.088259846,-0.088259846,-0.1176798,-0.10787315,-0.098066494,-0.088259846,-0.088259846,-0.0588399,-0.088259846,-0.098066494,-0.07845319999999999,-0.0588399,-0.049033247,-0.06864655,-0.049033247,-0.098066494,-0.1176798,-0.03922659999999999,-0.02941995,-0.049033247,-0.02941995,-0.088259846,-0.10787315,-0.16671304,-0.1176798,-0.12748645,-0.07845319999999999,-0.1176798,-0.098066494,-0.088259846,-0.10787315,-0.14709975,-0.1176798,-0.16671304,-0.15690639999999997,-0.10787315,-0.16671304,-0.088259846,-0.098066494,-0.10787315,-0.088259846,-0.098066494,-0.098066494,-0.1372931,5
-0.049033247,-0.02941995,-0.088259846,-0.10787315,-0.16671304,-0.1176798,-0.12748645,-0.07845319999999999,-0.1176798,-0.098066494,-0.088259846,-0.10787315,-0.14709975,-0.1176798,-0.16671304,-0.15690639999999997,-0.10787315,-0.16671304,-0.088259846,-0.098066494,-0.10787315,-0.088259846,-0.098066494,-0.098066494,-0.1372931,-0.1372931,-0.17651969,-0.18632634,-0.16671304,-0.1372931,-0.07845319999999999,-0.12748645,-0.1176798,-0.098066494,-0.1176798,-0.1176798,-0.12748645,-0.12748645,-0.06864655,-0.06864655,-0.07845319999999999,-0.088259846,-0.07845319999999999,-0.049033247,-0.049033247,-0.07845319999999999,-0.00980665,-0.0588399,-0.06864655,-0.02941995,5
-0.1372931,-0.17651969,-0.18632634,-0.16671304,-0.1372931,-0.07845319999999999,-0.12748645,-0.1176798,-0.098066494,-0.1176798,-0.1176798,-0.12748645,-0.12748645,-0.06864655,-0.06864655,-0.07845319999999999,-0.088259846,-0.07845319999999999,-0.049033247,-0.049033247,-0.07845319999999999,-0.00980665,-0.0588399,-0.06864655,-0.02941995,-0.049033247,-0.049033247,-0.06864655,-0.0588399,-0.06864655,-0.049033247,-0.00980665,-0.00980665,-0.00980665,-0.02941995,-0.03922659999999999,-0.049033247,-0.0588399,-0.12748645,-0.1176798,-0.12748645,-0.098066494,-0.088259846,-0.12748645,-0.12748645,-0.1372931,-0.18632634,-0.14709975,-0.15690639999999997,-0.1176798,5
-0.049033247,-0.049033247,-0.06864655,-0.0588399,-0.06864655,-0.049033247,-0.00980665,-0.00980665,-0.00980665,-0.02941995,-0.03922659999999999,-0.049033247,-0.0588399,-0.12748645,-0.1176798,-0.12748645,-0.098066494,-0.088259846,-0.12748645,-0.12748645,-0.1372931,-0.18632634,-0.14709975,-0.15690639999999997,-0.1176798,-0.16671304,-0.15690639999999997,-0.14709975,-0.14709975,-0.098066494,-0.1176798,-0.098066494,-0.12748645,-0.1176798,-0.1176798,-0.14709975,-0.17651969,-0.2353596,-0.18632634,-0.14709975,-0.03922659999999999,0.0,0.049033247,0.03922659999999999,-0.02941995,0.03922659999999999,-0.00980665,-0.00980665,-0.00980665,-0.02941995,5
-0.16671304,-0.15690639999999997,-0.14709975,-0.14709975,-0.098066494,-0.1176798,-0.098066494,-0.12748645,-0.1176798,-0.1176798,-0.14709975,-0.17651969,-0.2353596,-0.18632634,-0.14709975,-0.03922659999999999,0.0,0.049033247,0.03922659999999999,-0.02941995,0.03922659999999999,-0.00980665,-0.00980665,-0.00980665,-0.02941995,-0.00980665,0.03922659999999999,0.098066494,0.06864655,0.0,-0.03922659999999999,-0.088259846,-0.1176798,-0.1372931,-0.088259846,-0.06864655,-0.049033247,0.019613299999999997,0.0,0.03922659999999999,0.03922659999999999,0.03922659999999999,0.049033247,0.14709975,0.098066494,0.088259846,0.088259846,0.098066494,0.088259846,0.049033247,5
-0.00980665,0.03922659999999999,0.098066494,0.06864655,0.0,-0.03922659999999999,-0.088259846,-0.1176798,-0.1372931,-0.088259846,-0.06864655,-0.049033247,0.019613299999999997,0.0,0.03922659999999999,0.03922659999999999,0.03922659999999999,0.049033247,0.14709975,0.098066494,0.088259846,0.088259846,0.098066494,0.088259846,0.049033247,0.02941995,0.06864655,0.0588399,0.06864655,0.07845319999999999,0.07845319999999999,0.14709975,0.0588399,0.0588399,-0.019613299999999997,-0.098066494,-0.12748645,-0.12748645,-0.15690639999999997,-0.06864655,-0.1176798,-0.098066494,-0.1176798,-0.14709975,-0.10787315,-0.12748645,-0.14709975,-0.15690639999999997,-0.1372931,-0.15690639999999997,5
0.02941995,0.06864655,0.0588399,0.06864655,0.07845319999999999,0.07845319999999999,0.14709975,0.0588399,0.0588399,-0.019613299999999997,-0.098066494,-0.12748645,-0.12748645,-0.15690639999999997,-0.06864655,-0.1176798,-0.098066494,-0.1176798,-0.14709975,-0.10787315,-0.12748645,-0.14709975,-0.15690639999999997,-0.1372931,-0.15690639999999997,-0.14709975,-0.14709975,-0.17651969,-0.12748645,-0.12748645,-0.17651969,-0.12748645,-0.10787315,-0.07845319999999999,-0.10787315,-0.049033247,-0.088259846,-0.098066494,-0.098066494,-0.1176798,-0.098066494,-0.1176798,-0.049033247,-0.049033247,-0.02941995,-0.07845319999999999,-0.06864655,-0.06864655,-0.00980665,0.019613299999999997,5
-0.14709975,-0.14709975,-0.17651969,-0.12748645,-0.12748645,-0.17651969,-0.12748645,-0.10787315,-0.07845319999999999,-0.10787315,-0.049033247,-0.088259846,-0.098066494,-0.098066494,-0.1176798,-0.098066494,-0.1176798,-0.049033247,-0.049033247,-0.02941995,-0.07845319999999999,-0.06864655,-0.06864655,-0.00980665,0.019613299999999997,0.0588399,0.06864655,0.07845319999999999,0.0,0.019613299999999997,-0.019613299999999997,-0.049033247,-0.049033247,-0.019613299999999997,-0.02941995,0.03922659999999999,0.0588399,0.10787315,0.049033247,0.0,-0.00980665,-0.02941995,-0.10787315,-0.10787315,-0.06864655,-0.06864655,0.0,-0.00980665,0.049033247,0.03922659999999999,5
0.0588399,0.06864655,0.07845319999999999,0.0,0.019613299999999997,-0.019613299999999997,-0.049033247,-0.049033247,-0.019613299999999997,-0.02941995,0.03922659999999999,0.0588399,0.10787315,0.049033247,0.0,-0.00980665,-0.02941995,-0.10787315,-0.10787315,-0.06864655,-0.06864655,0.0,-0.00980665,0.049033247,0.03922659999999999,0.019613299999999997,-0.019613299999999997,-0.03922659999999999,-0.019613299999999997,-0.03922659999999999,-0.088259846,-0.02941995,-0.06864655,-0.12748645,-0.1372931,-0.12748645,-0.1176798,-0.088259846,-0.06864655,-0.12748645,-0.14709975,-0.14709975,-0.07845319999999999,-0.098066494,-0.049033247,-0.02941995,-0.088259846,-0.098066494,-0.0588399,-0.00980665,5
0.019613299999999997,-0.019613299999999997,-0.03922659999999999,-0.019613299999999997,-0.03922659999999999,-0.088259846,-0.02941995,-0.06864655,-0.12748645,-0.1372931,-0.12748645,-0.1176798,-0.088259846,-0.06864655,-0.12748645,-0.14709975,-0.14709975,-0.07845319999999999,-0.098066494,-0.049033247,-0.02941995,-0.088259846,-0.098066494,-0.0588399,-0.00980665,-0.00980665,0.0,0.10787315,0.12748645,0.1372931,0.07845319999999999,-0.00980665,-0.019613299999999997,-0.06864655,-0.1176798,-0.17651969,-0.15690639999999997,-0.14709975,-0.14709975,-0.098066494,-0.088259846,-0.098066494,-0.06864655,-0.00980665,-0.00980665,0.02941995,0.0,0.049033247,0.049033247,0.06864655,5
-0.00980665,0.0,0.10787315,0.12748645,0.1372931,0.07845319999999999,-0.00980665,-0.019613299999999997,-0.06864655,-0.1176798,-0.17651969,-0.15690639999999997,-0.14709975,-0.14709975,-0.098066494,-0.088259846,-0.098066494,-0.06864655,-0.00980665,-0.00980665,0.02941995,0.0,0.049033247,0.049033247,0.06864655,0.0588399,-0.00980665,-0.03922659999999999,-0.088259846,-0.03922659999999999,-0.0588399,-0.019613299999999997,-0.03922659999999999,-0.07845319999999999,-0.088259846,-0.07845319999999999,-0.06864655,-0.06864655,-0.088259846,-0.10787315,-0.12748645,-0.16671304,-0.10787315,-0.06864655,-0.03922659999999999,-0.00980665,-0.00980665,-0.0588399,-0.049033247,-0.0588399,5
0.0588399,-0.00980665,-0.03922659999999999,-0.088259846,-0.03922659999999999,-0.0588399,-0.019613299999999997,-0.03922659999999999,-0.07845319999999999,-0.088259846,-0.07845319999999999,-0.06864655,-0.06864655,-0.088259846,-0.10787315,-0.12748645,-0.16671304,-0.10787315,-0.06864655,-0.03922659999999999,-0.00980665,-0.00980665,-0.0588399,-0.049033247,-0.0588399,-0.0588399,-0.03922659999999999,-0.049033247,-0.019613299999999997,-0.03922659999999999,-0.0588399,-0.098066494,-0.098066494,-0.10787315,-0.0588399,-0.06864655,-0.06864655,-0.0588399,-0.07845319999999999,-0.02941995,-0.03922659999999999,-0.019613299999999997,-0.019613299999999997,-0.07845319999999999,-0.06864655,-0.03922659999999999,-0.088259846,-0.07845319999999999,-0.049033247,-0.1176798,5
-0.0588399,-0.03922659999999999,-0.049033247,-0.019613299999999997,-0.03922659999999999,-0.0588399,-0.098066494,-0.098066494,-0.10787315,-0.0588399,-0.06864655,-0.06864655,-0.0588399,-0.07845319999999999,-0.02941995,-0.03922659999999999,-0.019613299999999997,-0.019613299999999997,-0.07845319999999999,-0.06864655,-0.03922659999999999,-0.088259846,-0.07845319999999999,-0.049033247,-0.1176798,-0.12748645,-0.1372931,-0.17651969,-0.19613299,-0.22555295,-0.20593965,-0.18632634,-0.17651969,-0.12748645,-0.14709975,-0.1176798,-0.02941995,0.00980665,0.098066494,0.20593965,0.21574629999999997,0.14709975,0.1176798,0.03922659999999999,-0.049033247,-0.12748645,-0.1372931,-0.1176798,-0.14709975,-0.1372931,5
-0.12748645,-0.1372931,-0.17651969,-0.19613299,-0.22555295,-0.20593965,-0.18632634,-0.17651969,-0.12748645,-0.14709975,-0.1176798,-0.02941995,0.00980665,0.098066494,0.20593965,0.21574629999999997,0.14709975,0.1176798,0.03922659999999999,-0.049033247,-0.12748645,-0.1372931,-0.1176798,-0.14709975,-0.1372931,-0.1372931,-0.1372931,-0.14709975,-0.10787315,-0.10787315,-0.1176798,-0.10787315,-0.10787315,-0.07845319999999999,-0.14709975,-0.14709975,-0.1372931,-0.0588399,-0.03922659999999999,-0.00980665,-0.019613299999999997,-0.049033247,-0.049033247,-0.10787315,-0.1372931,-0.19613299,-0.18632634,-0.17651969,-0.16671304,-0.10787315,5
-0.1372931,-0.1372931,-0.14709975,-0.10787315,-0.10787315,-0.1176798,-0.10787315,-0.10787315,-0.07845319999999999,-0.14709975,-0.14709975,-0.1372931,-0.0588399,-0.03922659999999999,-0.00980665,-0.019613299999999997,-0.049033247,-0.049033247,-0.10787315,-0.1372931,-0.19613299,-0.18632634,-0.17651969,-0.16671304,-0.10787315,-0.1372931,-0.07845319999999999,-0.1372931,-0.1372931,-0.15690639999999997,-0.098066494,-0.17651969,-0.10787315,-0.088259846,-0.098066494,-0.12748645,-0.1176798,-0.098066494,-0.098066494,-0.10787315,-0.06864655,-0.098066494,-0.098066494,-0.12748645,-0.1176798,-0.14709975,-0.12748645,-0.1176798,-0.098066494,-0.07845319999999999,5
-0.1372931,-0.07845319999999999,-0.1372931,-0.1372931,-0.15690639999999997,-0.098066494,-0.17651969,-0.10787315,-0.088259846,-0.098066494,-0.12748645,-0.1176798,-0.098066494,-0.098066494,-0.10787315,-0.06864655,-0.098066494,-0.098066494,-0.12748645,-0.1176798,-0.14709975,-0.12748645,-0.1176798,-0.098066494,-0.07845319999999999,-0.06864655,-0.06864655,-0.07845319999999999,-0.10787315,-0.098066494,-0.1176798,-0.1176798,-0.07845319999999999,-0.10787315,-0.088259846,-0.06864655,-0.15690639999999997,-0.1372931,-0.1372931,-0.088259846,-0.03922659999999999,-0.03922659999999999,-0.019613299999999997,-0.07845319999999999,-0.06864655,-0.03922659999999999,-0.10787315,-0.098066494,-0.088259846,-0.098066494,5
-0.06864655,-0.06864655,-0.07845319999999999,-0.10787315,-0.098066494,-0.1176798,-0.1176798,-0.07845319999999999,-0.10787315,-0.088259846,-0.06864655,-0.15690639999999997,-0.1372931,-0.1372931,-0.088259846,-0.03922659999999999,-0.03922659999999999,-0.019613299999999997,-0.07845319999999999,-0.06864655,-0.03922659999999999,-0.10787315,-0.098066494,-0.088259846,-0.098066494,-0.06864655,-0.049033247,-0.07845319999999999,-0.0588399,-0.088259846,-0.1176798,-0.06864655,-0.1372931,-0.098066494,-0.088259846,-0.049033247,-0.098066494,-0.049033247,-0.0588399,-0.06864655,-0.06864655,-0.06864655,-0.098066494,-0.088259846,-0.10787315,-0.12748645,-0.06864655,-0.088259846,-0.12748645,-0.098066494,5
-0.06864655,-0.049033247,-0.07845319999999999,-0.0588399,-0.088259846,-0.1176798,-0.06864655,-0.1372931,-0.098066494,-0.088259846,-0.049033247,-0.098066494,-0.049033247,-0.0588399,-0.06864655,-0.06864655,-0.06864655,-0.098066494,-0.088259846,-0.10787315,-0.12748645,-0.06864655,-0.088259846,-0.12748645,-0.098066494,-0.10787315,-0.14709975,-0.088259846,-0.1176798,-0.098066494,-0.098066494,-0.088259846,-0.1176798,-0.098066494,-0.098066494,-0.098066494,-0.1176798,-0.049033247,-0.10787315,-0.07845319999999999,-0.10787315,-0.1176798,-0.10787315,-0.12748645,-0.06864655,-0.098066494,-0.088259846,-0.098066494,-0.10787315,-0.1372931,5
-0.10787315,-0.14709975,-0.088259846,-0.1176798,-0.098066494,-0.098066494,-0.088259846,-0.1176798,-0.098066494,-0.098066494,-0.098066494,-0.1176798,-0.049033247,-0.10787315,-0.07845319999999999,-0.10787315,-0.1176798,-0.10787315,-0.12748645,-0.06864655,-0.098066494,-0.088259846,-0.098066494,-0.10787315,-0.1372931,-0.15690639999999997,-0.1372931,-0.12748645,-0.16671304,-0.1372931,-0.098066494,-0.06864655,-0.06864655,-0.07845319999999999,-0.088259846,-0.12748645,-0.10787315,-0.098066494,-0.1372931,-0.15690639999999997,-0.15690639999999997,-0.1176798,-0.098066494,-0.088259846,-0.1372931,-0.10787315,-0.12748645,-0.1176798,-0.10787315,-0.098066494,5
-0.15690639999999997,-0.1372931,-0.12748645,-0.16671304,-0.1372931,-0.098066494,-0.06864655,-0.06864655,-0.07845319999999999,-0.088259846,-0.12748645,-0.10787315,-0.098066494,-0.1372931,-0.15690639999999997,-0.15690639999999997,-0.1176798,-0.098066494,-0.088259846,-0.1372931,-0.10787315,-0.12748645,-0.1176798,-0.10787315,-0.098066494,-0.12748645,-0.098066494,-0.12748645,-0.10787315,-0.10787315,-0.098066494,-0.14709975,-0.12748645,-0.12748645,-0.12748645,-0.12748645,-0.10787315,-0.17651969,-0.12748645,-0.10787315,-0.12748645,-0.088259846,-0.088259846,-0.0588399,-0.07845319999999999,-0.1176798,-0.1372931,-0.15690639999999997,-0.17651969,-0.1176798,5
-0.12748645,-0.098066494,-0.12748645,-0.10787315,-0.10787315,-0.098066494,-0.14709975,-0.12748645,-0.12748645,-0.12748645,-0.12748645,-0.10787315,-0.17651969,-0.12748645,-0.10787315,-0.12748645,-0.088259846,-0.088259846,-0.0588399,-0.07845319999999999,-0.1176798,-0.1372931,-0.15690639999999997,-0.17651969,-0.1176798,-0.1372931,-0.06864655,-0.098066494,-0.1176798,-0.1176798,-0.10787315,-0.1372931,-0.15690639999999997,-0.12748645,-0.14709975,-0.10787315,-0.15690639999999997,-0.15690639999999997,-0.1176798,-0.12748645,-0.10787315,-0.10787315,-0.1176798,-0.10787315,-0.10787315,-0.12748645,-0.1372931,-0.10787315,-0.14709975,-0.12748645,5
-0.1372931,-0.06864655,-0.098066494,-0.1176798,-0.1176798,-0.10787315,-0.1372931,-0.15690639999999997,-0.12748645,-0.14709975,-0.10787315,-0.15690639999999997,-0.15690639999999997,-0.1176798,-0.12748645,-0.10787315,-0.10787315,-0.1176798,-0.10787315,-0.10787315,-0.12748645,-0.1372931,-0.10787315,-0.14709975,-0.12748645,-0.1176798,-0.14709975,-0.1372931,-0.098066494,-0.1176798,-0.098066494,-0.14709975,-0.1176798,-0.06864655,-0.06864655,-0.06864655,-0.03922659999999999,-0.088259846,-0.1176798,-0.12748645,-0.1176798,-0.1372931,-0.16671304,-0.1176798,-0.06864655,-0.07845319999999999,-0.07845319999999999,-0.088259846,-0.10787315,-0.16671304,5
-0.1176798,-0.14709975,-0.1372931,-0.098066494,-0.1176798,-0.098066494,-0.14709975,-0.1176798,-0.06864655,-0.06864655,-0.06864655,-0.03922659999999999,-0.088259846,-0.1176798,-0.12748645,-0.1176798,-0.1372931,-0.16671304,-0.1176798,-0.06864655,-0.07845319999999999,-0.07845319999999999,-0.088259846,-0.10787315,-0.16671304,-0.12748645,-0.1176798,-0.088259846,-0.1176798,-0.088259846,-0.00980665,-0.00980665,-0.02941995,0.00980665,0.0,-0.03922659999999999,-0.03922659999999999,-0.03922659999999999,-0.088259846,-0.10787315,-0.098066494,-0.088259846,-0.098066494,-0.088259846,-0.088259846,-0.10787315,-0.098066494,-0.15690639999999997,-0.1372931,-0.16671304,5
-0.12748645,-0.1176798,-0.088259846,-0.1176798,-0.088259846,-0.00980665,-0.00980665,-0.02941995,0.00980665,0.0,-0.03922659999999999,-0.03922659999999999,-0.03922659999999999,-0.088259846,-0.10787315,-0.098066494,-0.088259846,-0.098066494,-0.088259846,-0.088259846,-0.10787315,-0.098066494,-0.15690639999999997,-0.1372931,-0.16671304,-0.15690639999999997,-0.16671304,-0.10787315,-0.1176798,-0.10787315,-0.1176798,-0.12748645,-0.12748645,-0.1176798,-0.098066494,-0.1372931,-0.098066494,-0.088259846,-0.0588399,-0.088259846,-0.088259846,-0.12748645,-0.10787315,-0.1372931,-0.1176798,-0.10787315,-0.12748645,-0.1372931,-0.15690639999999997,-0.098066494,5
-0.15690639999999997,-0.16671304,-0.10787315,-0.1176798,-0.10787315,-0.1176798,-0.12748645,-0.12748645,-0.1176798,-0.098066494,-0.1372931,-0.098066494,-0.088259846,-0.0588399,-0.088259846,-0.088259846,-0.12748645,-0.10787315,-0.1372931,-0.1176798,-0.10787315,-0.12748645,-0.1372931,-0.15690639999999997,-0.098066494,-0.14709975,-0.088259846,-0.088259846,-0.10787315,-0.07845319999999999,-0.098066494,-0.1372931,-0.0588399,-0.098066494,-0.12748645,-0.15690639999999997,-0.098066494,-0.098066494,-0.07845319999999999,-0.07845319999999999,-0.0588399,-0.049033247,-0.00980665,-0.02941995,-0.098066494,-0.1176798,-0.07845319999999999,-0.07845319999999999,-0.0588399,-0.06864655,5
-0.14709975,-0.088259846,-0.088259846,-0.10787315,-0.07845319999999999,-0.098066494,-0.1372931,-0.0588399,-0.098066494,-0.12748645,-0.15690639999999997,-0.098066494,-0.098066494,-0.07845319999999999,-0.07845319999999999,-0.0588399,-0.049033247,-0.00980665,-0.02941995,-0.098066494,-0.1176798,-0.07845319999999999,-0.07845319999999999,-0.0588399,-0.06864655,-0.10787315,-0.1176798,-0.098066494,-0.1176798,-0.098066494,-0.10787315,-0.1176798,-0.07845319999999999,-0.06864655,-0.10787315,-0.10787315,-0.098066494,-0.07845319999999999,-0.15690639999999997,-0.098066494,-0.07845319999999999,-0.098066494,-0.14709975,-0.1176798,-0.1176798,-0.049033247,-0.07845319999999999,-0.098066494,-0.10787315,-0.049033247,5
-0.10787315,-0.1176798,-0.098066494,-0.1176798,-0.098066494,-0.10787315,-0.1176798,-0.07845319999999999,-0.06864655,-0.10787315,-0.10787315,-0.098066494,-0.07845319999999999,-0.15690639999999997,-0.098066494,-0.07845319999999999,-0.098066494,-0.14709975,-0.1176798,-0.1176798,-0.049033247,-0.07845319999999999,-0.098066494,-0.10787315,-0.049033247,-0.10787315,-0.1176798,-0.088259846,-0.1176798,-0.07845319999999999,-0.088259846,-0.10787315,-0.07845319999999999,-0.0588399,-0.0588399,-0.02941995,-0.1176798,-0.088259846,-0.10787315,-0.098066494,-0.12748645,-0.088259846,-0.098066494,-0.098066494,-0.098066494,-0.07845319999999999,-0.098066494,-0.14709975,-0.12748645,-0.088259846,5
-0.10787315,-0.1176798,-0.088259846,-0.1176798,-0.07845319999999999,-0.088259846,-0.10787315,-0.07845319999999999,-0.0588399,-0.0588399,-0.02941995,-0.1176798,-0.088259846,-0.10787315,-0.098066494,-0.12748645,-0.088259846,-0.098066494,-0.098066494,-0.098066494,-0.07845319999999999,-0.098066494,-0.14709975,-0.12748645,-0.088259846,-0.12748645,-0.10787315,-0.098066494,-0.1176798,-0.088259846,-0.098066494,-0.06864655,-0.12748645,-0.088259846,-0.07845319999999999,-0.10787315,-0.07845319999999999,-0.088259846,-0.088259846,-0.14709975,-0.07845319999999999,-0.098066494,-0.1176798,-0.10787315,-0.088259846,-0.06864655,-0.088259846,-0.049033247,-0.1176798,-0.06864655,5
-0.12748645,-0.10787315,-0.098066494,-0.1176798,-0.088259846,-0.098066494,-0.06864655,-0.12748645,-0.088259846,-0.07845319999999999,-0.10787315,-0.07845319999999999,-0.088259846,-0.088259846,-0.14709975,-0.07845319999999999,-0.098066494,-0.1176798,-0.10787315,-0.088259846,-0.06864655,-0.088259846,-0.049033247,-0.1176798,-0.06864655,-0.088259846,-0.03922659999999999,-0.06864655,-0.049033247,-0.0588399,-0.10787315,-0.10787315,-0.088259846,-0.12748645,-0.14709975,-0.10787315,-0.1176798,-0.098066494,-0.10787315,-0.098066494,-0.07845319999999999,-0.07845319999999999,-0.049033247,-0.07845319999999999,-0.0588399,-0.098066494,-0.07845319999999999,-0.07845319999999999,-0.07845319999999999,-0.098066494,5
-0.088259846,-0.03922659999999999,-0.06864655,-0.049033247,-0.0588399,-0.10787315,-0.10787315,-0.088259846,-0.12748645,-0.14709975,-0.10787315,-0.1176798,-0.098066494,-0.10787315,-0.098066494,-0.07845319999999999,-0.07845319999999999,-0.049033247,-0.07845319999999999,-0.0588399,-0.098066494,-0.07845319999999999,-0.07845319999999999,-0.07845319999999999,-0.098066494,-0.098066494,-0.02941995,-0.049033247,-0.0588399,-0.10787315,-0.10787315,-0.1176798,-0.1176798,-0.0588399,-0.0588399,-0.049033247,-0.049033247,-0.0588399,-0.06864655,-0.12748645,-0.10787315,-0.1372931,-0.098066494,-0.098066494,-0.1372931,-0.088259846,-0.098066494,-0.098066494,-0.088259846,-0.03922659999999999,5
-0.098066494,-0.02941995,-0.049033247,-0.0588399,-0.10787315,-0.10787315,-0.1176798,-0.1176798,-0.0588399,-0.0588399,-0.049033247,-0.049033247,-0.0588399,-0.06864655,-0.12748645,-0.10787315,-0.1372931,-0.098066494,-0.098066494,-0.1372931,-0.088259846,-0.098066494,-0.098066494,-0.088259846,-0.03922659999999999,-0.098066494,-0.06864655,-0.15690639999999997,-0.14709975,-0.1372931,-0.1176798,-0.098066494,-0.098066494,-0.1176798,-0.098066494,-0.088259846,-0.088259846,-0.14709975,-0.12748645,-0.06864655,-0.12748645,-0.088259846,-0.1176798,-0.1176798,-0.098066494,-0.1176798,-0.12748645,-0.098066494,-0.07845319999999999,-0.098066494,5
-0.098066494,-0.06864655,-0.15690639999999997,-0.14709975,-0.1372931,-0.1176798,-0.098066494,-0.098066494,-0.1176798,-0.098066494,-0.088259846,-0.088259846,-0.14709975,-0.12748645,-0.06864655,-0.12748645,-0.088259846,-0.1176798,-0.1176798,-0.098066494,-0.1176798,-0.12748645,-0.098066494,-0.07845319999999999,-0.098066494,-0.10787315,-0.07845319999999999,-0.049033247,-0.1176798,-0.088259846,-0.14709975,-0.12748645,-0.098066494,-0.10787315,-0.1176798,-0.098066494,-0.10787315,-0.07845319999999999,-0.12748645,-0.14709975,-0.12748645,-0.07845319999999999,-0.10787315,-0.10787315,-0.1372931,-0.1372931,-0.1372931,-0.15690639999999997,-0.1176798,-0.10787315,5
-0.10787315,-0.07845319999999999,-0.049033247,-0.1176798,-0.088259846,-0.14709975,-0.12748645,-0.098066494,-0.10787315,-0.1176798,-0.098066494,-0.10787315,-0.07845319999999999,-0.12748645,-0.14709975,-0.12748645,-0.07845319999999999,-0.10787315,-0.10787315,-0.1372931,-0.1372931,-0.1372931,-0.15690639999999997,-0.1176798,-0.10787315,-0.07845319999999999,-0.1176798,-0.1176798,-0.098066494,-0.17651969,-0.12748645,-0.1176798,-0.12748645,-0.098066494,-0.12748645,-0.10787315,-0.1176798,-0.098066494,-0.1372931,-0.10787315,-0.088259846,-0.15690639999999997,-0.16671304,-0.17651969,-0.12748645,-0.1176798,-0.10787315,-0.0588399,-0.088259846,-0.1372931,5
-0.07845319999999999,-0.1176798,-0.1176798,-0.098066494,-0.17651969,-0.12748645,-0.1176798,-0.12748645,-0.098066494,-0.12748645,-0.10787315,-0.1176798,-0.098066494,-0.1372931,-0.10787315,-0.088259846,-0.15690639999999997,-0.16671304,-0.17651969,-0.12748645,-0.1176798,-0.10787315,-0.0588399,-0.088259846,-0.1372931,-0.16671304,-0.12748645,-0.098066494,-0.088259846,-0.12748645,-0.10787315,-0.10787315,-0.10787315,-0.10787315,-0.088259846,-0.098066494,-0.12748645,-0.10787315,-0.12748645,-0.14709975,-0.15690639999999997,-0.14709975,-0.12748645,-0.10787315,-0.1372931,-0.12748645,-0.1372931,-0.12748645,-0.12748645,-0.16671304,5
-0.16671304,-0.12748645,-0.098066494,-0.088259846,-0.12748645,-0.10787315,-0.10787315,-0.10787315,-0.10787315,-0.088259846,-0.098066494,-0.12748645,-0.10787315,-0.12748645,-0.14709975,-0.15690639999999997,-0.14709975,-0.12748645,-0.10787315,-0.1372931,-0.12748645,-0.1372931,-0.12748645,-0.12748645,-0.16671304,-0.14709975,-0.17651969,-0.10787315,-0.098066494,-0.12748645,-0.10787315,-0.14709975,-0.1176798,-0.088259846,-0.098066494,-0.14709975,-0.10787315,-0.1372931,-0.1372931,-0.1176798,-0.12748645,-0.1372931,-0.10787315,-0.10787315,-0.088259846,-0.1176798,-0.10787315,-0.088259846,-0.1176798,-0.10787315,5
-0.14709975,-0.17651969,-0.10787315,-0.098066494,-0.12748645,-0.10787315,-0.14709975,-0.1176798,-0.088259846,-0.098066494,-0.14709975,-0.10787315,-0.1372931,-0.1372931,-0.1176798,-0.12748645,-0.1372931,-0.10787315,-0.10787315,-0.088259846,-0.1176798,-0.10787315,-0.088259846,-0.1176798,-0.10787315,-0.06864655,-0.12748645,-0.1372931,-0.1176798,-0.14709975,-0.15690639999999997,-0.06864655,-0.10787315,-0.088259846,-0.088259846,-0.088259846,-0.12748645,-0.10787315,-0.14709975,-0.12748645,-0.1372931,-0.1372931,-0.1176798,-0.10787315,-0.1372931,-0.10787315,-0.1372931,-0.18632634,-0.10787315,-0.10787315,5
-0.06864655,-0.12748645,-0.1372931,-0.1176798,-0.14709975,-0.15690639999999997,-0.06864655,-0.10787315,-0.088259846,-0.088259846,-0.088259846,-0.12748645,-0.10787315,-0.14709975,-0.12748645,-0.1372931,-0.1372931,-0.1176798,-0.10787315,-0.1372931,-0.10787315,-0.1372931,-0.18632634,-0.10787315,-0.10787315,-0.12748645,-0.1176798,-0.06864655,-0.10787315,-0.12748645,-0.12748645,-0.15690639999999997,-0.1176798,-0.1176798,-0.10787315,-0.14709975,-0.15690639999999997,-0.15690639999999997,-0.1372931,-0.12748645,-0.14709975,-0.15690639999999997,-0.14709975,-0.12748645,-0.15690639999999997,-0.1176798,-0.15690639999999997,-0.1372931,-0.1372931,-0.1176798,5
-0.12748645,-0.1176798,-0.06864655,-0.10787315,-0.12748645,-0.12748645,-0.15690639999999997,-0.1176798,-0.1176798,-0.10787315,-0.14709975,-0.15690639999999997,-0.15690639999999997,-0.1372931,-0.12748645,-0.14709975,-0.15690639999999997,-0.14709975,-0.12748645,-0.15690639999999997,-0.1176798,-0.15690639999999997,-0.1372931,-0.1372931,-0.1176798,-0.1176798,-0.098066494,-0.07845319999999999,-0.1176798,-0.1372931,-0.1372931,-0.1176798,-0.14709975,-0.12748645,-0.1176798,-0.1176798,-0.12748645,-0.088259846,-0.088259846,-0.15690639999999997,-0.12748645,-0.07845319999999999,-0.10787315,-0.10787315,-0.1176798,-0.10787315,-0.12748645,-0.07845319999999999,-0.07845319999999999,-0.06864655,5
-0.1176798,-0.098066494,-0.07845319999999999,-0.1176798,-0.1372931,-0.1372931,-0.1176798,-0.14709975,-0.12748645,-0.1176798,-0.1176798,-0.12748645,-0.088259846,-0.088259846,-0.15690639999999997,-0.12748645,-0.07845319999999999,-0.10787315,-0.10787315,-0.1176798,-0.10787315,-0.12748645,-0.07845319999999999,-0.07845319999999999,-0.06864655,-0.1372931,-0.1176798,-0.10787315,-0.06864655,-0.02941995,-0.07845319999999999,-0.0588399,-0.098066494,-0.14709975,-0.1372931,-0.12748645,-0.10787315,-0.07845319999999999,-0.07845319999999999,-0.088259846,-0.088259846,-0.10787315,-0.1372931,-0.07845319999999999,-0.12748645,-0.10787315,-0.088259846,-0.098066494,-0.1372931,-0.1176798,5
-0.1372931,-0.1176798,-0.10787315,-0.06864655,-0.02941995,-0.07845319999999999,-0.0588399,-0.098066494,-0.14709975,-0.1372931,-0.12748645,-0.10787315,-0.07845319999999999,-0.07845319999999999,-0.088259846,-0.088259846,-0.10787315,-0.1372931,-0.07845319999999999,-0.12748645,-0.10787315,-0.088259846,-0.098066494,-0.1372931,-0.1176798,-0.12748645,-0.07845319999999999,-0.10787315,-0.098066494,-0.0588399,-0.14709975,-0.1176798,-0.18632634,-0.088259846,-0.1176798,-0.088259846,-0.06864655,-0.1372931,-0.1176798,-0.1176798,-0.15690639999999997,-0.088259846,-0.0588399,-0.10787315,-0.088259846,-0.088259846,-0.098066494,-0.049033247,-0.049033247,-0.07845319999999999,5
-0.12748645,-0.07845319999999999,-0.10787315,-0.098066494,-0.0588399,-0.14709975,-0.1176798,-0.18632634,-0.088259846,-0.1176798,-0.088259846,-0.06864655,-0.1372931,-0.1176798,-0.1176798,-0.15690639999999997,-0.088259846,-0.0588399,-0.10787315,-0.088259846,-0.088259846,-0.098066494,-0.049033247,-0.049033247,-0.07845319999999999,-0.10787315,-0.098066494,-0.15690639999999997,-0.16671304,-0.1372931,-0.1372931,-0.07845319999999999,-0.06864655,-0.088259846,-0.12748645,-0.1176798,-0.098066494,-0.098066494,-0.12748645,-0.12748645,-0.098066494,-0.1372931,-0.098066494,-0.16671304,-0.07845319999999999,-0.1372931,-0.1176798,-0.049033247,-0.14709975,-0.10787315,5
-0.10787315,-0.098066494,-0.15690639999999997,-0.16671304,-0.1372931,-0.1372931,-0.07845319999999999,-0.06864655,-0.088259846,-0.12748645,-0.1176798,-0.098066494,-0.098066494,-0.12748645,-0.12748645,-0.098066494,-0.1372931,-0.098066494,-0.16671304,-0.07845319999999999,-0.1372931,-0.1176798,-0.049033247,-0.14709975,-0.10787315,-0.1176798,-0.098066494,-0.14709975,-0.17651969,-0.15690639999999997,-0.10787315,-0.07845319999999999,-0.10787315,-0.1176798,-0.12748645,-0.1372931,-0.14709975,-0.12748645,-0.1176798,-0.17651969,-0.14709975,-0.14709975,-0.1372931,-0.18632634,-0.1176798,-0.088259846,-0.1372931,-0.10787315,-0.1372931,-0.14709975,5
-0.1176798,-0.098066494,-0.14709975,-0.17651969,-0.15690639999999997,-0.10787315,-0.07845319999999999,-0.10787315,-0.1176798,-0.12748645,-0.1372931,-0.14709975,-0.12748645,-0.1176798,-0.17651969,-0.14709975,-0.14709975,-0.1372931,-0.18632634,-0.1176798,-0.088259846,-0.1372931,-0.10787315,-0.1372931,-0.14709975,-0.12748645,-0.1176798,-0.16671304,-0.16671304,-0.1176798,-0.1372931,-0.1372931,-0.10787315,-0.16671304,-0.1176798,-0.15690639999999997,-0.14709975,-0.17651969,-0.1176798,-0.098066494,-0.088259846,-0.088259846,-0.06864655,-0.12748645,-0.12748645,-0.12748645,-0.14709975,-0.088259846,-0.12748645,-0.10787315,5
-0.12748645,-0.1176798,-0.16671304,-0.16671304,-0.1176798,-0.1372931,-0.1372931,-0.10787315,-0.16671304,-0.1176798,-0.15690639999999997,-0.14709975,-0.17651969,-0.1176798,-0.098066494,-0.088259846,-0.088259846,-0.06864655,-0.12748645,-0.12748645,-0.12748645,-0.14709975,-0.088259846,-0.12748645,-0.10787315,-0.088259846,-0.07845319999999999,-0.12748645,-0.088259846,-0.1372931,-0.14709975,-0.1176798,-0.1176798,-0.07845319999999999,-0.10787315,-0.088259846,-0.088259846,-0.1176798,-0.12748645,-0.1372931,-0.1176798,-0.12748645,-0.1372931,-0.088259846,-0.088259846,-0.098066494,-0.088259846,-0.1176798,-0.098066494,-0.07845319999999999,5
-0.088259846,-0.07845319999999999,-0.12748645,-0.088259846,-0.1372931,-0.14709975,-0.1176798,-0.1176798,-0.07845319999999999,-0.10787315,-0.088259846,-0.088259846,-0.1176798,-0.12748645,-0.1372931,-0.1176798,-0.12748645,-0.1372931,-0.088259846,-0.088259846,-0.098066494,-0.088259846,-0.1176798,-0.098066494,-0.07845319999999999,-0.1372931,-0.088259846,-0.07845319999999999,-0.098066494,-0.088259846,-0.088259846,-0.12748645,-0.1372931,-0.17651969,-0.088259846,-0.098066494,-0.098066494,-0.1176798,-0.16671304,-0.17651969,-0.15690639999999997,-0.14709975,-0.1372931,-0.098066494,-0.088259846,-0.10787315,-0.15690639999999997,-0.1176798,-0.10787315,-0.088259846,5
-0.1372931,-0.088259846,-0.07845319999999999,-0.098066494,-0.088259846,-0.088259846,-0.12748645,-0.1372931,-0.17651969,-0.088259846,-0.098066494,-0.098066494,-0.1176798,-0.16671304,-0.17651969,-0.15690639999999997,-0.14709975,-0.1372931,-0.098066494,-0.088259846,-0.10787315,-0.15690639999999997,-0.1176798,-0.10787315,-0.088259846,-0.06864655,-0.098066494,-0.12748645,-0.12748645,-0.098066494,-0.1176798,-0.1176798,-0.1176798,-0.12748645,-0.1176798,-0.12748645,-0.1176798,-0.1372931,-0.15690639999999997,-0.15690639999999997,-0.098066494,-0.088259846,-0.10787315,-0.1176798,-0.07845319999999999,-0.07845319999999999,-0.10787315,-0.06864655,-0.12748645,-0.098066494,5
-0.06864655,-0.098066494,-0.12748645,-0.12748645,-0.098066494,-0.1176798,-0.1176798,-0.1176798,-0.12748645,-0.1176798,-0.12748645,-0.1176798,-0.1372931,-0.15690639999999997,-0.15690639999999997,-0.098066494,-0.088259846,-0.10787315,-0.1176798,-0.07845319999999999,-0.07845319999999999,-0.10787315,-0.06864655,-0.12748645,-0.098066494,-0.1372931,-0.1372931,-0.1372931,-0.16671304,-0.1372931,-0.10787315,-0.10787315,-0.1372931,-0.1176798,-0.15690639999999997,-0.12748645,-0.15690639999999997,-0.1372931,-0.1176798,-0.1372931,-0.1176798,-0.1176798,-0.1176798,-0.098066494,-0.14709975,-0.12748645,-0.1176798,-0.1176798,-0.1372931,-0.15690639999999997,5
-0.1372931,-0.1372931,-0.1372931,-0.16671304,-0.1372931,-0.10787315,-0.10787315,-0.1372931,-0.1176798,-0.15690639999999997,-0.12748645,-0.15690639999999997,-0.1372931,-0.1176798,-0.1372931,-0.1176798,-0.1176798,-0.1176798,-0.098066494,-0.14709975,-0.12748645,-0.1176798,-0.1176798,-0.1372931,-0.15690639999999997,-0.1372931,-0.10787315,-0.12748645,-0.14709975,-0.1372931,-0.1176798,-0.15690639999999997,-0.17651969,-0.15690639999999997,-0.14709975,-0.1176798,-0.10787315,-0.1176798,-0.12748645,-0.12748645,-0.17651969,-0.15690639999999997,-0.15690639999999997,-0.1176798,-0.1372931,-0.07845319999999999,-0.14709975,-0.10787315,-0.17651969,-0.15690639999999997,5
-0.1372931,-0.10787315,-0.12748645,-0.14709975,-0.1372931,-0.1176798,-0.15690639999999997,-0.17651969,-0.15690639999999997,-0.14709975,-0.1176798,-0.10787315,-0.1176798,-0.12748645,-0.12748645,-0.17651969,-0.15690639999999997,-0.15690639999999997,-0.1176798,-0.1372931,-0.07845319999999999,-0.14709975,-0.10787315,-0.17651969,-0.15690639999999997,-0.1372931,-0.098066494,-0.15690639999999997,-0.10787315,-0.1176798,-0.12748645,-0.1176798,-0.1372931,-0.17651969,-0.1176798,-0.088259846,-0.12748645,-0.07845319999999999,-0.12748645,-0.12748645,-0.12748645,-0.10787315,-0.14709975,-0.15690639999999997,-0.098066494,-0.06864655,-0.12748645,-0.098066494,-0.1176798,-0.098066494,5
-0.1372931,-0.098066494,-0.15690639999999997,-0.10787315,-0.1176798,-0.12748645,-0.1176798,-0.1372931,-0.17651969,-0.1176798,-0.088259846,-0.12748645,-0.07845319999999999,-0.12748645,-0.12748645,-0.12748645,-0.10787315,-0.14709975,-0.15690639999999997,-0.098066494,-0.06864655,-0.12748645,-0.098066494,-0.1176798,-0.098066494,-0.088259846,-0.12748645,-0.10787315,-0.10787315,-0.098066494,-0.03922659999999999,-0.1372931,-0.12748645,-0.07845319999999999,-0.1176798,-0.1372931,-0.14709975,-0.10787315,-0.10787315,-0.098066494,-0.098066494,-0.098066494,-0.1176798,-0.12748645,-0.12748645,-0.10787315,-0.1176798,-0.16671304,-0.17651969,-0.14709975,5
-0.088259846,-0.12748645,-0.10787315,-0.10787315,-0.098066494,-0.03922659999999999,-0.1372931,-0.12748645,-0.07845319999999999,-0.1176798,-0.1372931,-0.14709975,-0.10787315,-0.10787315,-0.098066494,-0.098066494,-0.098066494,-0.1176798,-0.12748645,-0.12748645,-0.10787315,-0.1176798,-0.16671304,-0.17651969,-0.14709975,-0.12748645,-0.088259846,-0.0588399,-0.098066494,-0.098066494,-0.098066494,-0.1176798,-0.16671304,-0.14709975,-0.1372931,-0.088259846,-0.0588399,-0.1372931,-0.10787315,-0.03922659999999999,-0.10787315,-0.1176798,-0.1176798,-0.12748645,-0.098066494,-0.1372931,-0.1372931,-0.14709975,-0.1176798,-0.1372931,5
-0.12748645,-0.088259846,-0.0588399,-0.098066494,-0.098066494,-0.098066494,-0.1176798,-0.16671304,-0.14709975,-0.1372931,-0.088259846,-0.0588399,-0.1372931,-0.10787315,-0.03922659999999999,-0.10787315,-0.1176798,-0.1176798,-0.12748645,-0.098066494,-0.1372931,-0.1372931,-0.14709975,-0.1176798,-0.1372931,-0.12748645,-0.098066494,-0.10787315,-0.098066494,-0.1176798,-0.098066494,-0.10787315,-0.10787315,-0.10787315,-0.1176798,-0.1176798,-0.07845319999999999,-0.1176798,-0.1176798,-0.1372931,-0.10787315,-0.17651969,-0.1372931,-0.088259846,-0.088259846,-0.07845319999999999,-0.12748645,-0.1176798,-0.07845319999999999,-0.12748645,5
-0.12748645,-0.098066494,-0.10787315,-0.098066494,-0.1176798,-0.098066494,-0.10787315,-0.10787315,-0.10787315,-0.1176798,-0.1176798,-0.07845319999999999,-0.1176798,-0.1176798,-0.1372931,-0.10787315,-0.17651969,-0.1372931,-0.088259846,-0.088259846,-0.07845319999999999,-0.12748645,-0.1176798,-0.07845319999999999,-0.12748645,-0.1176798,-0.14709975,-0.15690639999999997,-0.10787315,-0.12748645,-0.1176798,-0.07845319999999999,-0.12748645,-0.12748645,-0.1372931,-0.10787315,-0.10787315,-0.088259846,-0.06864655,-0.06864655,-0.10787315,-0.06864655,-0.1372931,-0.15690639999999997,-0.12748645,-0.098066494,-0.06864655,-0.0588399,-0.10787315,-0.1176798,5
-0.1176798,-0.14709975,-0.15690639999999997,-0.10787315,-0.12748645,-0.1176798,-0.07845319999999999,-0.12748645,-0.12748645,-0.1372931,-0.10787315,-0.10787315,-0.088259846,-0.06864655,-0.06864655,-0.10787315,-0.06864655,-0.1372931,-0.15690639999999997,-0.12748645,-0.098066494,-0.06864655,-0.0588399,-0.10787315,-0.1176798,-0.12748645,-0.16671304,-0.12748645,-0.14709975,-0.14709975,-0.1176798,-0.10787315,-0.06864655,-0.0588399,-0.1372931,-0.1176798,-0.088259846,-0.15690639999999997,-0.12748645,-0.1372931,-0.15690639999999997,-0.1372931,-0.12748645,-0.12748645,-0.098066494,-0.10787315,-0.12748645,-0.16671304,-0.15690639999999997,-0.14709975,5
-0.12748645,-0.16671304,-0.12748645,-0.14709975,-0.14709975,-0.1176798,-0.10787315,-0.06864655,-0.0588399,-0.1372931,-0.1176798,-0.088259846,-0.15690639999999997,-0.12748645,-0.1372931,-0.15690639999999997,-0.1372931,-0.12748645,-0.12748645,-0.098066494,-0.10787315,-0.12748645,-0.16671304,-0.15690639999999997,-0.14709975,-0.1176798,-0.1372931,-0.12748645,-0.15690639999999997,-0.15690639999999997,-0.1176798,-0.1372931,-0.16671304,-0.16671304,-0.17651969,-0.088259846,-0.1372931,-0.098066494,-0.15690639999999997,-0.12748645,-0.1176798,-0.14709975,-0.12748645,-0.14709975,-0.17651969,-0.12748645,-0.098066494,-0.10787315,-0.088259846,-0.1372931,5
-0.1176798,-0.1372931,-0.12748645,-0.15690639999999997,-0.15690639999999997,-0.1176798,-0.1372931,-0.16671304,-0.16671304,-0.17651969,-0.088259846,-0.1372931,-0.098066494,-0.15690639999999997,-0.12748645,-0.1176798,-0.14709975,-0.12748645,-0.14709975,-0.17651969,-0.12748645,-0.098066494,-0.10787315,-0.088259846,-0.1372931,-0.10787315,-0.10787315,-0.1372931,-0.15690639999999997,-0.15690639999999997,-0.16671304,-0.15690639999999997,-0.1176798,-0.07845319999999999,-0.10787315,-0.1372931,-0.1372931,-0.098066494,-0.12748645,-0.12748645,-0.088259846,-0.1372931,-0.10787315,-0.098066494,-0.088259846,-0.1176798,-0.10787315,-0.10787315,-0.12748645,-0.098066494,5
-0.10787315,-0.10787315,-0.1372931,-0.15690639999999997,-0.15690639999999997,-0.16671304,-0.15690639999999997,-0.1176798,-0.07845319999999999,-0.10787315,-0.1372931,-0.1372931,-0.098066494,-0.12748645,-0.12748645,-0.088259846,-0.1372931,-0.10787315,-0.098066494,-0.088259846,-0.1176798,-0.10787315,-0.10787315,-0.12748645,-0.098066494,-0.1176798,-0.12748645,-0.14709975,-0.1372931,-0.10787315,-0.1176798,-0.14709975,-0.12748645,-0.12748645,-0.088259846,-0.1372931,-0.12748645,-0.0588399,-0.098066494,-0.07845319999999999,-0.0588399,-0.07845319999999999,-0.1176798,-0.15690639999999997,-0.1372931,-0.14709975,-0.088259846,-0.098066494,-0.07845319999999999,-0.098066494,5
-0.1176798,-0.12748645,-0.14709975,-0.1372931,-0.10787315,-0.1176798,-0.14709975,-0.12748645,-0.12748645,-0.088259846,-0.1372931,-0.12748645,-0.0588399,-0.098066494,-0.07845319999999999,-0.0588399,-0.07845319999999999,-0.1176798,-0.15690639999999997,-0.1372931,-0.14709975,-0.088259846,-0.098066494,-0.07845319999999999,-0.098066494,-0.06864655,-0.088259846,-0.098066494,-0.088259846,-0.10787315,-0.10787315,-0.088259846,-0.1176798,-0.07845319999999999,-0.12748645,-0.088259846,-0.10787315,-0.06864655,-0.1176798,-0.10787315,-0.17651969,-0.12748645,-0.1372931,-0.14709975,-0.088259846,-0.15690639999999997,-0.1176798,-0.088259846,-0.098066494,-0.1176798,5
-0.06864655,-0.088259846,-0.098066494,-0.088259846,-0.10787315,-0.10787315,-0.088259846,-0.1176798,-0.07845319999999999,-0.12748645,-0.088259846,-0.10787315,-0.06864655,-0.1176798,-0.10787315,-0.17651969,-0.12748645,-0.1372931,-0.14709975,-0.088259846,-0.15690639999999997,-0.1176798,-0.088259846,-0.098066494,-0.1176798,-0.12748645,-0.1372931,-0.10787315,-0.098066494,-0.098066494,-0.10787315,-0.12748645,-0.1176798,-0.088259846,-0.088259846,-0.10787315,-0.098066494,-0.1372931,-0.1372931,-0.088259846,-0.0588399,-0.03922659999999999,-0.0588399,-0.07845319999999999,-0.12748645,-0.088259846,-0.098066494,-0.088259846,-0.098066494,-0.10787315,5
-0.12748645,-0.1372931,-0.10787315,-0.098066494,-0.098066494,-0.10787315,-0.12748645,-0.1176798,-0.088259846,-0.088259846,-0.10787315,-0.098066494,-0.1372931,-0.1372931,-0.088259846,-0.0588399,-0.03922659999999999,-0.0588399,-0.07845319999999999,-0.12748645,-0.088259846,-0.098066494,-0.088259846,-0.098066494,-0.10787315,-0.1372931,-0.1176798,-0.12748645,-0.07845319999999999,-0.088259846,-0.10787315,-0.098066494,-0.10787315,-0.1176798,-0.16671304,-0.14709975,-0.10787315,-0.088259846,-0.088259846,-0.088259846,-0.10787315,-0.088259846,-0.098066494,-0.098066494,-0.10787315,-0.088259846,-0.088259846,-0.1372931,-0.14709975,-0.1176798,5
-0.1372931,-0.1176798,-0.12748645,-0.07845319999999999,-0.088259846,-0.10787315,-0.098066494,-0.10787315,-0.1176798,-0.16671304,-0.14709975,-0.10787315,-0.088259846,-0.088259846,-0.088259846,-0.10787315,-0.088259846,-0.098066494,-0.098066494,-0.10787315,-0.088259846,-0.088259846,-0.1372931,-0.14709975,-0.1176798,-0.12748645,-0.10787315,-0.07845319999999999,-0.10787315,-0.1176798,-0.088259846,-0.088259846,-0.1176798,-0.07845319999999999,-0.049033247,-0.06864655,-0.07845319999999999,-0.049033247,-0.07845319999999999,-0.10787315,-0.10787315,-0.07845319999999999,-0.1372931,-0.1372931,-0.1372931,-0.088259846,-0.088259846,-0.14709975,-0.15690639999999997,-0.1372931,5
-0.12748645,-0.10787315,-0.07845319999999999,-0.10787315,-0.1176798,-0.088259846,-0.088259846,-0.1176798,-0.07845319999999999,-0.049033247,-0.06864655,-0.07845319999999999,-0.049033247,-0.07845319999999999,-0.10787315,-0.10787315,-0.07845319999999999,-0.1372931,-0.1372931,-0.1372931,-0.088259846,-0.088259846,-0.14709975,-0.15690639999999997,-0.1372931,-0.17651969,-0.14709975,-0.12748645,-0.1372931,-0.07845319999999999,-0.06864655,-0.098066494,-0.088259846,-0.088259846,-0.1176798,-0.098066494,-0.10787315,-0.1372931,-0.16671304,-0.14709975,-0.16671304,-0.1176798,-0.098066494,-0.12748645,-0.1176798,-0.10787315,-0.10787315,-0.1372931,-0.12748645,-0.098066494,5
-0.17651969,-0.14709975,-0.12748645,-0.1372931,-0.07845319999999999,-0.06864655,-0.098066494,-0.088259846,-0.088259846,-0.1176798,-0.098066494,-0.10787315,-0.1372931,-0.16671304,-0.14709975,-0.16671304,-0.1176798,-0.098066494,-0.12748645,-0.1176798,-0.10787315,-0.10787315,-0.1372931,-0.12748645,-0.098066494,-0.17651969,-0.15690639999999997,-0.1372931,-0.1372931,-0.1176798,-0.1176798,-0.1372931,-0.12748645,-0.14709975,-0.10787315,-0.10787315,-0.12748645,-0.1176798,-0.098066494,-0.1372931,-0.10787315,-0.1176798,-0.1372931,-0.1176798,-0.1372931,-0.17651969,-0.12748645,-0.1176798,-0.07845319999999999,-0.098066494,5
-0.17651969,-0.15690639999999997,-0.1372931,-0.1372931,-0.1176798,-0.1176798,-0.1372931,-0.12748645,-0.14709975,-0.10787315,-0.10787315,-0.12748645,-0.1176798,-0.098066494,-0.1372931,-0.10787315,-0.1176798,-0.1372931,-0.1176798,-0.1372931,-0.17651969,-0.12748645,-0.1176798,-0.07845319999999999,-0.098066494,-0.10787315,-0.12748645,-0.12748645,-0.10787315,-0.1176798,-0.14709975,-0.15690639999999997,-0.088259846,-0.1176798,-0.10787315,-0.10787315,-0.1176798,-0.098066494,-0.14709975,-0.1176798,-0.07845319999999999,-0.098066494,-0.1372931,-0.14709975,-0.17651969,-0.12748645,-0.1176798,-0.14709975,-0.098066494,-0.15690639999999997,5
-0.10787315,-0.12748645,-0.12748645,-0.10787315,-0.1176798,-0.14709975,-0.15690639999999997,-0.088259846,-0.1176798,-0.10787315,-0.10787315,-0.1176798,-0.098066494,-0.14709975,-0.1176798,-0.07845319999999999,-0.098066494,-0.1372931,-0.14709975,-0.17651969,-0.12748645,-0.1176798,-0.14709975,-0.098066494,-0.15690639999999997,-0.14709975,-0.16671304,-0.14709975,-0.12748645,-0.14709975,-0.1176798,-0.12748645,-0.14709975,-0.1372931,-0.15690639999999997,-0.14709975,-0.098066494,-0.14709975,-0.088259846,-0.088259846,-0.10787315,-0.049033247,-0.088259846,-0.088259846,-0.10787315,-0.03922659999999999,-0.10787315,-0.0588399,-0.098066494,-0.07845319999999999,5
-0.14709975,-0.16671304,-0.14709975,-0.12748645,-0.14709975,-0.1176798,-0.12748645,-0.14709975,-0.1372931,-0.15690639999999997,-0.14709975,-0.098066494,-0.14709975,-0.088259846,-0.088259846,-0.10787315,-0.049033247,-0.088259846,-0.088259846,-0.10787315,-0.03922659999999999,-0.10787315,-0.0588399,-0.098066494,-0.07845319999999999,-0.098066494,-0.15690639999999997,-0.16671304,-0.17651969,-0.12748645,-0.1372931,-0.12748645,-0.12748645,-0.088259846,-0.1176798,-0.098066494,-0.12748645,-0.098066494,-0.12748645,-0.10787315,-0.06864655,-0.098066494,-0.06864655,-0.12748645,-0.07845319999999999,-0.10787315,-0.1372931,-0.1372931,-0.10787315,-0.15690639999999997,5
-0.098066494,-0.15690639999999997,-0.16671304,-0.17651969,-0.12748645,-0.1372931,-0.12748645,-0.12748645,-0.088259846,-0.1176798,-0.098066494,-0.12748645,-0.098066494,-0.12748645,-0.10787315,-0.06864655,-0.098066494,-0.06864655,-0.12748645,-0.07845319999999999,-0.10787315,-0.1372931,-0.1372931,-0.10787315,-0.15690639999999997,-0.12748645,-0.15690639999999997,-0.12748645,-0.14709975,-0.1372931,-0.10787315,-0.10787315,-0.10787315,-0.088259846,-0.10787315,-0.06864655,-0.12748645,-0.088259846,-0.12748645,-0.1176798,-0.14709975,-0.14709975,-0.14709975,-0.10787315,-0.14709975,-0.10787315,-0.1176798,-0.088259846,-0.0588399,-0.1372931,5
-0.12748645,-0.15690639999999997,-0.12748645,-0.14709975,-0.1372931,-0.10787315,-0.10787315,-0.10787315,-0.088259846,-0.10787315,-0.06864655,-0.12748645,-0.088259846,-0.12748645,-0.1176798,-0.14709975,-0.14709975,-0.14709975,-0.10787315,-0.14709975,-0.10787315,-0.1176798,-0.088259846,-0.0588399,-0.1372931,-0.098066494,-0.088259846,-0.12748645,-0.098066494,-0.088259846,-0.1176798,-0.12748645,-0.07845319999999999,-0.10787315,-0.15690639999999997,-0.14709975,-0.088259846,-0.10787315,-0.1176798,-0.14709975,-0.1372931,-0.15690639999999997,-0.17651969,-0.1176798,-0.1176798,-0.12748645,-0.1176798,-0.1176798,-0.10787315,-0.15690639999999997,5
-0.098066494,-0.088259846,-0.12748645,-0.098066494,-0.088259846,-0.1176798,-0.12748645,-0.07845319999999999,-0.10787315,-0.15690639999999997,-0.14709975,-0.088259846,-0.10787315,-0.1176798,-0.14709975,-0.1372931,-0.15690639999999997,-0.17651969,-0.1176798,-0.1176798,-0.12748645,-0.1176798,-0.1176798,-0.10787315,-0.15690639999999997,-0.16671304,-0.15690639999999997,-0.16671304,-0.12748645,-0.15690639999999997,-0.1372931,-0.10787315,-0.1176798,-0.07845319999999999,-0.15690639999999997,-0.1372931,-0.1372931,-0.12748645,-0.17651969,-0.1176798,-0.1372931,-0.1176798,-0.1176798,-0.14709975,-0.10787315,-0.12748645,-0.1176798,-0.14709975,-0.10787315,-0.12748645,5
-0.16671304,-0.15690639999999997,-0.16671304,-0.12748645,-0.15690639999999997,-0.1372931,-0.10787315,-0.1176798,-0.07845319999999999,-0.15690639999999997,-0.1372931,-0.1372931,-0.12748645,-0.17651969,-0.1176798,-0.1372931,-0.1176798,-0.1176798,-0.14709975,-0.10787315,-0.12748645,-0.1176798,-0.14709975,-0.10787315,-0.12748645,-0.12748645,-0.10787315,-0.14709975,-0.1176798,-0.12748645,-0.14709975,-0.12748645,-0.14709975,-0.10787315,-0.10787315,-0.07845319999999999,-0.07845319999999999,-0.1176798,-0.10787315,-0.16671304,-0.16671304,-0.1176798,-0.1372931,-0.098066494,-0.098066494,-0.1176798,-0.1372931,-0.14709975,-0.1372931,-0.10787315,5
-0.12748645,-0.10787315,-0.14709975,-0.1176798,-0.12748645,-0.14709975,-0.12748645,-0.14709975,-0.10787315,-0.10787315,-0.07845319999999999,-0.07845319999999999,-0.1176798,-0.10787315,-0.16671304,-0.16671304,-0.1176798,-0.1372931,-0.098066494,-0.098066494,-0.1176798,-0.1372931,-0.14709975,-0.1372931,-0.10787315,-0.098066494,-0.1176798,-0.10787315,-0.15690639999999997,-0.17651969,-0.15690639999999997,-0.15690639999999997,-0.12748645,-0.10787315,-0.10787315,-0.088259846,-0.07845319999999999,-0.15690639999999997,-0.14709975,-0.15690639999999997,-0.15690639999999997,-0.12748645,-0.1176798,-0.07845319999999999,-0.088259846,-0.098066494,-0.10787315,-0.06864655,-0.10787315,-0.07845319999999999,5
-0.098066494,-0.1176798,-0.10787315,-0.15690639999999997,-0.17651969,-0.15690639999999997,-0.15690639999999997,-0.12748645,-0.10787315,-0.10787315,-0.088259846,-0.07845319999999999,-0.15690639999999997,-0.14709975,-0.15690639999999997,-0.15690639999999997,-0.12748645,-0.1176798,-0.07845319999999999,-0.088259846,-0.098066494,-0.10787315,-0.06864655,-0.10787315,-0.07845319999999999,-0.1176798,-0.1176798,-0.12748645,-0.088259846,-0.10787315,-0.10787315,-0.098066494,-0.1176798,-0.14709975,-0.07845319999999999,-0.1176798,-0.1176798,-0.16671304,-0.0588399,-0.1176798,-0.06864655,-0.088259846,-0.10787315,-0.07845319999999999,-0.1176798,-0.12748645,-0.10787315,-0.12748645,-0.0588399,-0.16671304,5
-0.1176798,-0.1176798,-0.12748645,-0.088259846,-0.10787315,-0.10787315,-0.098066494,-0.1176798,-0.14709975,-0.07845319999999999,-0.1176798,-0.1176798,-0.16671304,-0.0588399,-0.1176798,-0.06864655,-0.088259846,-0.10787315,-0.07845319999999999,-0.1176798,-0.12748645,-0.10787315,-0.12748645,-0.0588399,-0.16671304,-0.098066494,-0.07845319999999999,-0.07845319999999999,-0.10787315,-0.088259846,-0.15690639999999997,-0.098066494,-0.14709975,-0.088259846,-0.07845319999999999,-0.0588399,-0.07845319999999999,-0.07845319999999999,-0.10787315,-0.10787315,-0.12748645,-0.1176798,-0.098066494,-0.10787315,-0.10787315,-0.10787315,-0.1176798,-0.1176798,-0.098066494,-0.1372931,5
-0.098066494,-0.07845319999999999,-0.07845319999999999,-0.10787315,-0.088259846,-0.15690639999999997,-0.098066494,-0.14709975,-0.088259846,-0.07845319999999999,-0.0588399,-0.07845319999999999,-0.07845319999999999,-0.10787315,-0.10787315,-0.12748645,-0.1176798,-0.098066494,-0.10787315,-0.10787315,-0.10787315,-0.1176798,-0.1176798,-0.098066494,-0.1372931,-0.07845319999999999,-0.07845319999999999,-0.10787315,-0.12748645,-0.1176798,-0.14709975,-0.12748645,-0.14709975,-0.14709975,-0.12748645,-0.098066494,-0.1176798,-0.088259846,-0.07845319999999999,-0.07845319999999999,-0.06864655,-0.14709975,-0.14709975,-0.10787315,-0.17651969,-0.15690639999999997,-0.14709975,-0.19613299,-0.1176798,-0.1176798,5
-0.07845319999999999,-0.07845319999999999,-0.10787315,-0.12748645,-0.1176798,-0.14709975,-0.12748645,-0.14709975,-0.14709975,-0.12748645,-0.098066494,-0.1176798,-0.088259846,-0.07845319999999999,-0.07845319999999999,-0.06864655,-0.14709975,-0.14709975,-0.10787315,-0.17651969,-0.15690639999999997,-0.14709975,-0.19613299,-0.1176798,-0.1176798,-0.088259846,-0.088259846,-0.0588399,-0.088259846,-0.10787315,-0.06864655,-0.1176798,-0.1372931,-0.1176798,-0.10787315,-0.15690639999999997,-0.098066494,-0.10787315,-0.12748645,-0.12748645,-0.12748645,-0.1176798,-0.10787315,-0.14709975,-0.12748645,-0.1176798,-0.15690639999999997,-0.1372931,-0.12748645,-0.1176798,5
-0.088259846,-0.088259846,-0.0588399,-0.088259846,-0.10787315,-0.06864655,-0.1176798,-0.1372931,-0.1176798,-0.10787315,-0.15690639999999997,-0.098066494,-0.10787315,-0.12748645,-0.12748645,-0.12748645,-0.1176798,-0.10787315,-0.14709975,-0.12748645,-0.1176798,-0.15690639999999997,-0.1372931,-0.12748645,-0.1176798,-0.14709975,-0.15690639999999997,-0.14709975,-0.17651969,-0.17651969,-0.12748645,-0.1372931,-0.17651969,-0.14709975,-0.1372931,-0.1176798,-0.17651969,-0.16671304,-0.14709975,-0.1372931,-0.1176798,-0.1176798,-0.1176798,-0.07845319999999999,-0.12748645,-0.1372931,-0.1176798,-0.15690639999999997,-0.12748645,-0.1372931,5
-0.14709975,-0.15690639999999997,-0.14709975,-0.17651969,-0.17651969,-0.12748645,-0.1372931,-0.17651969,-0.14709975,-0.1372931,-0.1176798,-0.17651969,-0.16671304,-0.14709975,-0.1372931,-0.1176798,-0.1176798,-0.1176798,-0.07845319999999999,-0.12748645,-0.1372931,-0.1176798,-0.15690639999999997,-0.12748645,-0.1372931,-0.1176798,-0.098066494,-0.07845319999999999,-0.06864655,-0.12748645,-0.10787315,-0.14709975,-0.16671304,-0.1372931,-0.17651969,-0.1176798,-0.1372931,-0.14709975,-0.14709975,-0.10787315,-0.12748645,-0.12748645,-0.12748645,-0.1372931,-0.1176798,-0.14709975,-0.1372931,-0.15690639999999997,-0.1176798,-0.14709975,5
-0.1176798,-0.098066494,-0.07845319999999999,-0.06864655,-0.12748645,-0.10787315,-0.14709975,-0.16671304,-0.1372931,-0.17651969,-0.1176798,-0.1372931,-0.14709975,-0.14709975,-0.10787315,-0.12748645,-0.12748645,-0.12748645,-0.1372931,-0.1176798,-0.14709975,-0.1372931,-0.15690639999999997,-0.1176798,-0.14709975,-0.12748645,-0.14709975,-0.15690639999999997,-0.12748645,-0.088259846,-0.12748645,-0.1176798,-0.14709975,-0.1372931,-0.19613299,-0.16671304,-0.17651969,-0.14709975,-0.14709975,-0.10787315,-0.1372931,-0.10787315,-0.10787315,-0.12748645,-0.12748645,-0.1372931,-0.12748645,-0.1372931,-0.098066494,-0.10787315,5
-0.12748645,-0.14709975,-0.15690639999999997,-0.12748645,-0.088259846,-0.12748645,-0.1176798,-0.14709975,-0.1372931,-0.19613299,-0.16671304,-0.17651969,-0.14709975,-0.14709975,-0.10787315,-0.1372931,-0.10787315,-0.10787315,-0.12748645,-0.12748645,-0.1372931,-0.12748645,-0.1372931,-0.098066494,-0.10787315,-0.1176798,-0.10787315,-0.14709975,-0.1176798,-0.0588399,-0.12748645,-0.06864655,-0.1372931,-0.14709975,-0.14709975,-0.15690639999999997,-0.07845319999999999,-0.098066494,-0.10787315,-0.1372931,-0.1372931,-0.07845319999999999,-0.098066494,-0.10787315,-0.10787315,-0.1176798,-0.15690639999999997,-0.1176798,-0.10787315,-0.06864655,5
-0.1176798,-0.10787315,-0.14709975,-0.1176798,-0.0588399,-0.12748645,-0.06864655,-0.1372931,-0.14709975,-0.14709975,-0.15690639999999997,-0.07845319999999999,-0.098066494,-0.10787315,-0.1372931,-0.1372931,-0.07845319999999999,-0.098066494,-0.10787315,-0.10787315,-0.1176798,-0.15690639999999997,-0.1176798,-0.10787315,-0.06864655,-0.049033247,-0.0588399,-0.098066494,-0.12748645,-0.088259846,-0.088259846,-0.06864655,-0.10787315,-0.049033247,-0.07845319999999999,-0.1176798,-0.098066494,-0.14709975,-0.12748645,-0.14709975,-0.1176798,-0.1176798,-0.1176798,-0.12748645,-0.17651969,-0.12748645,-0.15690639999999997,-0.10787315,-0.088259846,-0.10787315,5
-0.049033247,-0.0588399,-0.098066494,-0.12748645,-0.088259846,-0.088259846,-0.06864655,-0.10787315,-0.049033247,-0.07845319999999999,-0.1176798,-0.098066494,-0.14709975,-0.12748645,-0.14709975,-0.1176798,-0.1176798,-0.1176798,-0.12748645,-0.17651969,-0.12748645,-0.15690639999999997,-0.10787315,-0.088259846,-0.10787315,-0.1176798,-0.12748645,-0.098066494,-0.12748645,-0.088259846,-0.1176798,-0.12748645,-0.1372931,-0.15690639999999997,-0.14709975,-0.14709975,-0.12748645,-0.10787315,-0.14709975,-0.1176798,-0.12748645,-0.18632634,-0.098066494,-0.15690639999999997,-0.14709975,-0.15690639999999997,-0.17651969,-0.15690639999999997,-0.15690639999999997,-0.12748645,5
-0.1176798,-0.12748645,-0.098066494,-0.12748645,-0.088259846,-0.1176798,-0.12748645,-0.1372931,-0.15690639999999997,-0.14709975,-0.14709975,-0.12748645,-0.10787315,-0.14709975,-0.1176798,-0.12748645,-0.18632634,-0.098066494,-0.15690639999999997,-0.14709975,-0.15690639999999997,-0.17651969,-0.15690639999999997,-0.15690639999999997,-0.12748645,-0.1372931,-0.07845319999999999,-0.14709975,-0.15690639999999997,-0.17651969,-0.19613299,-0.18632634,-0.14709975,-0.18632634,-0.14709975,-0.088259846,-0.14709975,-0.1372931,-0.1372931,-0.14709975,-0.10787315,-0.15690639999999997,-0.16671304,-0.14709975,-0.1372931,-0.16671304,-0.17651969,-0.1372931,-0.12748645,-0.12748645,5
-0.1372931,-0.07845319999999999,-0.14709975,-0.15690639999999997,-0.17651969,-0.19613299,-0.18632634,-0.14709975,-0.18632634,-0.14709975,-0.088259846,-0.14709975,-0.1372931,-0.1372931,-0.14709975,-0.10787315,-0.15690639999999997,-0.16671304,-0.14709975,-0.1372931,-0.16671304,-0.17651969,-0.1372931,-0.12748645,-0.12748645,-0.10787315,-0.1176798,-0.07845319999999999,-0.16671304,-0.15690639999999997,-0.18632634,-0.14709975,-0.17651969,-0.1176798,-0.14709975,-0.14709975,-0.15690639999999997,-0.1372931,-0.12748645,-0.12748645,-0.1176798,-0.088259846,-0.098066494,-0.1372931,-0.17651969,-0.15690639999999997,-0.14709975,-0.14709975,-0.098066494,-0.088259846,5
-0.10787315,-0.1176798,-0.07845319999999999,-0.16671304,-0.15690639999999997,-0.18632634,-0.14709975,-0.17651969,-0.1176798,-0.14709975,-0.14709975,-0.15690639999999997,-0.1372931,-0.12748645,-0.12748645,-0.1176798,-0.088259846,-0.098066494,-0.1372931,-0.17651969,-0.15690639999999997,-0.14709975,-0.14709975,-0.098066494,-0.088259846,-0.1176798,-0.12748645,-0.15690639999999997,-0.14709975,-0.12748645,-0.1176798,-0.098066494,-0.07845319999999999,-0.098066494,-0.049033247,-0.088259846,-0.098066494,-0.088259846,-0.1372931,-0.10787315,-0.098066494,-0.16671304,-0.14709975,-0.098066494,-0.1372931,-0.1372931,-0.12748645,-0.0588399,-0.088259846,-0.088259846,5
-0.1176798,-0.12748645,-0.15690639999999997,-0.14709975,-0.12748645,-0.1176798,-0.098066494,-0.07845319999999999,-0.098066494,-0.049033247,-0.088259846,-0.098066494,-0.088259846,-0.1372931,-0.10787315,-0.098066494,-0.16671304,-0.14709975,-0.098066494,-0.1372931,-0.1372931,-0.12748645,-0.0588399,-0.088259846,-0.088259846,-0.088259846,-0.049033247,-0.0588399,-0.10787315,-0.07845319999999999,-0.10787315,-0.1176798,-0.06864655,-0.10787315,-0.10787315,-0.1372931,-0.1176798,-0.0588399,-0.0588399,-0.1176798,-0.1176798,-0.098066494,-0.088259846,-0.1372931,-0.06864655,-0.07845319999999999,-0.049033247,-0.1372931,-0.07845319999999999,-0.10787315,5
-0.088259846,-0.049033247,-0.0588399,-0.10787315,-0.07845319999999999,-0.10787315,-0.1176798,-0.06864655,-0.10787315,-0.10787315,-0.1372931,-0.1176798,-0.0588399,-0.0588399,-0.1176798,-0.1176798,-0.098066494,-0.088259846,-0.1372931,-0.06864655,-0.07845319999999999,-0.049033247,-0.1372931,-0.07845319999999999,-0.10787315,-0.098066494,-0.07845319999999999,-0.1176798,-0.088259846,-0.1176798,-0.1372931,-0.17651969,-0.1372931,-0.098066494,-0.10787315,-0.1176798,-0.1176798,-0.1176798,-0.1176798,-0.098066494,-0.10787315,-0.1176798,-0.1176798,-0.07845319999999999,-0.10787315,-0.098066494,-0.1372931,-0.10787315,-0.15690639999999997,-0.1176798,5
-0.098066494,-0.07845319999999999,-0.1176798,-0.088259846,-0.1176798,-0.1372931,-0.17651969,-0.1372931,-0.098066494,-0.10787315,-0.1176798,-0.1176798,-0.1176798,-0.1176798,-0.098066494,-0.10787315,-0.1176798,-0.1176798,-0.07845319999999999,-0.10787315,-0.098066494,-0.1372931,-0.10787315,-0.15690639999999997,-0.1176798,-0.16671304,-0.098066494,-0.098066494,-0.14709975,-0.10787315,-0.10787315,-0.14709975,-0.098066494,-0.03922659999999999,-0.0588399,-0.10787315,-0.14709975,-0.14709975,-0.16671304,-0.12748645,-0.088259846,-0.088259846,-0.088259846,-0.088259846,-0.12748645,-0.15690639999999997,-0.10787315,-0.10787315,-0.1176798,-0.088259846,5
-0.16671304,-0.098066494,-0.098066494,-0.14709975,-0.10787315,-0.10787315,-0.14709975,-0.098066494,-0.03922659999999999,-0.0588399,-0.10787315,-0.14709975,-0.14709975,-0.16671304,-0.12748645,-0.088259846,-0.088259846,-0.088259846,-0.088259846,-0.12748645,-0.15690639999999997,-0.10787315,-0.10787315,-0.1176798,-0.088259846,-0.10787315,-0.088259846,-0.1372931,-0.1176798,-0.098066494,-0.10787315,-0.07845319999999999,-0.10787315,-0.1372931,-0.1176798,-0.17651969,-0.12748645,-0.16671304,-0.1372931,-0.10787315,-0.07845319999999999,-0.0588399,-0.088259846,-0.10787315,-0.14709975,-0.17651969,-0.17651969,-0.088259846,-0.07845319999999999,-0.07845319999999999,5
-0.10787315,-0.088259846,-0.1372931,-0.1176798,-0.098066494,-0.10787315,-0.07845319999999999,-0.10787315,-0.1372931,-0.1176798,-0.17651969,-0.12748645,-0.16671304,-0.1372931,-0.10787315,-0.07845319999999999,-0.0588399,-0.088259846,-0.10787315,-0.14709975,-0.17651969,-0.17651969,-0.088259846,-0.07845319999999999,-0.07845319999999999,-0.03922659999999999,-0.10787315,-0.06864655,-0.088259846,-0.06864655,-0.0588399,-0.088259846,-0.06864655,-0.088259846,-0.10787315,-0.088259846,-0.098066494,-0.088259846,-0.1176798,-0.1176798,-0.14709975,-0.16671304,-0.1372931,-0.1372931,-0.1372931,-0.1176798,-0.1372931,-0.1176798,-0.088259846,-0.12748645,5
-0.03922659999999999,-0.10787315,-0.06864655,-0.088259846,-0.06864655,-0.0588399,-0.088259846,-0.06864655,-0.088259846,-0.10787315,-0.088259846,-0.098066494,-0.088259846,-0.1176798,-0.1176798,-0.14709975,-0.16671304,-0.1372931,-0.1372931,-0.1372931,-0.1176798,-0.1372931,-0.1176798,-0.088259846,-0.12748645,-0.12748645,-0.098066494,-0.1372931,-0.049033247,-0.088259846,-0.1176798,-0.10787315,-0.07845319999999999,-0.098066494,-0.1176798,-0.10787315,-0.10787315,-0.098066494,-0.07845319999999999,-0.1372931,-0.088259846,-0.14709975,-0.1176798,-0.15690639999999997,-0.15690639999999997,-0.088259846,-0.15690639999999997,-0.10787315,-0.1176798,-0.06864655,5
-0.12748645,-0.098066494,-0.1372931,-0.049033247,-0.088259846,-0.1176798,-0.10787315,-0.07845319999999999,-0.098066494,-0.1176798,-0.10787315,-0.10787315,-0.098066494,-0.07845319999999999,-0.1372931,-0.088259846,-0.14709975,-0.1176798,-0.15690639999999997,-0.15690639999999997,-0.088259846,-0.15690639999999997,-0.10787315,-0.1176798,-0.06864655,-0.098066494,-0.12748645,-0.15690639999999997,-0.14709975,-0.15690639999999997,-0.15690639999999997,-0.14709975,-0.098066494,-0.10787315,-0.1176798,-0.088259846,-0.10787315,-0.10787315,-0.098066494,-0.14709975,-0.1176798,-0.12748645,-0.1372931,-0.10787315,-0.12748645,-0.06864655,-0.07845319999999999,-0.098066494,-0.1372931,-0.1372931,5
-0.098066494,-0.12748645,-0.15690639999999997,-0.14709975,-0.15690639999999997,-0.15690639999999997,-0.14709975,-0.098066494,-0.10787315,-0.1176798,-0.088259846,-0.10787315,-0.10787315,-0.098066494,-0.14709975,-0.1176798,-0.12748645,-0.1372931,-0.10787315,-0.12748645,-0.06864655,-0.07845319999999999,-0.098066494,-0.1372931,-0.1372931,-0.17651969,-0.15690639999999997,-0.14709975,-0.14709975,-0.10787315,-0.14709975,-0.1176798,-0.07845319999999999,-0.098066494,-0.1176798,-0.1372931,-0.1372931,-0.1176798,-0.098066494,-0.12748645,-0.12748645,-0.12748645,-0.14709975,-0.1372931,-0.1176798,-0.1372931,-0.10787315,-0.07845319999999999,-0.17651969,-0.1372931,5
-0.17651969,-0.15690639999999997,-0.14709975,-0.14709975,-0.10787315,-0.14709975,-0.1176798,-0.07845319999999999,-0.098066494,-0.1176798,-0.1372931,-0.1372931,-0.1176798,-0.098066494,-0.12748645,-0.12748645,-0.12748645,-0.14709975,-0.1372931,-0.1176798,-0.1372931,-0.10787315,-0.07845319999999999,-0.17651969,-0.1372931,-0.1372931,-0.098066494,-0.1372931,-0.17651969,-0.14709975,-0.15690639999999997,-0.10787315,-0.10787315,-0.1176798,-0.1176798,-0.14709975,-0.1372931,-0.17651969,-0.1372931,-0.10787315,-0.10787315,-0.088259846,-0.1372931,-0.088259846,-0.088259846,-0.06864655,-0.088259846,-0.098066494,-0.0588399,-0.15690639999999997,5
-0.1372931,-0.098066494,-0.1372931,-0.17651969,-0.14709975,-0.15690639999999997,-0.10787315,-0.10787315,-0.1176798,-0.1176798,-0.14709975,-0.1372931,-0.17651969,-0.1372931,-0.10787315,-0.10787315,-0.088259846,-0.1372931,-0.088259846,-0.088259846,-0.06864655,-0.088259846,-0.098066494,-0.0588399,-0.15690639999999997,-0.15690639999999997,-0.1372931,-0.12748645,-0.12748645,-0.098066494,-0.10787315,-0.07845319999999999,-0.14709975,-0.10787315,-0.12748645,-0.1176798,-0.10787315,-0.1372931,-0.07845319999999999,-0.07845319999999999,-0.06864655,-0.07845319999999999,-0.0588399,-0.07845319999999999,-0.07845319999999999,-0.0588399,-0.14709975,-0.10787315,-0.098066494,-0.14709975,5
-0.15690639999999997,-0.1372931,-0.12748645,-0.12748645,-0.098066494,-0.10787315,-0.07845319999999999,-0.14709975,-0.10787315,-0.12748645,-0.1176798,-0.10787315,-0.1372931,-0.07845319999999999,-0.07845319999999999,-0.06864655,-0.07845319999999999,-0.0588399,-0.07845319999999999,-0.07845319999999999,-0.0588399,-0.14709975,-0.10787315,-0.098066494,-0.14709975,-0.098066494,-0.12748645,-0.15690639999999997,-0.15690639999999997,-0.098066494,-0.06864655,-0.088259846,-0.088259846,-0.1176798,-0.12748645,-0.10787315,-0.0588399,-0.1176798,-0.1176798,-0.098066494,-0.10787315,-0.10787315,-0.12748645,-0.06864655,-0.10787315,-0.10787315,-0.06864655,-0.1176798,-0.088259846,-0.1176798,5
-0.098066494,-0.12748645,-0.15690639999999997,-0.15690639999999997,-0.098066494,-0.06864655,-0.088259846,-0.088259846,-0.1176798,-0.12748645,-0.10787315,-0.0588399,-0.1176798,-0.1176798,-0.098066494,-0.10787315,-0.10787315,-0.12748645,-0.06864655,-0.10787315,-0.10787315,-0.06864655,-0.1176798,-0.088259846,-0.1176798,-0.1176798,-0.098066494,-0.0588399,-0.07845319999999999,-0.1176798,-0.098066494,-0.098066494,-0.098066494,-0.12748645,-0.12748645,-0.1176798,-0.1176798,-0.14709975,-0.12748645,-0.12748645,-0.10787315,-0.12748645,-0.1176798,-0.12748645,-0.15690639999999997,-0.1176798,-0.14709975,-0.16671304,-0.14709975,-0.088259846,5
-0.1176798,-0.098066494,-0.0588399,-0.07845319999999999,-0.1176798,-0.098066494,-0.098066494,-0.098066494,-0.12748645,-0.12748645,-0.1176798,-0.1176798,-0.14709975,-0.12748645,-0.12748645,-0.10787315,-0.12748645,-0.1176798,-0.12748645,-0.15690639999999997,-0.1176798,-0.14709975,-0.16671304,-0.14709975,-0.088259846,-0.098066494,-0.088259846,-0.16671304,-0.15690639999999997,-0.07845319999999999,-0.12748645,-0.1176798,-0.088259846,-0.098066494,-0.1372931,-0.098066494,-0.1176798,-0.12748645,-0.10787315,-0.1176798,-0.098066494,-0.10787315,-0.10787315,-0.0588399,-0.088259846,-0.0588399,-0.0588399,-0.098066494,-0.10787315,-0.10787315,5
-0.098066494,-0.088259846,-0.16671304,-0.15690639999999997,-0.07845319999999999,-0.12748645,-0.1176798,-0.088259846,-0.098066494,-0.1372931,-0.098066494,-0.1176798,-0.12748645,-0.10787315,-0.1176798,-0.098066494,-0.10787315,-0.10787315,-0.0588399,-0.088259846,-0.0588399,-0.0588399,-0.098066494,-0.10787315,-0.10787315,-0.12748645,-0.088259846,-0.10787315,-0.06864655,-0.07845319999999999,-0.06864655,-0.03922659999999999,-0.1176798,-0.12748645,-0.10787315,-0.14709975,-0.088259846,-0.1176798,-0.10787315,-0.0588399,-0.02941995,-0.049033247,-0.0588399,-0.098066494,-0.098066494,-0.07845319999999999,-0.088259846,-0.12748645,-0.088259846,-0.10787315,5
-0.12748645,-0.088259846,-0.10787315,-0.06864655,-0.07845319999999999,-0.06864655,-0.03922659999999999,-0.1176798,-0.12748645,-0.10787315,-0.14709975,-0.088259846,-0.1176798,-0.10787315,-0.0588399,-0.02941995,-0.049033247,-0.0588399,-0.098066494,-0.098066494,-0.07845319999999999,-0.088259846,-0.12748645,-0.088259846,-0.10787315,-0.088259846,-0.10787315,-0.088259846,-0.088259846,-0.098066494,-0.10787315,-0.07845319999999999,-0.07845319999999999,-0.088259846,-0.098066494,-0.1372931,-0.1176798,-0.1372931,-0.10787315,-0.098066494,-0.1176798,-0.0588399,-0.07845319999999999,-0.12748645,-0.098066494,-0.098066494,-0.15690639999999997,-0.06864655,-0.10787315,-0.12748645,5
-0.088259846,-0.10787315,-0.088259846,-0.088259846,-0.098066494,-0.10787315,-0.07845319999999999,-0.07845319999999999,-0.088259846,-0.098066494,-0.1372931,-0.1176798,-0.1372931,-0.10787315,-0.098066494,-0.1176798,-0.0588399,-0.07845319999999999,-0.12748645,-0.098066494,-0.098066494,-0.15690639999999997,-0.06864655,-0.10787315,-0.12748645,-0.1176798,-0.07845319999999999,-0.098066494,-0.088259846,-0.03922659999999999,-0.07845319999999999,-0.00980665,-0.098066494,-0.12748645,-0.088259846,-0.07845319999999999,-0.0588399,-0.088259846,-0.07845319999999999,-0.06864655,-0.07845319999999999,-0.07845319999999999,-0.06864655,-0.098066494,-0.12748645,-0.1176798,-0.1372931,-0.098066494,-0.07845319999999999,-0.098066494,5
-0.1176798,-0.07845319999999999,-0.098066494,-0.088259846,-0.03922659999999999,-0.07845319999999999,-0.00980665,-0.098066494,-0.12748645,-0.088259846,-0.07845319999999999,-0.0588399,-0.088259846,-0.07845319999999999,-0.06864655,-0.07845319999999999,-0.07845319999999999,-0.06864655,-0.098066494,-0.12748645,-0.1176798,-0.1372931,-0.098066494,-0.07845319999999999,-0.098066494,-0.06864655,-0.049033247,-0.049033247,-0.098066494,-0.12748645,-0.06864655,-0.098066494,-0.07845319999999999,-0.0588399,-0.06864655,-0.0588399,-0.10787315,-0.049033247,-0.07845319999999999,-0.098066494,-0.088259846,-0.02941995,-0.06864655,-0.0588399,-0.088259846,-0.06864655,-0.0588399,-0.098066494,-0.088259846,-0.10787315,5
-0.06864655,-0.049033247,-0.049033247,-0.098066494,-0.12748645,-0.06864655,-0.098066494,-0.07845319999999999,-0.0588399,-0.06864655,-0.0588399,-0.10787315,-0.049033247,-0.07845319999999999,-0.098066494,-0.088259846,-0.02941995,-0.06864655,-0.0588399,-0.088259846,-0.06864655,-0.0588399,-0.098066494,-0.088259846,-0.10787315,-0.03922659999999999,-0.07845319999999999,-0.07845319999999999,-0.088259846,-0.10787315,-0.06864655,-0.07845319999999999,-0.03922659999999999,-0.0588399,-0.088259846,-0.098066494,-0.088259846,-0.06864655,-0.098066494,-0.098066494,-0.098066494,-0.049033247,-0.049033247,-0.14709975,-0.06864655,-0.07845319999999999,-0.0588399,-0.049033247,-0.10787315,-0.088259846,5
-0.03922659999999999,-0.07845319999999999,-0.07845319999999999,-0.088259846,-0.10787315,-0.06864655,-0.07845319999999999,-0.03922659999999999,-0.0588399,-0.088259846,-0.098066494,-0.088259846,-0.06864655,-0.098066494,-0.098066494,-0.098066494,-0.049033247,-0.049033247,-0.14709975,-0.06864655,-0.07845319999999999,-0.0588399,-0.049033247,-0.10787315,-0.088259846,-0.1372931,-0.15690639999999997,-0.1176798,-0.098066494,-0.098066494,-0.07845319999999999,-0.06864655,-0.0588399,-0.0588399,-0.07845319999999999,-0.088259846,-0.098066494,-0.1176798,-0.1372931,-0.098066494,-0.10787315,-0.1176798,-0.07845319999999999,-0.03922659999999999,-0.098066494,-0.06864655,-0.098066494,-0.098066494,-0.1176798,-0.07845319999999999,5
-0.1372931,-0.15690639999999997,-0.1176798,-0.098066494,-0.098066494,-0.07845319999999999,-0.06864655,-0.0588399,-0.0588399,-0.07845319999999999,-0.088259846,-0.098066494,-0.1176798,-0.1372931,-0.098066494,-0.10787315,-0.1176798,-0.07845319999999999,-0.03922659999999999,-0.098066494,-0.06864655,-0.098066494,-0.098066494,-0.1176798,-0.07845319999999999,-0.06864655,-0.07845319999999999,-0.088259846,-0.10787315,-0.06864655,-0.10787315,-0.07845319999999999,-0.07845319999999999,-0.049033247,-0.088259846,-0.07845319999999999,-0.0588399,-0.12748645,-0.088259846,-0.03922659999999999,-0.088259846,-0.07845319999999999,-0.06864655,-0.06864655,-0.049033247,-0.088259846,-0.088259846,-0.098066494,-0.098066494,-0.088259846,5
-0.06864655,-0.07845319999999999,-0.088259846,-0.10787315,-0.06864655,-0.10787315,-0.07845319999999999,-0.07845319999999999,-0.049033247,-0.088259846,-0.07845319999999999,-0.0588399,-0.12748645,-0.088259846,-0.03922659999999999,-0.088259846,-0.07845319999999999,-0.06864655,-0.06864655,-0.049033247,-0.088259846,-0.088259846,-0.098066494,-0.098066494,-0.088259846,-0.10787315,-0.07845319999999999,-0.0588399,-0.00980665,-0.049033247,-0.06864655,-0.10787315,-0.088259846,-0.14709975,-0.1176798,-0.088259846,-0.0588399,-0.088259846,-0.098066494,-0.07845319999999999,-0.088259846,-0.0588399,-0.07845319999999999,-0.098066494,-0.1176798,-0.1176798,-0.10787315,-0.10787315,-0.1176798,-0.12748645,5
-0.10787315,-0.07845319999999999,-0.0588399,-0.00980665,-0.049033247,-0.06864655,-0.10787315,-0.088259846,-0.14709975,-0.1176798,-0.088259846,-0.0588399,-0.088259846,-0.098066494,-0.07845319999999999,-0.088259846,-0.0588399,-0.07845319999999999,-0.098066494,-0.1176798,-0.1176798,-0.10787315,-0.10787315,-0.1176798,-0.12748645,-0.1372931,-0.07845319999999999,-0.1176798,-0.088259846,-0.10787315,-0.06864655,-0.03922659999999999,-0.098066494,-0.088259846,-0.098066494,-0.06864655,-0.098066494,-0.12748645,-0.088259846,-0.1176798,-0.1176798,-0.1176798,-0.17651969,-0.14709975,-0.1176798,-0.12748645,-0.098066494,-0.06864655,-0.10787315,-0.12748645,5
-0.1372931,-0.07845319999999999,-0.1176798,-0.088259846,-0.10787315,-0.06864655,-0.03922659999999999,-0.098066494,-0.088259846,-0.098066494,-0.06864655,-0.098066494,-0.12748645,-0.088259846,-0.1176798,-0.1176798,-0.1176798,-0.17651969,-0.14709975,-0.1176798,-0.12748645,-0.098066494,-0.06864655,-0.10787315,-0.12748645,-0.098066494,-0.10787315,-0.1176798,-0.0588399,-0.07845319999999999,-0.06864655,-0.07845319999999999,-0.049033247,-0.14709975,-0.1372931,-0.088259846,-0.06864655,-0.06864655,-0.088259846,-0.049033247,-0.06864655,-0.098066494,-0.1372931,-0.098066494,-0.098066494,-0.088259846,-0.10787315,-0.098066494,-0.098066494,-0.07845319999999999,5
-0.098066494,-0.10787315,-0.1176798,-0.0588399,-0.07845319999999999,-0.06864655,-0.07845319999999999,-0.049033247,-0.14709975,-0.1372931,-0.088259846,-0.06864655,-0.06864655,-0.088259846,-0.049033247,-0.06864655,-0.098066494,-0.1372931,-0.098066494,-0.098066494,-0.088259846,-0.10787315,-0.098066494,-0.098066494,-0.07845319999999999,-0.10787315,-0.06864655,-0.10787315,-0.14709975,-0.14709975,-0.12748645,-0.1176798,-0.07845319999999999,-0.06864655,-0.0588399,-0.10787315,-0.088259846,-0.098066494,-0.049033247,-0.098066494,-0.088259846,-0.088259846,-0.098066494,-0.1176798,-0.12748645,-0.16671304,-0.098066494,-0.12748645,-0.098066494,-0.12748645,5
-0.10787315,-0.06864655,-0.10787315,-0.14709975,-0.14709975,-0.12748645,-0.1176798,-0.07845319999999999,-0.06864655,-0.0588399,-0.10787315,-0.088259846,-0.098066494,-0.049033247,-0.098066494,-0.088259846,-0.088259846,-0.098066494,-0.1176798,-0.12748645,-0.16671304,-0.098066494,-0.12748645,-0.098066494,-0.12748645,-0.12748645,-0.1176798,-0.14709975,-0.12748645,-0.07845319999999999,-0.07845319999999999,-0.1176798,-0.1372931,-0.1176798,-0.088259846,-0.07845319999999999,-0.10787315,-0.1176798,-0.15690639999999997,-0.17651969,-0.1372931,-0.12748645,-0.088259846,-0.088259846,-0.10787315,-0.10787315,-0.1372931,-0.17651969,-0.16671304,-0.15690639999999997,5
-0.12748645,-0.1176798,-0.14709975,-0.12748645,-0.07845319999999999,-0.07845319999999999,-0.1176798,-0.1372931,-0.1176798,-0.088259846,-0.07845319999999999,-0.10787315,-0.1176798,-0.15690639999999997,-0.17651969,-0.1372931,-0.12748645,-0.088259846,-0.088259846,-0.10787315,-0.10787315,-0.1372931,-0.17651969,-0.16671304,-0.15690639999999997,-0.1176798,-0.06864655,-0.07845319999999999,-0.0588399,-0.06864655,-0.098066494,-0.0588399,-0.1372931,-0.14709975,-0.088259846,-0.088259846,-0.10787315,-0.088259846,-0.07845319999999999,-0.10787315,-0.14709975,-0.10787315,-0.088259846,-0.098066494,-0.06864655,-0.098066494,-0.049033247,-0.098066494,-0.098066494,-0.07845319999999999,5
-0.1176798,-0.06864655,-0.07845319999999999,-0.0588399,-0.06864655,-0.098066494,-0.0588399,-0.1372931,-0.14709975,-0.088259846,-0.088259846,-0.10787315,-0.088259846,-0.07845319999999999,-0.10787315,-0.14709975,-0.10787315,-0.088259846,-0.098066494,-0.06864655,-0.098066494,-0.049033247,-0.098066494,-0.098066494,-0.07845319999999999,-0.0588399,-0.1372931,-0.1176798,-0.14709975,-0.12748645,-0.10787315,-0.1372931,-0.10787315,-0.098066494,-0.14709975,-0.14709975,-0.0588399,-0.088259846,-0.088259846,-0.10787315,-0.088259846,-0.15690639999999997,-0.1372931,-0.10787315,-0.15690639999999997,-0.14709975,-0.17651969,-0.14709975,-0.07845319999999999,-0.088259846,5
-0.0588399,-0.1372931,-0.1176798,-0.14709975,-0.12748645,-0.10787315,-0.1372931,-0.10787315,-0.098066494,-0.14709975,-0.14709975,-0.0588399,-0.088259846,-0.088259846,-0.10787315,-0.088259846,-0.15690639999999997,-0.1372931,-0.10787315,-0.15690639999999997,-0.14709975,-0.17651969,-0.14709975,-0.07845319999999999,-0.088259846,-0.098066494,-0.1176798,-0.0588399,-0.15690639999999997,-0.17651969,-0.1372931,-0.1372931,-0.14709975,-0.10787315,-0.098066494,-0.10787315,-0.16671304,-0.06864655,-0.15690639999999997,-0.16671304,-0.15690639999999997,-0.1372931,-0.1176798,-0.16671304,-0.14709975,-0.1372931,-0.10787315,-0.098066494,-0.16671304,-0.07845319999999999,5
-0.098066494,-0.1176798,-0.0588399,-0.15690639999999997,-0.17651969,-0.1372931,-0.1372931,-0.14709975,-0.10787315,-0.098066494,-0.10787315,-0.16671304,-0.06864655,-0.15690639999999997,-0.16671304,-0.15690639999999997,-0.1372931,-0.1176798,-0.16671304,-0.14709975,-0.1372931,-0.10787315,-0.098066494,-0.16671304,-0.07845319999999999,-0.07845319999999999,-0.10787315,-0.1176798,-0.14709975,-0.098066494,-0.098066494,-0.12748645,-0.1176798,-0.1176798,-0.12748645,-0.17651969,-0.1372931,-0.16671304,-0.12748645,-0.10787315,-0.0588399,-0.1372931,-0.15690639999999997,-0.0588399,-0.1176798,-0.1176798,-0.1372931,-0.15690639999999997,-0.16671304,-0.17651969,5
-0.07845319999999999,-0.10787315,-0.1176798,-0.14709975,-0.098066494,-0.098066494,-0.12748645,-0.1176798,-0.1176798,-0.12748645,-0.17651969,-0.1372931,-0.16671304,-0.12748645,-0.10787315,-0.0588399,-0.1372931,-0.15690639999999997,-0.0588399,-0.1176798,-0.1176798,-0.1372931,-0.15690639999999997,-0.16671304,-0.17651969,-0.16671304,-0.1176798,-0.07845319999999999,-0.049033247,-0.088259846,-0.098066494,-0.07845319999999999,-0.088259846,-0.10787315,-0.098066494,-0.10787315,-0.15690639999999997,-0.12748645,-0.12748645,-0.06864655,-0.06864655,-0.07845319999999999,-0.1176798,-0.098066494,-0.1176798,-0.15690639999999997,-0.088259846,-0.088259846,-0.10787315,-0.10787315,5
-0.16671304,-0.1176798,-0.07845319999999999,-0.049033247,-0.088259846,-0.098066494,-0.07845319999999999,-0.088259846,-0.10787315,-0.098066494,-0.10787315,-0.15690639999999997,-0.12748645,-0.12748645,-0.06864655,-0.06864655,-0.07845319999999999,-0.1176798,-0.098066494,-0.1176798,-0.15690639999999997,-0.088259846,-0.088259846,-0.10787315,-0.10787315,-0.1176798,-0.14709975,-0.1176798,-0.088259846,-0.06864655,-0.098066494,-0.049033247,-0.1176798,-0.098066494,-0.088259846,-0.07845319999999999,-0.10787315,-0.10787315,-0.1176798,-0.10787315,-0.088259846,-0.098066494,-0.1372931,-0.1176798,-0.1176798,-0.14709975,-0.10787315,-0.088259846,-0.12748645,-0.10787315,5
-0.1176798,-0.14709975,-0.1176798,-0.088259846,-0.06864655,-0.098066494,-0.049033247,-0.1176798,-0.098066494,-0.088259846,-0.07845319999999999,-0.10787315,-0.10787315,-0.1176798,-0.10787315,-0.088259846,-0.098066494,-0.1372931,-0.1176798,-0.1176798,-0.14709975,-0.10787315,-0.088259846,-0.12748645,-0.10787315,-0.1176798,-0.07845319999999999,-0.06864655,-0.098066494,-0.12748645,-0.15690639999999997,-0.15690639999999997,-0.12748645,-0.06864655,-0.088259846,-0.07845319999999999,-0.098066494,-0.098066494,-0.0588399,-0.12748645,-0.12748645,-0.1372931,-0.1372931,-0.1176798,-0.088259846,-0.098066494,-0.1176798,-0.10787315,-0.10787315,-0.06864655,5
-0.1176798,-0.07845319999999999,-0.06864655,-0.098066494,-0.12748645,-0.15690639999999997,-0.15690639999999997,-0.12748645,-0.06864655,-0.088259846,-0.07845319999999999,-0.098066494,-0.098066494,-0.0588399,-0.12748645,-0.12748645,-0.1372931,-0.1372931,-0.1176798,-0.088259846,-0.098066494,-0.1176798,-0.10787315,-0.10787315,-0.06864655,-0.1176798,-0.07845319999999999,-0.088259846,-0.10787315,-0.07845319999999999,-0.12748645,-0.10787315,-0.10787315,-0.10787315,-0.12748645,-0.06864655,-0.098066494,-0.088259846,-0.06864655,-0.1176798,-0.07845319999999999,-0.1176798,-0.06864655,-0.14709975,-0.14709975,-0.07845319999999999,-0.1176798,-0.10787315,-0.10787315,-0.07845319999999999,5
-0.1176798,-0.07845319999999999,-0.088259846,-0.10787315,-0.07845319999999999,-0.12748645,-0.10787315,-0.10787315,-0.10787315,-0.12748645,-0.06864655,-0.098066494,-0.088259846,-0.06864655,-0.1176798,-0.07845319999999999,-0.1176798,-0.06864655,-0.14709975,-0.14709975,-0.07845319999999999,-0.1176798,-0.10787315,-0.10787315,-0.07845319999999999,-0.07845319999999999,-0.088259846,-0.12748645,-0.10787315,-0.10787315,-0.07845319999999999,-0.0588399,-0.06864655,-0.06864655,-0.098066494,-0.12748645,-0.15690639999999997,-0.14709975,-0.088259846,-0.1176798,-0.06864655,-0.03922659999999999,-0.06864655,-0.07845319999999999,-0.12748645,-0.07845319999999999,-0.12748645,-0.098066494,-0.049033247,-0.10787315,5
-0.07845319999999999,-0.088259846,-0.12748645,-0.10787315,-0.10787315,-0.07845319999999999,-0.0588399,-0.06864655,-0.06864655,-0.098066494,-0.12748645,-0.15690639999999997,-0.14709975,-0.088259846,-0.1176798,-0.06864655,-0.03922659999999999,-0.06864655,-0.07845319999999999,-0.12748645,-0.07845319999999999,-0.12748645,-0.098066494,-0.049033247,-0.10787315,-0.07845319999999999,-0.0588399,-0.049033247,-0.12748645,-0.07845319999999999,-0.098066494,-0.06864655,-0.098066494,-0.0588399,-0.088259846,-0.098066494,-0.098066494,-0.088259846,-0.088259846,-0.098066494,-0.10787315,-0.098066494,-0.14709975,-0.049033247,-0.098066494,-0.1176798,-0.17651969,-0.1176798,-0.1176798,-0.088259846,5
-0.07845319999999999,-0.0588399,-0.049033247,-0.12748645,-0.07845319999999999,-0.098066494,-0.06864655,-0.098066494,-0.0588399,-0.088259846,-0.098066494,-0.098066494,-0.088259846,-0.088259846,-0.098066494,-0.10787315,-0.098066494,-0.14709975,-0.049033247,-0.098066494,-0.1176798,-0.17651969,-0.1176798,-0.1176798,-0.088259846,-0.10787315,-0.10787315,-0.06864655,-0.06864655,-0.098066494,-0.07845319999999999,-0.15690639999999997,-0.06864655,-0.07845319999999999,-0.098066494,-0.10787315,-0.088259846,-0.098066494,-0.1176798,-0.07845319999999999,-0.098066494,-0.10787315,-0.088259846,-0.10787315,-0.098066494,-0.12748645,-0.12748645,-0.06864655,-0.03922659999999999,-0.06864655,5
-0.10787315,-0.10787315,-0.06864655,-0.06864655,-0.098066494,-0.07845319999999999,-0.15690639999999997,-0.06864655,-0.07845319999999999,-0.098066494,-0.10787315,-0.088259846,-0.098066494,-0.1176798,-0.07845319999999999,-0.098066494,-0.10787315,-0.088259846,-0.10787315,-0.098066494,-0.12748645,-0.12748645,-0.06864655,-0.03922659999999999,-0.06864655,-0.049033247,-0.0588399,-0.07845319999999999,-0.088259846,-0.12748645,-0.088259846,-0.098066494,-0.0588399,-0.03922659999999999,-0.07845319999999999,-0.07845319999999999,-0.10787315,-0.088259846,-0.098066494,-0.088259846,-0.098066494,-0.1176798,-0.088259846,-0.1372931,-0.1176798,-0.049033247,-0.088259846,-0.10787315,-0.12748645,-0.1372931,5
-0.049033247,-0.0588399,-0.07845319999999999,-0.088259846,-0.12748645,-0.088259846,-0.098066494,-0.0588399,-0.03922659999999999,-0.07845319999999999,-0.07845319999999999,-0.10787315,-0.088259846,-0.098066494,-0.088259846,-0.098066494,-0.1176798,-0.088259846,-0.1372931,-0.1176798,-0.049033247,-0.088259846,-0.10787315,-0.12748645,-0.1372931,-0.12748645,-0.098066494,-0.098066494,-0.098066494,-0.10787315,-0.07845319999999999,-0.1372931,-0.088259846,-0.1372931,-0.088259846,-0.12748645,-0.10787315,-0.088259846,-0.088259846,-0.07845319999999999,-0.10787315,-0.088259846,-0.098066494,-0.098066494,-0.1176798,-0.1176798,-0.1176798,-0.07845319999999999,-0.07845319999999999,-0.088259846,5
-0.12748645,-0.098066494,-0.098066494,-0.098066494,-0.10787315,-0.07845319999999999,-0.1372931,-0.088259846,-0.1372931,-0.088259846,-0.12748645,-0.10787315,-0.088259846,-0.088259846,-0.07845319999999999,-0.10787315,-0.088259846,-0.098066494,-0.098066494,-0.1176798,-0.1176798,-0.1176798,-0.07845319999999999,-0.07845319999999999,-0.088259846,-0.0588399,-0.06864655,-0.02941995,-0.098066494,-0.049033247,-0.0588399,-0.0588399,-0.07845319999999999,-0.1176798,-0.12748645,-0.10787315,-0.14709975,-0.0588399,-0.07845319999999999,-0.03922659999999999,-0.0588399,-0.098066494,-0.10787315,-0.06864655,-0.0588399,-0.12748645,-0.088259846,-0.07845319999999999,-0.06864655,-0.03922659999999999,5
-0.0588399,-0.06864655,-0.02941995,-0.098066494,-0.049033247,-0.0588399,-0.0588399,-0.07845319999999999,-0.1176798,-0.12748645,-0.10787315,-0.14709975,-0.0588399,-0.07845319999999999,-0.03922659999999999,-0.0588399,-0.098066494,-0.10787315,-0.06864655,-0.0588399,-0.12748645,-0.088259846,-0.07845319999999999,-0.06864655,-0.03922659999999999,-0.12748645,-0.098066494,-0.1176798,-0.06864655,-0.088259846,-0.088259846,-0.14709975,-0.098066494,-0.06864655,-0.12748645,-0.10787315,-0.06864655,-0.12748645,-0.098066494,-0.088259846,-0.12748645,-0.10787315,-0.10787315,-0.07845319999999999,-0.1176798,-0.12748645,-0.10787315,-0.12748645,-0.06864655,-0.088259846,5
-0.12748645,-0.098066494,-0.1176798,-0.06864655,-0.088259846,-0.088259846,-0.14709975,-0.098066494,-0.06864655,-0.12748645,-0.10787315,-0.06864655,-0.12748645,-0.098066494,-0.088259846,-0.12748645,-0.10787315,-0.10787315,-0.07845319999999999,-0.1176798,-0.12748645,-0.10787315,-0.12748645,-0.06864655,-0.088259846,-0.098066494,-0.1176798,-0.07845319999999999,-0.088259846,-0.10787315,-0.019613299999999997,-0.10787315,-0.1176798,-0.098066494,-0.14709975,-0.14709975,-0.098066494,-0.088259846,-0.07845319999999999,-0.098066494,-0.06864655,-0.10787315,-0.1176798,-0.088259846,-0.098066494,-0.12748645,-0.1372931,-0.06864655,-0.02941995,-0.088259846,5
-0.098066494,-0.1176798,-0.07845319999999999,-0.088259846,-0.10787315,-0.019613299999999997,-0.10787315,-0.1176798,-0.098066494,-0.14709975,-0.14709975,-0.098066494,-0.088259846,-0.07845319999999999,-0.098066494,-0.06864655,-0.10787315,-0.1176798,-0.088259846,-0.098066494,-0.12748645,-0.1372931,-0.06864655,-0.02941995,-0.088259846,-0.1372931,-0.1176798,-0.12748645,-0.07845319999999999,-0.07845319999999999,-0.0588399,-0.098066494,-0.098066494,-0.07845319999999999,-0.06864655,-0.0588399,-0.02941995,-0.049033247,-0.098066494,-0.14709975,-0.10787315,-0.098066494,-0.098066494,-0.0588399,-0.0588399,-0.06864655,-0.06864655,-0.10787315,-0.088259846,-0.07845319999999999,5
-0.1372931,-0.1176798,-0.12748645,-0.07845319999999999,-0.07845319999999999,-0.0588399,-0.098066494,-0.098066494,-0.07845319999999999,-0.06864655,-0.0588399,-0.02941995,-0.049033247,-0.098066494,-0.14709975,-0.10787315,-0.098066494,-0.098066494,-0.0588399,-0.0588399,-0.06864655,-0.06864655,-0.10787315,-0.088259846,-0.07845319999999999,-0.049033247,-0.049033247,-0.07845319999999999,-0.06864655,-0.06864655,-0.1176798,-0.088259846,-0.1176798,-0.1176798,-0.088259846,-0.1176798,-0.1176798,-0.12748645,-0.1372931,-0.15690639999999997,-0.098066494,-0.10787315,-0.098066494,-0.088259846,-0.06864655,-0.088259846,-0.088259846,-0.098066494,-0.12748645,-0.12748645,5
-0.049033247,-0.049033247,-0.07845319999999999,-0.06864655,-0.06864655,-0.1176798,-0.088259846,-0.1176798,-0.1176798,-0.088259846,-0.1176798,-0.1176798,-0.12748645,-0.1372931,-0.15690639999999997,-0.098066494,-0.10787315,-0.098066494,-0.088259846,-0.06864655,-0.088259846,-0.088259846,-0.098066494,-0.12748645,-0.12748645,-0.088259846,-0.1176798,-0.1372931,-0.1176798,-0.098066494,-0.06864655,-0.088259846,-0.07845319999999999,-0.06864655,-0.10787315,-0.098066494,-0.06864655,-0.07845319999999999,-0.10787315,-0.0588399,-0.098066494,-0.0588399,-0.07845319999999999,-0.10787315,-0.12748645,-0.07845319999999999,-0.06864655,-0.07845319999999999,-0.07845319999999999,-0.1372931,5
-0.088259846,-0.1176798,-0.1372931,-0.1176798,-0.098066494,-0.06864655,-0.088259846,-0.07845319999999999,-0.06864655,-0.10787315,-0.098066494,-0.06864655,-0.07845319999999999,-0.10787315,-0.0588399,-0.098066494,-0.0588399,-0.07845319999999999,-0.10787315,-0.12748645,-0.07845319999999999,-0.06864655,-0.07845319999999999,-0.07845319999999999,-0.1372931,-0.07845319999999999,-0.07845319999999999,-0.10787315,-0.07845319999999999,-0.10787315,-0.10787315,-0.088259846,-0.1176798,-0.07845319999999999,-0.07845319999999999,-0.07845319999999999,-0.049033247,-0.049033247,-0.049033247,-0.07845319999999999,-0.0588399,-0.088259846,-0.06864655,-0.098066494,-0.0588399,-0.1176798,-0.088259846,-0.1176798,-0.098066494,-0.1176798,5
-0.07845319999999999,-0.07845319999999999,-0.10787315,-0.07845319999999999,-0.10787315,-0.10787315,-0.088259846,-0.1176798,-0.07845319999999999,-0.07845319999999999,-0.07845319999999999,-0.049033247,-0.049033247,-0.049033247,-0.07845319999999999,-0.0588399,-0.088259846,-0.06864655,-0.098066494,-0.0588399,-0.1176798,-0.088259846,-0.1176798,-0.098066494,-0.1176798,-0.088259846,-0.0588399,-0.06864655,-0.0588399,-0.088259846,-0.1176798,-0.049033247,-0.12748645,-0.098066494,-0.088259846,-0.06864655,-0.049033247,-0.06864655,-0.06864655,-0.0588399,-0.07845319999999999,-0.088259846,-0.088259846,-0.10787315,-0.098066494,-0.1176798,-0.098066494,-0.06864655,-0.0588399,-0.049033247,5
-0.088259846,-0.0588399,-0.06864655,-0.0588399,-0.088259846,-0.1176798,-0.049033247,-0.12748645,-0.098066494,-0.088259846,-0.06864655,-0.049033247,-0.06864655,-0.06864655,-0.0588399,-0.07845319999999999,-0.088259846,-0.088259846,-0.10787315,-0.098066494,-0.1176798,-0.098066494,-0.06864655,-0.0588399,-0.049033247,-0.049033247,-0.0588399,-0.03922659999999999,-0.10787315,-0.14709975,-0.088259846,-0.07845319999999999,-0.10787315,-0.07845319999999999,-0.098066494,-0.12748645,-0.088259846,-0.07845319999999999,-0.088259846,-0.049033247,-0.06864655,-0.088259846,-0.0588399,-0.06864655,-0.098066494,-0.1176798,-0.098066494,-0.07845319999999999,-0.06864655,-0.12748645,5
-0.049033247,-0.0588399,-0.03922659999999999,-0.10787315,-0.14709975,-0.088259846,-0.07845319999999999,-0.10787315,-0.07845319999999999,-0.098066494,-0.12748645,-0.088259846,-0.07845319999999999,-0.088259846,-0.049033247,-0.06864655,-0.088259846,-0.0588399,-0.06864655,-0.098066494,-0.1176798,-0.098066494,-0.07845319999999999,-0.06864655,-0.12748645,-0.1372931,-0.098066494,-0.088259846,-0.088259846,-0.088259846,-0.0588399,-0.10787315,-0.098066494,-0.10787315,-0.088259846,-0.10787315,-0.049033247,-0.02941995,-0.0588399,-0.098066494,-0.0588399,-0.10787315,-0.10787315,-0.10787315,-0.098066494,-0.1176798,-0.088259846,-0.07845319999999999,-0.06864655,-0.1176798,5
-0.1372931,-0.098066494,-0.088259846,-0.088259846,-0.088259846,-0.0588399,-0.10787315,-0.098066494,-0.10787315,-0.088259846,-0.10787315,-0.049033247,-0.02941995,-0.0588399,-0.098066494,-0.0588399,-0.10787315,-0.10787315,-0.10787315,-0.098066494,-0.1176798,-0.088259846,-0.07845319999999999,-0.06864655,-0.1176798,-0.07845319999999999,-0.07845319999999999,-0.07845319999999999,-0.1176798,-0.16671304,-0.1372931,-0.098066494,-0.049033247,-0.00980665,-0.0588399,-0.098066494,-0.0588399,-0.1176798,-0.1176798,-0.088259846,-0.07845319999999999,-0.088259846,-0.1176798,-0.098066494,-0.10787315,-0.1176798,-0.088259846,-0.07845319999999999,-0.098066494,-0.10787315,5
-0.07845319999999999,-0.07845319999999999,-0.07845319999999999,-0.1176798,-0.16671304,-0.1372931,-0.098066494,-0.049033247,-0.00980665,-0.0588399,-0.098066494,-0.0588399,-0.1176798,-0.1176798,-0.088259846,-0.07845319999999999,-0.088259846,-0.1176798,-0.098066494,-0.10787315,-0.1176798,-0.088259846,-0.07845319999999999,-0.098066494,-0.10787315,-0.1176798,-0.098066494,-0.098066494,-0.10787315,-0.06864655,-0.0588399,-0.07845319999999999,-0.098066494,-0.088259846,-0.088259846,-0.088259846,-0.06864655,-0.098066494,-0.07845319999999999,-0.088259846,-0.098066494,-0.0588399,-0.0588399,-0.098066494,-0.03922659999999999,-0.088259846,-0.12748645,-0.1176798,-0.07845319999999999,-0.098066494,5
-0.1176798,-0.098066494,-0.098066494,-0.10787315,-0.06864655,-0.0588399,-0.07845319999999999,-0.098066494,-0.088259846,-0.088259846,-0.088259846,-0.06864655,-0.098066494,-0.07845319999999999,-0.088259846,-0.098066494,-0.0588399,-0.0588399,-0.098066494,-0.03922659999999999,-0.088259846,-0.12748645,-0.1176798,-0.07845319999999999,-0.098066494,-0.10787315,-0.088259846,-0.0588399,-0.06864655,-0.098066494,-0.10787315,-0.0588399,-0.049033247,-0.049033247,-0.07845319999999999,-0.03922659999999999,-0.049033247,-0.06864655,-0.06864655,-0.03922659999999999,-0.098066494,-0.0588399,-0.10787315,-0.098066494,-0.06864655,-0.10787315,-0.10787315,-0.1176798,-0.10787315,-0.07845319999999999,5
-0.10787315,-0.088259846,-0.0588399,-0.06864655,-0.098066494,-0.10787315,-0.0588399,-0.049033247,-0.049033247,-0.07845319999999999,-0.03922659999999999,-0.049033247,-0.06864655,-0.06864655,-0.03922659999999999,-0.098066494,-0.0588399,-0.10787315,-0.098066494,-0.06864655,-0.10787315,-0.10787315,-0.1176798,-0.10787315,-0.07845319999999999,-0.07845319999999999,-0.10787315,-0.098066494,-0.098066494,-0.088259846,-0.0588399,-0.1372931,-0.12748645,-0.10787315,-0.1176798,-0.10787315,-0.06864655,-0.088259846,-0.1176798,-0.10787315,-0.088259846,-0.019613299999999997,-0.07845319999999999,-0.07845319999999999,-0.0588399,-0.07845319999999999,-0.098066494,-0.06864655,-0.1372931,-0.1176798,5
-0.07845319999999999,-0.10787315,-0.098066494,-0.098066494,-0.088259846,-0.0588399,-0.1372931,-0.12748645,-0.10787315,-0.1176798,-0.10787315,-0.06864655,-0.088259846,-0.1176798,-0.10787315,-0.088259846,-0.019613299999999997,-0.07845319999999999,-0.07845319999999999,-0.0588399,-0.07845319999999999,-0.098066494,-0.06864655,-0.1372931,-0.1176798,-0.088259846,-0.088259846,-0.06864655,-0.03922659999999999,-0.098066494,-0.0588399,-0.02941995,-0.07845319999999999,-0.0588399,-0.12748645,-0.10787315,-0.14709975,-0.088259846,-0.088259846,-0.049033247,-0.088259846,-0.07845319999999999,-0.10787315,-0.16671304,-0.06864655,-0.1372931,-0.07845319999999999,-0.088259846,-0.10787315,-0.098066494,5
-0.088259846,-0.088259846,-0.06864655,-0.03922659999999999,-0.098066494,-0.0588399,-0.02941995,-0.07845319999999999,-0.0588399,-0.12748645,-0.10787315,-0.14709975,-0.088259846,-0.088259846,-0.049033247,-0.088259846,-0.07845319999999999,-0.10787315,-0.16671304,-0.06864655,-0.1372931,-0.07845319999999999,-0.088259846,-0.10787315,-0.098066494,-0.098066494,-0.098066494,-0.06864655,-0.06864655,-0.088259846,-0.088259846,-0.14709975,-0.10787315,-0.10787315,-0.098066494,-0.07845319999999999,-0.088259846,-0.02941995,-0.07845319999999999,-0.07845319999999999,-0.098066494,-0.06864655,-0.10787315,-0.15690639999999997,-0.0588399,-0.06864655,-0.07845319999999999,-0.1176798,-0.12748645,-0.16671304,5
-0.098066494,-0.098066494,-0.06864655,-0.06864655,-0.088259846,-0.088259846,-0.14709975,-0.10787315,-0.10787315,-0.098066494,-0.07845319999999999,-0.088259846,-0.02941995,-0.07845319999999999,-0.07845319999999999,-0.098066494,-0.06864655,-0.10787315,-0.15690639999999997,-0.0588399,-0.06864655,-0.07845319999999999,-0.1176798,-0.12748645,-0.16671304,-0.14709975,-0.10787315,-0.098066494,-0.088259846,-0.1176798,-0.1176798,-0.098066494,-0.1176798,-0.07845319999999999,-0.10787315,-0.06864655,-0.0588399,-0.049033247,-0.0588399,-0.049033247,-0.10787315,-0.10787315,-0.1372931,-0.1176798,-0.1176798,-0.088259846,-0.03922659999999999,-0.06864655,-0.098066494,-0.10787315,5
-0.14709975,-0.10787315,-0.098066494,-0.088259846,-0.1176798,-0.1176798,-0.098066494,-0.1176798,-0.07845319999999999,-0.10787315,-0.06864655,-0.0588399,-0.049033247,-0.0588399,-0.049033247,-0.10787315,-0.10787315,-0.1372931,-0.1176798,-0.1176798,-0.088259846,-0.03922659999999999,-0.06864655,-0.098066494,-0.10787315,-0.1176798,-0.10787315,-0.098066494,-0.06864655,-0.088259846,-0.07845319999999999,-0.10787315,-0.10787315,-0.1372931,-0.098066494,-0.10787315,-0.088259846,-0.1176798,-0.12748645,-0.0588399,-0.07845319999999999,-0.049033247,-0.10787315,-0.06864655,-0.0588399,-0.088259846,-0.1372931,-0.098066494,-0.10787315,-0.07845319999999999,5
-0.1176798,-0.10787315,-0.098066494,-0.06864655,-0.088259846,-0.07845319999999999,-0.10787315,-0.10787315,-0.1372931,-0.098066494,-0.10787315,-0.088259846,-0.1176798,-0.12748645,-0.0588399,-0.07845319999999999,-0.049033247,-0.10787315,-0.06864655,-0.0588399,-0.088259846,-0.1372931,-0.098066494,-0.10787315,-0.07845319999999999,-0.0588399,-0.088259846,-0.07845319999999999,-0.10787315,-0.10787315,-0.06864655,-0.10787315,-0.049033247,-0.06864655,-0.06864655,-0.07845319999999999,-0.06864655,-0.098066494,-0.12748645,-0.088259846,-0.06864655,-0.10787315,-0.14709975,-0.1372931,-0.098066494,-0.049033247,-0.07845319999999999,-0.10787315,-0.07845319999999999,-0.088259846,5
-0.0588399,-0.088259846,-0.07845319999999999,-0.10787315,-0.10787315,-0.06864655,-0.10787315,-0.049033247,-0.06864655,-0.06864655,-0.07845319999999999,-0.06864655,-0.098066494,-0.12748645,-0.088259846,-0.06864655,-0.10787315,-0.14709975,-0.1372931,-0.098066494,-0.049033247,-0.07845319999999999,-0.10787315,-0.07845319999999999,-0.088259846,-0.06864655,-0.1176798,-0.10787315,-0.07845319999999999,-0.10787315,-0.098066494,-0.088259846,-0.088259846,-0.088259846,-0.049033247,-0.02941995,-0.03922659999999999,-0.098066494,-0.049033247,-0.1372931,-0.1176798,-0.098066494,-0.1176798,-0.088259846,-0.06864655,-0.088259846,-0.06864655,-0.088259846,-0.098066494,-0.06864655,5
-0.06864655,-0.1176798,-0.10787315,-0.07845319999999999,-0.10787315,-0.098066494,-0.088259846,-0.088259846,-0.088259846,-0.049033247,-0.02941995,-0.03922659999999999,-0.098066494,-0.049033247,-0.1372931,-0.1176798,-0.098066494,-0.1176798,-0.088259846,-0.06864655,-0.088259846,-0.06864655,-0.088259846,-0.098066494,-0.06864655,-0.098066494,-0.098066494,-0.07845319999999999,-0.02941995,-0.07845319999999999,-0.0588399,-0.14709975,-0.14709975,-0.12748645,-0.1372931,-0.06864655,-0.1372931,-0.07845319999999999,-0.12748645,-0.1176798,-0.14709975,-0.1372931,-0.10787315,-0.1372931,-0.12748645,-0.12748645,-0.1372931,-0.1176798,-0.10787315,-0.14709975,5
-0.098066494,-0.098066494,-0.07845319999999999,-0.02941995,-0.07845319999999999,-0.0588399,-0.14709975,-0.14709975,-0.12748645,-0.1372931,-0.06864655,-0.1372931,-0.07845319999999999,-0.12748645,-0.1176798,-0.14709975,-0.1372931,-0.10787315,-0.1372931,-0.12748645,-0.12748645,-0.1372931,-0.1176798,-0.10787315,-0.14709975,-0.098066494,-0.098066494,-0.098066494,-0.07845319999999999,-0.088259846,-0.07845319999999999,-0.10787315,-0.10787315,-0.10787315,-0.02941995,-0.10787315,-0.07845319999999999,-0.098066494,-0.1176798,-0.088259846,-0.0588399,-0.03922659999999999,-0.06864655,-0.098066494,-0.098066494,-0.098066494,-0.049033247,-0.10787315,-0.06864655,-0.049033247,5
-0.098066494,-0.098066494,-0.098066494,-0.07845319999999999,-0.088259846,-0.07845319999999999,-0.10787315,-0.10787315,-0.10787315,-0.02941995,-0.10787315,-0.07845319999999999,-0.098066494,-0.1176798,-0.088259846,-0.0588399,-0.03922659999999999,-0.06864655,-0.098066494,-0.098066494,-0.098066494,-0.049033247,-0.10787315,-0.06864655,-0.049033247,-0.06864655,-0.088259846,-0.0588399,-0.07845319999999999,-0.1176798,-0.10787315,-0.088259846,-0.1372931,-0.1176798,-0.0588399,-0.098066494,-0.1372931,-0.1176798,-0.098066494,-0.07845319999999999,-0.06864655,-0.07845319999999999,-0.088259846,-0.098066494,-0.098066494,-0.12748645,-0.1372931,-0.14709975,-0.12748645,-0.088259846,5
-0.06864655,-0.088259846,-0.0588399,-0.07845319999999999,-0.1176798,-0.10787315,-0.088259846,-0.1372931,-0.1176798,-0.0588399,-0.098066494,-0.1372931,-0.1176798,-0.098066494,-0.07845319999999999,-0.06864655,-0.07845319999999999,-0.088259846,-0.098066494,-0.098066494,-0.12748645,-0.1372931,-0.14709975,-0.12748645,-0.088259846,-0.07845319999999999,-0.098066494,-0.10787315,-0.10787315,-0.088259846,-0.1176798,-0.088259846,-0.10787315,-0.0588399,-0.10787315,-0.06864655,-0.10787315,-0.098066494,-0.0588399,-0.0588399,-0.03922659999999999,-0.10787315,-0.1176798,-0.098066494,-0.10787315,-0.12748645,-0.098066494,-0.1372931,-0.06864655,-0.02941995,5
-0.07845319999999999,-0.098066494,-0.10787315,-0.10787315,-0.088259846,-0.1176798,-0.088259846,-0.10787315,-0.0588399,-0.10787315,-0.06864655,-0.10787315,-0.098066494,-0.0588399,-0.0588399,-0.03922659999999999,-0.10787315,-0.1176798,-0.098066494,-0.10787315,-0.12748645,-0.098066494,-0.1372931,-0.06864655,-0.02941995,-0.03922659999999999,-0.02941995,-0.07845319999999999,-0.07845319999999999,-0.1176798,-0.098066494,-0.10787315,-0.10787315,-0.07845319999999999,-0.088259846,-0.098066494,-0.088259846,-0.12748645,-0.10787315,-0.10787315,-0.07845319999999999,-0.049033247,-0.06864655,-0.1176798,-0.1372931,-0.1176798,-0.1176798,-0.088259846,-0.10787315,-0.07845319999999999,5
-0.03922659999999999,-0.02941995,-0.07845319999999999,-0.07845319999999999,-0.1176798,-0.098066494,-0.10787315,-0.10787315,-0.07845319999999999,-0.088259846,-0.098066494,-0.088259846,-0.12748645,-0.10787315,-0.10787315,-0.07845319999999999,-0.049033247,-0.06864655,-0.1176798,-0.1372931,-0.1176798,-0.1176798,-0.088259846,-0.10787315,-0.07845319999999999,-0.098066494,-0.07845319999999999,-0.06864655,-0.1176798,-0.1176798,-0.07845319999999999,-0.07845319999999999,-0.07845319999999999,-0.07845319999999999,-0.0588399,-0.07845319999999999,-0.098066494,-0.10787315,-0.07845319999999999,-0.049033247,-0.02941995,-0.02941995,-0.06864655,-0.06864655,-0.03922659999999999,-0.049033247,-0.03922659999999999,-0.049033247,-0.03922659999999999,-0.019613299999999997,5
-0.098066494,-0.07845319999999999,-0.06864655,-0.1176798,-0.1176798,-0.07845319999999999,-0.07845319999999999,-0.07845319999999999,-0.07845319999999999,-0.0588399,-0.07845319999999999,-0.098066494,-0.10787315,-0.07845319999999999,-0.049033247,-0.02941995,-0.02941995,-0.06864655,-0.06864655,-0.03922659999999999,-0.049033247,-0.03922659999999999,-0.049033247,-0.03922659999999999,-0.019613299999999997,-0.00980665,-0.049033247,-0.02941995,-0.02941995,-0.049033247,-0.03922659999999999,-0.00980665,-0.03922659999999999,-0.06864655,-0.02941995,-0.02941995,-0.088259846,-0.07845319999999999,-0.0588399,-0.07845319999999999,-0.049033247,-0.02941995,-0.00980665,-0.019613299999999997,-0.098066494,-0.02941995,-0.06864655,-0.0588399,-0.02941995,-0.07845319999999999,5
-0.00980665,-0.049033247,-0.02941995,-0.02941995,-0.049033247,-0.03922659999999999,-0.00980665,-0.03922659999999999,-0.06864655,-0.02941995,-0.02941995,-0.088259846,-0.07845319999999999,-0.0588399,-0.07845319999999999,-0.049033247,-0.02941995,-0.00980665,-0.019613299999999997,-0.098066494,-0.02941995,-0.06864655,-0.0588399,-0.02941995,-0.07845319999999999,-0.088259846,-0.06864655,-0.02941995,-0.02941995,-0.03922659999999999,-0.049033247,-0.07845319999999999,-0.019613299999999997,-0.02941995,-0.02941995,-0.07845319999999999,-0.098066494,-0.10787315,-0.06864655,-0.06864655,-0.10787315,-0.049033247,-0.06864655,-0.06864655,-0.14709975,-0.098066494,-0.06864655,-0.049033247,-0.06864655,-0.06864655,5
-0.088259846,-0.06864655,-0.02941995,-0.02941995,-0.03922659999999999,-0.049033247,-0.07845319999999999,-0.019613299999999997,-0.02941995,-0.02941995,-0.07845319999999999,-0.098066494,-0.10787315,-0.06864655,-0.06864655,-0.10787315,-0.049033247,-0.06864655,-0.06864655,-0.14709975,-0.098066494,-0.06864655,-0.049033247,-0.06864655,-0.06864655,-0.098066494,-0.049033247,-0.02941995,-0.07845319999999999,-0.098066494,-0.098066494,-0.0588399,-0.0588399,-0.088259846,-0.07845319999999999,-0.0588399,-0.098066494,-0.088259846,-0.10787315,-0.02941995,-0.088259846,-0.098066494,-0.0588399,-0.06864655,-0.06864655,-0.10787315,-0.06864655,-0.098066494,-0.10787315,-0.12748645,5
-0.098066494,-0.049033247,-0.02941995,-0.07845319999999999,-0.098066494,-0.098066494,-0.0588399,-0.0588399,-0.088259846,-0.07845319999999999,-0.0588399,-0.098066494,-0.088259846,-0.10787315,-0.02941995,-0.088259846,-0.098066494,-0.0588399,-0.06864655,-0.06864655,-0.10787315,-0.06864655,-0.098066494,-0.10787315,-0.12748645,-0.07845319999999999,-0.10787315,-0.049033247,-0.06864655,-0.1372931,-0.098066494,-0.10787315,-0.088259846,-0.07845319999999999,-0.07845319999999999,-0.06864655,-0.088259846,-0.16671304,-0.1176798,-0.10787315,-0.16671304,-0.12748645,-0.1176798,-0.06864655,-0.0588399,-0.10787315,-0.03922659999999999,-0.0588399,-0.088259846,-0.049033247,5
-0.07845319999999999,-0.10787315,-0.049033247,-0.06864655,-0.1372931,-0.098066494,-0.10787315,-0.088259846,-0.07845319999999999,-0.07845319999999999,-0.06864655,-0.088259846,-0.16671304,-0.1176798,-0.10787315,-0.16671304,-0.12748645,-0.1176798,-0.06864655,-0.0588399,-0.10787315,-0.03922659999999999,-0.0588399,-0.088259846,-0.049033247,-0.07845319999999999,-0.088259846,-0.049033247,-0.12748645,-0.03922659999999999,-0.07845319999999999,-0.07845319999999999,-0.088259846,-0.12748645,-0.06864655,-0.06864655,-0.088259846,-0.098066494,-0.098066494,-0.0588399,-0.07845319999999999,-0.1176798,-0.14709975,-0.098066494,-0.12748645,-0.088259846,-0.1176798,-0.088259846,-0.0588399,-0.07845319999999999,5
-0.07845319999999999,-0.088259846,-0.049033247,-0.12748645,-0.03922659999999999,-0.07845319999999999,-0.07845319999999999,-0.088259846,-0.12748645,-0.06864655,-0.06864655,-0.088259846,-0.098066494,-0.098066494,-0.0588399,-0.07845319999999999,-0.1176798,-0.14709975,-0.098066494,-0.12748645,-0.088259846,-0.1176798,-0.088259846,-0.0588399,-0.07845319999999999,-0.088259846,-0.12748645,-0.10787315,-0.098066494,-0.10787315,-0.10787315,-0.10787315,-0.088259846,-0.098066494,-0.098066494,-0.10787315,-0.10787315,-0.07845319999999999,-0.12748645,-0.098066494,-0.10787315,-0.10787315,-0.1372931,-0.10787315,-0.10787315,-0.14709975,-0.1372931,-0.12748645,-0.15690639999999997,-0.12748645,5
-0.088259846,-0.12748645,-0.10787315,-0.098066494,-0.10787315,-0.10787315,-0.10787315,-0.088259846,-0.098066494,-0.098066494,-0.10787315,-0.10787315,-0.07845319999999999,-0.12748645,-0.098066494,-0.10787315,-0.10787315,-0.1372931,-0.10787315,-0.10787315,-0.14709975,-0.1372931,-0.12748645,-0.15690639999999997,-0.12748645,-0.07845319999999999,-0.07845319999999999,-0.1176798,-0.1176798,-0.15690639999999997,-0.1176798,-0.14709975,-0.17651969,-0.17651969,-0.12748645,-0.10787315,-0.12748645,-0.12748645,-0.088259846,-0.12748645,-0.10787315,-0.088259846,-0.1372931,-0.1372931,-0.14709975,-0.1372931,-0.1372931,-0.098066494,-0.07845319999999999,-0.1372931,5
-0.07845319999999999,-0.07845319999999999,-0.1176798,-0.1176798,-0.15690639999999997,-0.1176798,-0.14709975,-0.17651969,-0.17651969,-0.12748645,-0.10787315,-0.12748645,-0.12748645,-0.088259846,-0.12748645,-0.10787315,-0.088259846,-0.1372931,-0.1372931,-0.14709975,-0.1372931,-0.1372931,-0.098066494,-0.07845319999999999,-0.1372931,-0.14709975,-0.17651969,-0.17651969,-0.14709975,-0.15690639999999997,-0.088259846,-0.06864655,-0.06864655,-0.10787315,-0.12748645,-0.1176798,-0.12748645,-0.098066494,-0.07845319999999999,-0.10787315,-0.088259846,-0.12748645,-0.12748645,-0.10787315,-0.17651969,-0.10787315,-0.1176798,-0.12748645,-0.0588399,-0.088259846,5
-0.14709975,-0.17651969,-0.17651969,-0.14709975,-0.15690639999999997,-0.088259846,-0.06864655,-0.06864655,-0.10787315,-0.12748645,-0.1176798,-0.12748645,-0.098066494,-0.07845319999999999,-0.10787315,-0.088259846,-0.12748645,-0.12748645,-0.10787315,-0.17651969,-0.10787315,-0.1176798,-0.12748645,-0.0588399,-0.088259846,-0.12748645,-0.088259846,-0.1176798,-0.10787315,-0.10787315,-0.1372931,-0.07845319999999999,-0.1176798,-0.088259846,-0.07845319999999999,-0.07845319999999999,-0.088259846,-0.1372931,-0.07845319999999999,-0.12748645,-0.10787315,-0.1176798,-0.1176798,-0.03922659999999999,-0.098066494,-0.06864655,-0.088259846,-0.0588399,-0.03922659999999999,-0.07845319999999999,5
-0.12748645,-0.088259846,-0.1176798,-0.10787315,-0.10787315,-0.1372931,-0.07845319999999999,-0.1176798,-0.088259846,-0.07845319999999999,-0.07845319999999999,-0.088259846,-0.1372931,-0.07845319999999999,-0.12748645,-0.10787315,-0.1176798,-0.1176798,-0.03922659999999999,-0.098066494,-0.06864655,-0.088259846,-0.0588399,-0.03922659999999999,-0.07845319999999999,-0.12748645,-0.15690639999999997,-0.15690639999999997,-0.1372931,-0.10787315,-0.088259846,-0.0588399,-0.07845319999999999,-0.1372931,-0.1372931,-0.088259846,-0.098066494,-0.049033247,-0.088259846,-0.03922659999999999,-0.10787315,-0.06864655,-0.098066494,-0.10787315,-0.088259846,-0.098066494,-0.098066494,-0.088259846,-0.088259846,-0.088259846,5
-0.12748645,-0.15690639999999997,-0.15690639999999997,-0.1372931,-0.10787315,-0.088259846,-0.0588399,-0.07845319999999999,-0.1372931,-0.1372931,-0.088259846,-0.098066494,-0.049033247,-0.088259846,-0.03922659999999999,-0.10787315,-0.06864655,-0.098066494,-0.10787315,-0.088259846,-0.098066494,-0.098066494,-0.088259846,-0.088259846,-0.088259846,-0.088259846,-0.07845319999999999,-0.1176798,-0.10787315,-0.06864655,-0.049033247,-0.07845319999999999,-0.0588399,-0.06864655,-0.03922659999999999,-0.049033247,-0.0588399,-0.06864655,-0.03922659999999999,-0.088259846,-0.07845319999999999,-0.049033247,-0.07845319999999999,-0.0588399,-0.10787315,-0.088259846,-0.07845319999999999,-0.07845319999999999,-0.14709975,-0.098066494,5
-0.088259846,-0.07845319999999999,-0.1176798,-0.10787315,-0.06864655,-0.049033247,-0.07845319999999999,-0.0588399,-0.06864655,-0.03922659999999999,-0.049033247,-0.0588399,-0.06864655,-0.03922659999999999,-0.088259846,-0.07845319999999999,-0.049033247,-0.07845319999999999,-0.0588399,-0.10787315,-0.088259846,-0.07845319999999999,-0.07845319999999999,-0.14709975,-0.098066494,-0.10787315,-0.10787315,-0.10787315,-0.10787315,-0.12748645,-0.1176798,-0.1372931,-0.1176798,-0.07845319999999999,-0.07845319999999999,-0.15690639999999997,-0.1176798,-0.098066494,-0.098066494,-0.088259846,-0.10787315,-0.12748645,-0.1176798,-0.15690639999999997,-0.10787315,-0.14709975,-0.10787315,-0.12748645,-0.10787315,-0.0588399,5
-0.10787315,-0.10787315,-0.10787315,-0.10787315,-0.12748645,-0.1176798,-0.1372931,-0.1176798,-0.07845319999999999,-0.07845319999999999,-0.15690639999999997,-0.1176798,-0.098066494,-0.098066494,-0.088259846,-0.10787315,-0.12748645,-0.1176798,-0.15690639999999997,-0.10787315,-0.14709975,-0.10787315,-0.12748645,-0.10787315,-0.0588399,-0.1372931,-0.088259846,-0.088259846,-0.17651969,-0.1372931,-0.1372931,-0.098066494,-0.1372931,-0.12748645,-0.1176798,-0.098066494,-0.15690639999999997,-0.1176798,-0.14709975,-0.14709975,-0.10787315,-0.088259846,-0.1176798,-0.1176798,-0.088259846,-0.088259846,-0.088259846,-0.1176798,-0.07845319999999999,-0.12748645,5
-0.1372931,-0.088259846,-0.088259846,-0.17651969,-0.1372931,-0.1372931,-0.098066494,-0.1372931,-0.12748645,-0.1176798,-0.098066494,-0.15690639999999997,-0.1176798,-0.14709975,-0.14709975,-0.10787315,-0.088259846,-0.1176798,-0.1176798,-0.088259846,-0.088259846,-0.088259846,-0.1176798,-0.07845319999999999,-0.12748645,-0.098066494,-0.10787315,-0.10787315,-0.098066494,-0.1372931,-0.1176798,-0.14709975,-0.12748645,-0.10787315,-0.098066494,-0.00980665,-0.02941995,-0.0588399,-0.06864655,-0.098066494,-0.15690639999999997,-0.15690639999999997,-0.15690639999999997,-0.17651969,-0.14709975,-0.16671304,-0.15690639999999997,-0.1176798,-0.07845319999999999,-0.03922659999999999,5
-0.098066494,-0.10787315,-0.10787315,-0.098066494,-0.1372931,-0.1176798,-0.14709975,-0.12748645,-0.10787315,-0.098066494,-0.00980665,-0.02941995,-0.0588399,-0.06864655,-0.098066494,-0.15690639999999997,-0.15690639999999997,-0.15690639999999997,-0.17651969,-0.14709975,-0.16671304,-0.15690639999999997,-0.1176798,-0.07845319999999999,-0.03922659999999999,-0.1372931,-0.1372931,-0.15690639999999997,-0.20593965,-0.12748645,-0.1176798,-0.088259846,-0.10787315,-0.1176798,-0.12748645,-0.12748645,-0.088259846,-0.1372931,-0.1176798,-0.06864655,-0.07845319999999999,-0.098066494,-0.07845319999999999,-0.06864655,-0.06864655,-0.02941995,-0.10787315,-0.06864655,-0.049033247,-0.049033247,5
-0.1372931,-0.1372931,-0.15690639999999997,-0.20593965,-0.12748645,-0.1176798,-0.088259846,-0.10787315,-0.1176798,-0.12748645,-0.12748645,-0.088259846,-0.1372931,-0.1176798,-0.06864655,-0.07845319999999999,-0.098066494,-0.07845319999999999,-0.06864655,-0.06864655,-0.02941995,-0.10787315,-0.06864655,-0.049033247,-0.049033247,-0.088259846,-0.10787315,-0.07845319999999999,-0.088259846,-0.02941995,-0.07845319999999999,-0.10787315,-0.098066494,-0.07845319999999999,-0.06864655,-0.07845319999999999,-0.0588399,-0.07845319999999999,-0.0588399,-0.15690639999999997,-0.098066494,-0.088259846,-0.088259846,-0.049033247,-0.03922659999999999,-0.098066494,-0.10787315,-0.10787315,-0.06864655,-0.1176798,5
-0.088259846,-0.10787315,-0.07845319999999999,-0.088259846,-0.02941995,-0.07845319999999999,-0.10787315,-0.098066494,-0.07845319999999999,-0.06864655,-0.07845319999999999,-0.0588399,-0.07845319999999999,-0.0588399,-0.15690639999999997,-0.098066494,-0.088259846,-0.088259846,-0.049033247,-0.03922659999999999,-0.098066494,-0.10787315,-0.10787315,-0.06864655,-0.1176798,-0.088259846,-0.1372931,-0.10787315,-0.049033247,-0.06864655,-0.019613299999999997,-0.0588399,-0.019613299999999997,-0.0588399,-0.07845319999999999,-0.12748645,-0.10787315,-0.12748645,-0.07845319999999999,-0.098066494,-0.06864655,-0.07845319999999999,-0.06864655,-0.088259846,-0.10787315,-0.06864655,-0.1176798,-0.06864655,-0.14709975,-0.07845319999999999,5
-0.088259846,-0.1372931,-0.10787315,-0.049033247,-0.06864655,-0.019613299999999997,-0.0588399,-0.019613299999999997,-0.0588399,-0.07845319999999999,-0.12748645,-0.10787315,-0.12748645,-0.07845319999999999,-0.098066494,-0.06864655,-0.07845319999999999,-0.06864655,-0.088259846,-0.10787315,-0.06864655,-0.1176798,-0.06864655,-0.14709975,-0.07845319999999999,-0.06864655,-0.06864655,-0.06864655,-0.06864655,-0.0588399,-0.0588399,-0.10787315,-0.10787315,-0.1176798,-0.10787315,-0.1372931,-0.03922659999999999,-0.06864655,-0.088259846,-0.098066494,-0.049033247,-0.12748645,-0.12748645,-0.098066494,-0.07845319999999999,-0.0588399,-0.0588399,-0.0588399,-0.07845319999999999,-0.098066494,5
-0.06864655,-0.06864655,-0.06864655,-0.06864655,-0.0588399,-0.0588399,-0.10787315,-0.10787315,-0.1176798,-0.10787315,-0.1372931,-0.03922659999999999,-0.06864655,-0.088259846,-0.098066494,-0.049033247,-0.12748645,-0.12748645,-0.098066494,-0.07845319999999999,-0.0588399,-0.0588399,-0.0588399,-0.07845319999999999,-0.098066494,-0.088259846,-0.07845319999999999,-0.07845319999999999,-0.06864655,-0.0588399,-0.0588399,-0.07845319999999999,-0.07845319999999999,-0.10787315,-0.1176798,-0.02941995,-0.10787315,-0.1372931,-0.1176798,-0.088259846,-0.03922659999999999,-0.10787315,-0.06864655,-0.098066494,-0.10787315,-0.07845319999999999,-0.088259846,-0.098066494,-0.098066494,-0.098066494,5
-0.088259846,-0.07845319999999999,-0.07845319999999999,-0.06864655,-0.0588399,-0.0588399,-0.07845319999999999,-0.07845319999999999,-0.10787315,-0.1176798,-0.02941995,-0.10787315,-0.1372931,-0.1176798,-0.088259846,-0.03922659999999999,-0.10787315,-0.06864655,-0.098066494,-0.10787315,-0.07845319999999999,-0.088259846,-0.098066494,-0.098066494,-0.098066494,-0.1372931,-0.12748645,-0.06864655,-0.088259846,-0.088259846,-0.098066494,-0.088259846,-0.088259846,-0.10787315,-0.098066494,-0.10787315,-0.049033247,-0.1176798,-0.098066494,-0.1176798,-0.088259846,-0.12748645,-0.07845319999999999,-0.14709975,-0.06864655,-0.07845319999999999,-0.088259846,-0.12748645,-0.1372931,-0.088259846,5
-0.1372931,-0.12748645,-0.06864655,-0.088259846,-0.088259846,-0.098066494,-0.088259846,-0.088259846,-0.10787315,-0.098066494,-0.10787315,-0.049033247,-0.1176798,-0.098066494,-0.1176798,-0.088259846,-0.12748645,-0.07845319999999999,-0.14709975,-0.06864655,-0.07845319999999999,-0.088259846,-0.12748645,-0.1372931,-0.088259846,-0.12748645,-0.10787315,-0.098066494,-0.06864655,-0.0588399,-0.07845319999999999,-0.07845319999999999,-0.1372931,-0.15690639999999997,-0.1372931,-0.12748645,-0.07845319999999999,-0.088259846,-0.06864655,-0.1176798,-0.10787315,-0.1176798,-0.14709975,-0.10787315,-0.12748645,-0.10787315,-0.088259846,-0.12748645,-0.0588399,-0.12748645,5
-0.12748645,-0.10787315,-0.098066494,-0.06864655,-0.0588399,-0.07845319999999999,-0.07845319999999999,-0.1372931,-0.15690639999999997,-0.1372931,-0.12748645,-0.07845319999999999,-0.088259846,-0.06864655,-0.1176798,-0.10787315,-0.1176798,-0.14709975,-0.10787315,-0.12748645,-0.10787315,-0.088259846,-0.12748645,-0.0588399,-0.12748645,-0.088259846,-0.12748645,-0.10787315,-0.098066494,-0.10787315,-0.088259846,-0.06864655,-0.088259846,-0.06864655,-0.098066494,-0.1176798,-0.16671304,-0.12748645,-0.14709975,-0.1176798,-0.1176798,-0.088259846,-0.1176798,-0.10787315,-0.1176798,-0.098066494,-0.088259846,-0.098066494,-0.088259846,-0.098066494,5
-0.088259846,-0.12748645,-0.10787315,-0.098066494,-0.10787315,-0.088259846,-0.06864655,-0.088259846,-0.06864655,-0.098066494,-0.1176798,-0.16671304,-0.12748645,-0.14709975,-0.1176798,-0.1176798,-0.088259846,-0.1176798,-0.10787315,-0.1176798,-0.098066494,-0.088259846,-0.098066494,-0.088259846,-0.098066494,-0.098066494,-0.088259846,-0.1372931,-0.098066494,-0.088259846,-0.06864655,-0.1176798,-0.049033247,-0.1176798,-0.098066494,-0.049033247,-0.049033247,-0.07845319999999999,-0.07845319999999999,-0.098066494,-0.088259846,-0.088259846,-0.07845319999999999,-0.1176798,-0.06864655,-0.10787315,-0.1176798,-0.088259846,-0.12748645,-0.1372931,5
-0.098066494,-0.088259846,-0.1372931,-0.098066494,-0.088259846,-0.06864655,-0.1176798,-0.049033247,-0.1176798,-0.098066494,-0.049033247,-0.049033247,-0.07845319999999999,-0.07845319999999999,-0.098066494,-0.088259846,-0.088259846,-0.07845319999999999,-0.1176798,-0.06864655,-0.10787315,-0.1176798,-0.088259846,-0.12748645,-0.1372931,-0.12748645,-0.10787315,-0.1372931,-0.1176798,-0.06864655,-0.049033247,-0.088259846,-0.00980665,-0.019613299999999997,-0.06864655,-0.098066494,-0.10787315,-0.14709975,-0.10787315,-0.098066494,-0.088259846,-0.10787315,-0.098066494,-0.098066494,-0.088259846,-0.10787315,-0.15690639999999997,-0.12748645,-0.15690639999999997,-0.1176798,5
-0.12748645,-0.10787315,-0.1372931,-0.1176798,-0.06864655,-0.049033247,-0.088259846,-0.00980665,-0.019613299999999997,-0.06864655,-0.098066494,-0.10787315,-0.14709975,-0.10787315,-0.098066494,-0.088259846,-0.10787315,-0.098066494,-0.098066494,-0.088259846,-0.10787315,-0.15690639999999997,-0.12748645,-0.15690639999999997,-0.1176798,-0.088259846,-0.07845319999999999,-0.1372931,-0.1176798,-0.088259846,-0.06864655,-0.098066494,-0.088259846,-0.07845319999999999,-0.098066494,-0.098066494,-0.1176798,-0.088259846,-0.10787315,-0.088259846,-0.15690639999999997,-0.1176798,-0.0588399,-0.049033247,-0.07845319999999999,-0.098066494,-0.12748645,-0.07845319999999999,-0.10787315,-0.12748645,5
-0.088259846,-0.07845319999999999,-0.1372931,-0.1176798,-0.088259846,-0.06864655,-0.098066494,-0.088259846,-0.07845319999999999,-0.098066494,-0.098066494,-0.1176798,-0.088259846,-0.10787315,-0.088259846,-0.15690639999999997,-0.1176798,-0.0588399,-0.049033247,-0.07845319999999999,-0.098066494,-0.12748645,-0.07845319999999999,-0.10787315,-0.12748645,-0.12748645,-0.06864655,-0.1176798,-0.0588399,-0.049033247,-0.098066494,-0.07845319999999999,-0.06864655,-0.098066494,-0.098066494,-0.088259846,-0.1176798,-0.098066494,-0.0588399,-0.0588399,-0.10787315,-0.1176798,-0.088259846,-0.1176798,-0.12748645,-0.098066494,-0.088259846,-0.0588399,-0.049033247,-0.0588399,5
-0.12748645,-0.06864655,-0.1176798,-0.0588399,-0.049033247,-0.098066494,-0.07845319999999999,-0.06864655,-0.098066494,-0.098066494,-0.088259846,-0.1176798,-0.098066494,-0.0588399,-0.0588399,-0.10787315,-0.1176798,-0.088259846,-0.1176798,-0.12748645,-0.098066494,-0.088259846,-0.0588399,-0.049033247,-0.0588399,-0.1176798,-0.12748645,-0.12748645,-0.088259846,-0.06864655,-0.10787315,-0.098066494,-0.12748645,-0.1176798,-0.098066494,-0.07845319999999999,-0.10787315,-0.088259846,-0.098066494,-0.088259846,-0.0588399,-0.1176798,-0.098066494,-0.088259846,-0.098066494,-0.07845319999999999,-0.049033247,-0.07845319999999999,-0.12748645,-0.019613299999999997,5
-0.1176798,-0.12748645,-0.12748645,-0.088259846,-0.06864655,-0.10787315,-0.098066494,-0.12748645,-0.1176798,-0.098066494,-0.07845319999999999,-0.10787315,-0.088259846,-0.098066494,-0.088259846,-0.0588399,-0.1176798,-0.098066494,-0.088259846,-0.098066494,-0.07845319999999999,-0.049033247,-0.07845319999999999,-0.12748645,-0.019613299999999997,-0.06864655,-0.098066494,-0.1176798,-0.10787315,-0.088259846,-0.1176798,-0.088259846,-0.088259846,-0.049033247,-0.049033247,-0.049033247,-0.098066494,-0.088259846,-0.10787315,-0.12748645,-0.088259846,-0.098066494,-0.07845319999999999,-0.088259846,-0.098066494,-0.06864655,-0.098066494,-0.10787315,-0.088259846,-0.12748645,5
-0.06864655,-0.098066494,-0.1176798,-0.10787315,-0.088259846,-0.1176798,-0.088259846,-0.088259846,-0.049033247,-0.049033247,-0.049033247,-0.098066494,-0.088259846,-0.10787315,-0.12748645,-0.088259846,-0.098066494,-0.07845319999999999,-0.088259846,-0.098066494,-0.06864655,-0.098066494,-0.10787315,-0.088259846,-0.12748645,-0.07845319999999999,-0.1176798,-0.10787315,-0.098066494,-0.088259846,-0.07845319999999999,-0.098066494,-0.098066494,-0.12748645,-0.098066494,-0.088259846,-0.06864655,-0.0588399,-0.0588399,-0.06864655,-0.07845319999999999,-0.088259846,-0.10787315,-0.10787315,-0.07845319999999999,-0.088259846,-0.088259846,-0.07845319999999999,-0.1372931,-0.049033247,5
-0.07845319999999999,-0.1176798,-0.10787315,-0.098066494,-0.088259846,-0.07845319999999999,-0.098066494,-0.098066494,-0.12748645,-0.098066494,-0.088259846,-0.06864655,-0.0588399,-0.0588399,-0.06864655,-0.07845319999999999,-0.088259846,-0.10787315,-0.10787315,-0.07845319999999999,-0.088259846,-0.088259846,-0.07845319999999999,-0.1372931,-0.049033247,-0.10787315,-0.088259846,-0.07845319999999999,-0.088259846,-0.06864655,-0.098066494,-0.1176798,-0.10787315,-0.06864655,-0.098066494,-0.098066494,-0.1176798,-0.098066494,-0.06864655,-0.0588399,-0.06864655,-0.019613299999999997,-0.088259846,-0.1176798,-0.07845319999999999,-0.0588399,-0.06864655,-0.10787315,-0.088259846,-0.10787315,5
-0.10787315,-0.088259846,-0.07845319999999999,-0.088259846,-0.06864655,-0.098066494,-0.1176798,-0.10787315,-0.06864655,-0.098066494,-0.098066494,-0.1176798,-0.098066494,-0.06864655,-0.0588399,-0.06864655,-0.019613299999999997,-0.088259846,-0.1176798,-0.07845319999999999,-0.0588399,-0.06864655,-0.10787315,-0.088259846,-0.10787315,-0.088259846,-0.1176798,-0.1372931,-0.1176798,-0.098066494,-0.049033247,-0.098066494,-0.10787315,-0.049033247,-0.10787315,-0.10787315,-0.088259846,-0.12748645,-0.07845319999999999,-0.07845319999999999,-0.12748645,-0.088259846,-0.06864655,-0.1176798,-0.10787315,-0.1176798,-0.1176798,-0.16671304,-0.1372931,-0.06864655,5
-0.088259846,-0.1176798,-0.1372931,-0.1176798,-0.098066494,-0.049033247,-0.098066494,-0.10787315,-0.049033247,-0.10787315,-0.10787315,-0.088259846,-0.12748645,-0.07845319999999999,-0.07845319999999999,-0.12748645,-0.088259846,-0.06864655,-0.1176798,-0.10787315,-0.1176798,-0.1176798,-0.16671304,-0.1372931,-0.06864655,-0.07845319999999999,-0.03922659999999999,-0.03922659999999999,-0.098066494,-0.06864655,-0.1176798,-0.098066494,-0.12748645,-0.06864655,-0.10787315,-0.088259846,-0.1176798,-0.098066494,-0.12748645,-0.06864655,-0.07845319999999999,-0.1176798,-0.06864655,-0.088259846,-0.10787315,-0.07845319999999999,-0.10787315,-0.07845319999999999,-0.088259846,-0.049033247,5
-0.07845319999999999,-0.03922659999999999,-0.03922659999999999,-0.098066494,-0.06864655,-0.1176798,-0.098066494,-0.12748645,-0.06864655,-0.10787315,-0.088259846,-0.1176798,-0.098066494,-0.12748645,-0.06864655,-0.07845319999999999,-0.1176798,-0.06864655,-0.088259846,-0.10787315,-0.07845319999999999,-0.10787315,-0.07845319999999999,-0.088259846,-0.049033247,-0.07845319999999999,-0.02941995,-0.03922659999999999,-0.07845319999999999,-0.02941995,-0.0588399,-0.0588399,-0.07845319999999999,-0.14709975,-0.12748645,-0.12748645,-0.06864655,-0.10787315,-0.098066494,-0.06864655,-0.1176798,-0.06864655,-0.12748645,-0.14709975,-0.06864655,-0.1372931,-0.098066494,-0.07845319999999999,-0.1176798,-0.14709975,5
-0.07845319999999999,-0.02941995,-0.03922659999999999,-0.07845319999999999,-0.02941995,-0.0588399,-0.0588399,-0.07845319999999999,-0.14709975,-0.12748645,-0.12748645,-0.06864655,-0.10787315,-0.098066494,-0.06864655,-0.1176798,-0.06864655,-0.12748645,-0.14709975,-0.06864655,-0.1372931,-0.098066494,-0.07845319999999999,-0.1176798,-0.14709975,-0.10787315,-0.06864655,-0.14709975,-0.088259846,-0.07845319999999999,-0.12748645,-0.1176798,-0.10787315,-0.1372931,-0.12748645,-0.07845319999999999,-0.0588399,-0.07845319999999999,-0.0588399,-0.1176798,-0.1176798,-0.1372931,-0.14709975,-0.1176798,-0.07845319999999999,-0.098066494,-0.098066494,-0.0588399,-0.06864655,-0.088259846,5
-0.10787315,-0.06864655,-0.14709975,-0.088259846,-0.07845319999999999,-0.12748645,-0.1176798,-0.10787315,-0.1372931,-0.12748645,-0.07845319999999999,-0.0588399,-0.07845319999999999,-0.0588399,-0.1176798,-0.1176798,-0.1372931,-0.14709975,-0.1176798,-0.07845319999999999,-0.098066494,-0.098066494,-0.0588399,-0.06864655,-0.088259846,-0.06864655,-0.098066494,-0.1176798,-0.1176798,-0.088259846,-0.088259846,-0.06864655,-0.0588399,-0.07845319999999999,-0.049033247,-0.06864655,-0.07845319999999999,-0.10787315,-0.12748645,-0.14709975,-0.12748645,-0.12748645,-0.049033247,-0.1176798,-0.10787315,-0.10787315,-0.098066494,-0.088259846,-0.0588399,-0.12748645,5
-0.06864655,-0.098066494,-0.1176798,-0.1176798,-0.088259846,-0.088259846,-0.06864655,-0.0588399,-0.07845319999999999,-0.049033247,-0.06864655,-0.07845319999999999,-0.10787315,-0.12748645,-0.14709975,-0.12748645,-0.12748645,-0.049033247,-0.1176798,-0.10787315,-0.10787315,-0.098066494,-0.088259846,-0.0588399,-0.12748645,-0.098066494,-0.15690639999999997,-0.12748645,-0.14709975,-0.1176798,-0.10787315,-0.1372931,-0.1176798,-0.1176798,-0.1176798,-0.1176798,-0.14709975,-0.07845319999999999,-0.07845319999999999,-0.1372931,-0.03922659999999999,-0.10787315,-0.088259846,-0.098066494,-0.098066494,-0.10787315,-0.0588399,-0.12748645,-0.0588399,-0.098066494,5
-0.098066494,-0.15690639999999997,-0.12748645,-0.14709975,-0.1176798,-0.10787315,-0.1372931,-0.1176798,-0.1176798,-0.1176798,-0.1176798,-0.14709975,-0.07845319999999999,-0.07845319999999999,-0.1372931,-0.03922659999999999,-0.10787315,-0.088259846,-0.098066494,-0.098066494,-0.10787315,-0.0588399,-0.12748645,-0.0588399,-0.098066494,-0.088259846,-0.12748645,-0.1176798,-0.12748645,-0.07845319999999999,-0.0588399,-0.07845319999999999,-0.049033247,-0.0588399,-0.098066494,-0.10787315,-0.10787315,-0.098066494,-0.1176798,-0.1176798,-0.098066494,-0.10787315,-0.07845319999999999,-0.07845319999999999,-0.07845319999999999,-0.07845319999999999,-0.06864655,-0.098066494,-0.1176798,-0.12748645,5
-0.088259846,-0.12748645,-0.1176798,-0.12748645,-0.07845319999999999,-0.0588399,-0.07845319999999999,-0.049033247,-0.0588399,-0.098066494,-0.10787315,-0.10787315,-0.098066494,-0.1176798,-0.1176798,-0.098066494,-0.10787315,-0.07845319999999999,-0.07845319999999999,-0.07845319999999999,-0.07845319999999999,-0.06864655,-0.098066494,-0.1176798,-0.12748645,-0.15690639999999997,-0.098066494,-0.088259846,-0.10787315,-0.1372931,-0.1176798,-0.14709975,-0.12748645,-0.12748645,-0.1176798,-0.098066494,-0.06864655,-0.098066494,-0.10787315,-0.10787315,-0.10787315,-0.1176798,-0.12748645,-0.1372931,-0.1372931,-0.10787315,-0.088259846,-0.098066494,-0.06864655,-0.098066494,5
-0.15690639999999997,-0.098066494,-0.088259846,-0.10787315,-0.1372931,-0.1176798,-0.14709975,-0.12748645,-0.12748645,-0.1176798,-0.098066494,-0.06864655,-0.098066494,-0.10787315,-0.10787315,-0.10787315,-0.1176798,-0.12748645,-0.1372931,-0.1372931,-0.10787315,-0.088259846,-0.098066494,-0.06864655,-0.098066494,-0.12748645,-0.10787315,-0.12748645,-0.098066494,-0.12748645,-0.1176798,-0.0588399,-0.06864655,-0.06864655,-0.10787315,-0.049033247,-0.098066494,-0.12748645,-0.14709975,-0.10787315,-0.06864655,-0.088259846,-0.07845319999999999,-0.06864655,-0.049033247,-0.06864655,-0.07845319999999999,-0.07845319999999999,-0.07845319999999999,-0.0588399,5
-0.12748645,-0.10787315,-0.12748645,-0.098066494,-0.12748645,-0.1176798,-0.0588399,-0.06864655,-0.06864655,-0.10787315,-0.049033247,-0.098066494,-0.12748645,-0.14709975,-0.10787315,-0.06864655,-0.088259846,-0.07845319999999999,-0.06864655,-0.049033247,-0.06864655,-0.07845319999999999,-0.07845319999999999,-0.07845319999999999,-0.0588399,-0.06864655,-0.07845319999999999,-0.1176798,-0.10787315,-0.03922659999999999,-0.10787315,-0.07845319999999999,-0.06864655,-0.14709975,-0.12748645,-0.12748645,-0.12748645,-0.049033247,-0.088259846,-0.0588399,-0.098066494,-0.07845319999999999,-0.049033247,-0.019613299999999997,-0.07845319999999999,-0.0588399,-0.06864655,-0.07845319999999999,-0.088259846,-0.088259846,5
-0.06864655,-0.07845319999999999,-0.1176798,-0.10787315,-0.03922659999999999,-0.10787315,-0.07845319999999999,-0.06864655,-0.14709975,-0.12748645,-0.12748645,-0.12748645,-0.049033247,-0.088259846,-0.0588399,-0.098066494,-0.07845319999999999,-0.049033247,-0.019613299999999997,-0.07845319999999999,-0.0588399,-0.06864655,-0.07845319999999999,-0.088259846,-0.088259846,-0.098066494,-0.098066494,-0.098066494,-0.03922659999999999,-0.1176798,-0.10787315,-0.098066494,-0.0588399,-0.1176798,-0.10787315,-0.098066494,-0.06864655,-0.0588399,-0.088259846,-0.06864655,-0.10787315,-0.088259846,-0.06864655,-0.088259846,-0.06864655,-0.049033247,-0.07845319999999999,-0.10787315,-0.098066494,-0.12748645,5
-0.098066494,-0.098066494,-0.098066494,-0.03922659999999999,-0.1176798,-0.10787315,-0.098066494,-0.0588399,-0.1176798,-0.10787315,-0.098066494,-0.06864655,-0.0588399,-0.088259846,-0.06864655,-0.10787315,-0.088259846,-0.06864655,-0.088259846,-0.06864655,-0.049033247,-0.07845319999999999,-0.10787315,-0.098066494,-0.12748645,-0.10787315,-0.088259846,-0.06864655,-0.049033247,-0.07845319999999999,-0.03922659999999999,-0.07845319999999999,-0.098066494,-0.10787315,-0.06864655,-0.1176798,-0.088259846,-0.1372931,-0.098066494,-0.0588399,-0.07845319999999999,-0.02941995,-0.098066494,-0.088259846,-0.098066494,-0.1372931,-0.098066494,-0.06864655,-0.1176798,-0.10787315,5
-0.10787315,-0.088259846,-0.06864655,-0.049033247,-0.07845319999999999,-0.03922659999999999,-0.07845319999999999,-0.098066494,-0.10787315,-0.06864655,-0.1176798,-0.088259846,-0.1372931,-0.098066494,-0.0588399,-0.07845319999999999,-0.02941995,-0.098066494,-0.088259846,-0.098066494,-0.1372931,-0.098066494,-0.06864655,-0.1176798,-0.10787315,-0.12748645,-0.088259846,-0.098066494,-0.12748645,-0.07845319999999999,-0.088259846,-0.06864655,-0.1176798,-0.14709975,-0.16671304,-0.10787315,-0.1176798,-0.088259846,-0.098066494,-0.07845319999999999,-0.14709975,-0.1176798,-0.15690639999999997,-0.14709975,-0.1176798,-0.098066494,-0.088259846,-0.098066494,-0.098066494,-0.10787315,5
-0.12748645,-0.088259846,-0.098066494,-0.12748645,-0.07845319999999999,-0.088259846,-0.06864655,-0.1176798,-0.14709975,-0.16671304,-0.10787315,-0.1176798,-0.088259846,-0.098066494,-0.07845319999999999,-0.14709975,-0.1176798,-0.15690639999999997,-0.14709975,-0.1176798,-0.098066494,-0.088259846,-0.098066494,-0.098066494,-0.10787315,-0.12748645,-0.098066494,-0.0588399,-0.088259846,-0.07845319999999999,-0.088259846,-0.06864655,-0.12748645,-0.06864655,-0.10787315,-0.088259846,-0.098066494,-0.1372931,-0.098066494,-0.06864655,-0.0588399,-0.06864655,-0.049033247,-0.0588399,-0.07845319999999999,-0.10787315,-0.098066494,-0.16671304,-0.14709975,-0.098066494,5
-0.12748645,-0.098066494,-0.0588399,-0.088259846,-0.07845319999999999,-0.088259846,-0.06864655,-0.12748645,-0.06864655,-0.10787315,-0.088259846,-0.098066494,-0.1372931,-0.098066494,-0.06864655,-0.0588399,-0.06864655,-0.049033247,-0.0588399,-0.07845319999999999,-0.10787315,-0.098066494,-0.16671304,-0.14709975,-0.098066494,-0.10787315,-0.07845319999999999,-0.06864655,-0.0588399,-0.049033247,-0.07845319999999999,-0.088259846,-0.1176798,-0.15690639999999997,-0.12748645,-0.12748645,-0.088259846,-0.07845319999999999,-0.098066494,-0.07845319999999999,-0.10787315,-0.098066494,-0.10787315,-0.10787315,-0.1372931,-0.0588399,-0.07845319999999999,-0.0588399,-0.06864655,-0.1176798,5
-0.10787315,-0.07845319999999999,-0.06864655,-0.0588399,-0.049033247,-0.07845319999999999,-0.088259846,-0.1176798,-0.15690639999999997,-0.12748645,-0.12748645,-0.088259846,-0.07845319999999999,-0.098066494,-0.07845319999999999,-0.10787315,-0.098066494,-0.10787315,-0.10787315,-0.1372931,-0.0588399,-0.07845319999999999,-0.0588399,-0.06864655,-0.1176798,-0.049033247,-0.15690639999999997,-0.10787315,-0.12748645,-0.1176798,-0.10787315,-0.10787315,-0.06864655,-0.098066494,-0.06864655,-0.098066494,-0.1372931,-0.088259846,-0.07845319999999999,-0.03922659999999999,-0.10787315,-0.088259846,-0.049033247,-0.07845319999999999,-0.10787315,-0.088259846,-0.07845319999999999,-0.088259846,-0.049033247,-0.12748645,5
-0.049033247,-0.15690639999999997,-0.10787315,-0.12748645,-0.1176798,-0.10787315,-0.10787315,-0.06864655,-0.098066494,-0.06864655,-0.098066494,-0.1372931,-0.088259846,-0.07845319999999999,-0.03922659999999999,-0.10787315,-0.088259846,-0.049033247,-0.07845319999999999,-0.10787315,-0.088259846,-0.07845319999999999,-0.088259846,-0.049033247,-0.12748645,-0.07845319999999999,-0.10787315,-0.12748645,-0.12748645,-0.1176798,-0.10787315,-0.1176798,-0.10787315,-0.1372931,-0.1176798,-0.10787315,-0.088259846,-0.088259846,-0.049033247,-0.088259846,-0.06864655,-0.06864655,-0.07845319999999999,-0.06864655,-0.1372931,-0.1176798,-0.12748645,-0.14709975,-0.07845319999999999,-0.098066494,5
-0.07845319999999999,-0.10787315,-0.12748645,-0.12748645,-0.1176798,-0.10787315,-0.1176798,-0.10787315,-0.1372931,-0.1176798,-0.10787315,-0.088259846,-0.088259846,-0.049033247,-0.088259846,-0.06864655,-0.06864655,-0.07845319999999999,-0.06864655,-0.1372931,-0.1176798,-0.12748645,-0.14709975,-0.07845319999999999,-0.098066494,-0.12748645,-0.1372931,-0.1176798,-0.098066494,-0.098066494,-0.12748645,-0.07845319999999999,-0.1176798,-0.12748645,-0.07845319999999999,-0.10787315,-0.10787315,-0.098066494,-0.098066494,-0.1176798,-0.098066494,-0.098066494,-0.088259846,-0.12748645,-0.098066494,-0.0588399,-0.088259846,-0.088259846,-0.06864655,-0.0588399,5
-0.12748645,-0.1372931,-0.1176798,-0.098066494,-0.098066494,-0.12748645,-0.07845319999999999,-0.1176798,-0.12748645,-0.07845319999999999,-0.10787315,-0.10787315,-0.098066494,-0.098066494,-0.1176798,-0.098066494,-0.098066494,-0.088259846,-0.12748645,-0.098066494,-0.0588399,-0.088259846,-0.088259846,-0.06864655,-0.0588399,-0.07845319999999999,-0.10787315,-0.088259846,-0.088259846,-0.1176798,-0.10787315,-0.098066494,-0.12748645,-0.1372931,-0.0588399,-0.098066494,-0.07845319999999999,-0.07845319999999999,-0.1176798,-0.088259846,-0.088259846,-0.1176798,-0.1176798,-0.098066494,-0.1176798,-0.12748645,-0.1176798,-0.0588399,-0.088259846,-0.10787315,5
-0.07845319999999999,-0.10787315,-0.088259846,-0.088259846,-0.1176798,-0.10787315,-0.098066494,-0.12748645,-0.1372931,-0.0588399,-0.098066494,-0.07845319999999999,-0.07845319999999999,-0.1176798,-0.088259846,-0.088259846,-0.1176798,-0.1176798,-0.098066494,-0.1176798,-0.12748645,-0.1176798,-0.0588399,-0.088259846,-0.10787315,-0.1372931,-0.07845319999999999,-0.049033247,-0.088259846,-0.1176798,-0.098066494,-0.1176798,-0.088259846,-0.10787315,-0.088259846,-0.12748645,-0.12748645,-0.07845319999999999,-0.10787315,-0.098066494,-0.088259846,-0.1176798,-0.098066494,-0.10787315,-0.14709975,-0.10787315,-0.1372931,-0.15690639999999997,-0.088259846,-0.1176798,5
-0.1372931,-0.07845319999999999,-0.049033247,-0.088259846,-0.1176798,-0.098066494,-0.1176798,-0.088259846,-0.10787315,-0.088259846,-0.12748645,-0.12748645,-0.07845319999999999,-0.10787315,-0.098066494,-0.088259846,-0.1176798,-0.098066494,-0.10787315,-0.14709975,-0.10787315,-0.1372931,-0.15690639999999997,-0.088259846,-0.1176798,-0.10787315,-0.1372931,-0.07845319999999999,-0.1372931,-0.1176798,-0.1176798,-0.12748645,-0.10787315,-0.15690639999999997,-0.1372931,-0.088259846,-0.088259846,-0.088259846,-0.049033247,-0.098066494,-0.088259846,-0.12748645,-0.12748645,-0.1176798,-0.1372931,-0.10787315,-0.088259846,-0.10787315,-0.07845319999999999,-0.1372931,5
-0.10787315,-0.1372931,-0.07845319999999999,-0.1372931,-0.1176798,-0.1176798,-0.12748645,-0.10787315,-0.15690639999999997,-0.1372931,-0.088259846,-0.088259846,-0.088259846,-0.049033247,-0.098066494,-0.088259846,-0.12748645,-0.12748645,-0.1176798,-0.1372931,-0.10787315,-0.088259846,-0.10787315,-0.07845319999999999,-0.1372931,-0.10787315,-0.10787315,-0.1176798,-0.098066494,-0.10787315,-0.098066494,-0.10787315,-0.10787315,-0.07845319999999999,-0.098066494,-0.10787315,-0.098066494,-0.098066494,-0.16671304,-0.12748645,-0.16671304,-0.098066494,-0.10787315,-0.1372931,-0.1372931,-0.1176798,-0.1176798,-0.16671304,-0.10787315,-0.1372931,5
-0.10787315,-0.10787315,-0.1176798,-0.098066494,-0.10787315,-0.098066494,-0.10787315,-0.10787315,-0.07845319999999999,-0.098066494,-0.10787315,-0.098066494,-0.098066494,-0.16671304,-0.12748645,-0.16671304,-0.098066494,-0.10787315,-0.1372931,-0.1372931,-0.1176798,-0.1176798,-0.16671304,-0.10787315,-0.1372931,-0.1176798,-0.098066494,-0.1372931,-0.10787315,-0.098066494,-0.10787315,-0.10787315,-0.098066494,-0.1176798,-0.12748645,-0.1176798,-0.0588399,-0.098066494,-0.088259846,-0.07845319999999999,-0.1176798,-0.06864655,-0.1176798,-0.1176798,-0.098066494,-0.1176798,-0.088259846,-0.10787315,-0.088259846,-0.1176798,5
-0.1176798,-0.098066494,-0.1372931,-0.10787315,-0.098066494,-0.10787315,-0.10787315,-0.098066494,-0.1176798,-0.12748645,-0.1176798,-0.0588399,-0.098066494,-0.088259846,-0.07845319999999999,-0.1176798,-0.06864655,-0.1176798,-0.1176798,-0.098066494,-0.1176798,-0.088259846,-0.10787315,-0.088259846,-0.1176798,-0.10787315,-0.12748645,-0.098066494,-0.1176798,-0.10787315,-0.098066494,-0.10787315,-0.1176798,-0.10787315,-0.1176798,-0.1372931,-0.10787315,-0.07845319999999999,-0.12748645,-0.16671304,-0.12748645,-0.12748645,-0.1176798,-0.12748645,-0.1176798,-0.088259846,-0.098066494,-0.088259846,-0.098066494,-0.098066494,5
-0.10787315,-0.12748645,-0.098066494,-0.1176798,-0.10787315,-0.098066494,-0.10787315,-0.1176798,-0.10787315,-0.1176798,-0.1372931,-0.10787315,-0.07845319999999999,-0.12748645,-0.16671304,-0.12748645,-0.12748645,-0.1176798,-0.12748645,-0.1176798,-0.088259846,-0.098066494,-0.088259846,-0.098066494,-0.098066494,-0.1372931,-0.16671304,-0.16671304,-0.15690639999999997,-0.15690639999999997,-0.12748645,-0.088259846,-0.06864655,-0.06864655,-0.098066494,-0.10787315,-0.12748645,-0.1176798,-0.12748645,-0.10787315,-0.1372931,-0.088259846,-0.088259846,-0.06864655,-0.049033247,-0.088259846,-0.15690639999999997,-0.1372931,-0.098066494,-0.1176798,5
-0.1372931,-0.16671304,-0.16671304,-0.15690639999999997,-0.15690639999999997,-0.12748645,-0.088259846,-0.06864655,-0.06864655,-0.098066494,-0.10787315,-0.12748645,-0.1176798,-0.12748645,-0.10787315,-0.1372931,-0.088259846,-0.088259846,-0.06864655,-0.049033247,-0.088259846,-0.15690639999999997,-0.1372931,-0.098066494,-0.1176798,-0.17651969,-0.098066494,-0.088259846,-0.10787315,-0.12748645,-0.088259846,-0.1372931,-0.088259846,-0.088259846,-0.06864655,-0.10787315,-0.049033247,-0.088259846,-0.06864655,-0.098066494,-0.12748645,-0.1176798,-0.07845319999999999,-0.15690639999999997,-0.07845319999999999,-0.098066494,-0.088259846,-0.12748645,-0.088259846,-0.12748645,5
-0.17651969,-0.098066494,-0.088259846,-0.10787315,-0.12748645,-0.088259846,-0.1372931,-0.088259846,-0.088259846,-0.06864655,-0.10787315,-0.049033247,-0.088259846,-0.06864655,-0.098066494,-0.12748645,-0.1176798,-0.07845319999999999,-0.15690639999999997,-0.07845319999999999,-0.098066494,-0.088259846,-0.12748645,-0.088259846,-0.12748645,-0.17651969,-0.0588399,-0.1372931,-0.088259846,-0.1176798,-0.07845319999999999,-0.10787315,-0.088259846,-0.1176798,-0.1372931,-0.1372931,-0.12748645,-0.088259846,-0.07845319999999999,-0.088259846,-0.12748645,-0.02941995,-0.049033247,-0.07845319999999999,-0.098066494,-0.14709975,-0.10787315,-0.07845319999999999,-0.088259846,-0.10787315,5
-0.17651969,-0.0588399,-0.1372931,-0.088259846,-0.1176798,-0.07845319999999999,-0.10787315,-0.088259846,-0.1176798,-0.1372931,-0.1372931,-0.12748645,-0.088259846,-0.07845319999999999,-0.088259846,-0.12748645,-0.02941995,-0.049033247,-0.07845319999999999,-0.098066494,-0.14709975,-0.10787315,-0.07845319999999999,-0.088259846,-0.10787315,-0.098066494,-0.098066494,-0.098066494,-0.07845319999999999,-0.098066494,-0.088259846,-0.07845319999999999,-0.10787315,-0.07845319999999999,-0.098066494,-0.10787315,-0.12748645,-0.07845319999999999,-0.049033247,-0.12748645,-0.088259846,-0.14709975,-0.098066494,-0.14709975,-0.1176798,-0.07845319999999999,-0.06864655,-0.088259846,-0.03922659999999999,-0.10787315,5
-0.098066494,-0.098066494,-0.098066494,-0.07845319999999999,-0.098066494,-0.088259846,-0.07845319999999999,-0.10787315,-0.07845319999999999,-0.098066494,-0.10787315,-0.12748645,-0.07845319999999999,-0.049033247,-0.12748645,-0.088259846,-0.14709975,-0.098066494,-0.14709975,-0.1176798,-0.07845319999999999,-0.06864655,-0.088259846,-0.03922659999999999,-0.10787315,-0.1372931,-0.1176798,-0.10787315,-0.1176798,-0.088259846,-0.06864655,-0.03922659999999999,-0.07845319999999999,-0.10787315,-0.10787315,-0.12748645,-0.1372931,-0.098066494,-0.0588399,-0.049033247,-0.1176798,-0.098066494,-0.10787315,-0.1372931,-0.1372931,-0.10787315,-0.098066494,-0.12748645,-0.07845319999999999,-0.0588399,5
-0.1372931,-0.1176798,-0.10787315,-0.1176798,-0.088259846,-0.06864655,-0.03922659999999999,-0.07845319999999999,-0.10787315,-0.10787315,-0.12748645,-0.1372931,-0.098066494,-0.0588399,-0.049033247,-0.1176798,-0.098066494,-0.10787315,-0.1372931,-0.1372931,-0.10787315,-0.098066494,-0.12748645,-0.07845319999999999,-0.0588399,-0.019613299999999997,-0.10787315,-0.1176798,-0.088259846,-0.1176798,-0.098066494,-0.10787315,-0.06864655,-0.0588399,-0.06864655,-0.06864655,-0.07845319999999999,-0.06864655,-0.098066494,-0.088259846,-0.10787315,-0.10787315,-0.088259846,-0.098066494,-0.088259846,-0.088259846,-0.098066494,-0.07845319999999999,-0.10787315,-0.088259846,5
-0.019613299999999997,-0.10787315,-0.1176798,-0.088259846,-0.1176798,-0.098066494,-0.10787315,-0.06864655,-0.0588399,-0.06864655,-0.06864655,-0.07845319999999999,-0.06864655,-0.098066494,-0.088259846,-0.10787315,-0.10787315,-0.088259846,-0.098066494,-0.088259846,-0.088259846,-0.098066494,-0.07845319999999999,-0.10787315,-0.088259846,-0.088259846,-0.10787315,-0.07845319999999999,-0.14709975,-0.12748645,-0.10787315,-0.1176798,-0.088259846,-0.10787315,-0.10787315,-0.07845319999999999,-0.1372931,-0.12748645,-0.088259846,-0.098066494,-0.088259846,-0.10787315,-0.10787315,-0.07845319999999999,-0.07845319999999999,-0.098066494,-0.07845319999999999,-0.088259846,-0.06864655,-0.12748645,5
-0.088259846,-0.10787315,-0.07845319999999999,-0.14709975,-0.12748645,-0.10787315,-0.1176798,-0.088259846,-0.10787315,-0.10787315,-0.07845319999999999,-0.1372931,-0.12748645,-0.088259846,-0.098066494,-0.088259846,-0.10787315,-0.10787315,-0.07845319999999999,-0.07845319999999999,-0.098066494,-0.07845319999999999,-0.088259846,-0.06864655,-0.12748645,-0.10787315,-0.1372931,-0.1176798,-0.1176798,-0.088259846,-0.098066494,-0.06864655,-0.098066494,-0.088259846,-0.07845319999999999,-0.088259846,-0.049033247,-0.088259846,-0.098066494,-0.098066494,-0.10787315,-0.14709975,-0.15690639999999997,-0.1176798,-0.098066494,-0.10787315,-0.1372931,-0.14709975,-0.098066494,-0.07845319999999999,5
-0.10787315,-0.1372931,-0.1176798,-0.1176798,-0.088259846,-0.098066494,-0.06864655,-0.098066494,-0.088259846,-0.07845319999999999,-0.088259846,-0.049033247,-0.088259846,-0.098066494,-0.098066494,-0.10787315,-0.14709975,-0.15690639999999997,-0.1176798,-0.098066494,-0.10787315,-0.1372931,-0.14709975,-0.098066494,-0.07845319999999999,-0.098066494,-0.06864655,-0.06864655,-0.10787315,-0.1176798,-0.1372931,-0.06864655,-0.07845319999999999,-0.088259846,-0.1176798,-0.10787315,-0.1176798,-0.07845319999999999,-0.098066494,-0.10787315,-0.14709975,-0.07845319999999999,-0.088259846,-0.0588399,-0.07845319999999999,-0.088259846,-0.07845319999999999,-0.049033247,-0.06864655,-0.07845319999999999,5
-0.098066494,-0.06864655,-0.06864655,-0.10787315,-0.1176798,-0.1372931,-0.06864655,-0.07845319999999999,-0.088259846,-0.1176798,-0.10787315,-0.1176798,-0.07845319999999999,-0.098066494,-0.10787315,-0.14709975,-0.07845319999999999,-0.088259846,-0.0588399,-0.07845319999999999,-0.088259846,-0.07845319999999999,-0.049033247,-0.06864655,-0.07845319999999999,-0.098066494,-0.098066494,-0.17651969,-0.088259846,-0.16671304,-0.1176798,-0.10787315,-0.10787315,-0.12748645,-0.15690639999999997,-0.1372931,-0.10787315,-0.16671304,-0.1372931,-0.10787315,-0.07845319999999999,-0.098066494,-0.098066494,-0.10787315,-0.1176798,-0.1372931,-0.07845319999999999,-0.10787315,-0.07845319999999999,-0.10787315,5
-0.098066494,-0.098066494,-0.17651969,-0.088259846,-0.16671304,-0.1176798,-0.10787315,-0.10787315,-0.12748645,-0.15690639999999997,-0.1372931,-0.10787315,-0.16671304,-0.1372931,-0.10787315,-0.07845319999999999,-0.098066494,-0.098066494,-0.10787315,-0.1176798,-0.1372931,-0.07845319999999999,-0.10787315,-0.07845319999999999,-0.10787315,-0.1176798,-0.10787315,-0.1176798,-0.10787315,-0.088259846,-0.12748645,-0.1372931,-0.12748645,-0.1372931,-0.12748645,-0.1372931,-0.098066494,-0.14709975,-0.098066494,-0.1176798,-0.12748645,-0.07845319999999999,-0.098066494,-0.12748645,-0.1176798,-0.098066494,-0.1176798,-0.1372931,-0.06864655,-0.1176798,5
-0.1176798,-0.10787315,-0.1176798,-0.10787315,-0.088259846,-0.12748645,-0.1372931,-0.12748645,-0.1372931,-0.12748645,-0.1372931,-0.098066494,-0.14709975,-0.098066494,-0.1176798,-0.12748645,-0.07845319999999999,-0.098066494,-0.12748645,-0.1176798,-0.098066494,-0.1176798,-0.1372931,-0.06864655,-0.1176798,-0.07845319999999999,-0.098066494,-0.098066494,-0.098066494,-0.1372931,-0.12748645,-0.12748645,-0.088259846,-0.1372931,-0.088259846,-0.098066494,-0.10787315,-0.1372931,-0.10787315,-0.1176798,-0.098066494,-0.0588399,-0.07845319999999999,-0.10787315,-0.049033247,-0.098066494,-0.088259846,-0.098066494,-0.1176798,-0.098066494,5
-0.07845319999999999,-0.098066494,-0.098066494,-0.098066494,-0.1372931,-0.12748645,-0.12748645,-0.088259846,-0.1372931,-0.088259846,-0.098066494,-0.10787315,-0.1372931,-0.10787315,-0.1176798,-0.098066494,-0.0588399,-0.07845319999999999,-0.10787315,-0.049033247,-0.098066494,-0.088259846,-0.098066494,-0.1176798,-0.098066494,-0.10787315,-0.1176798,-0.1176798,-0.0588399,-0.1372931,-0.1176798,-0.1176798,-0.10787315,-0.14709975,-0.12748645,-0.14709975,-0.12748645,-0.10787315,-0.1176798,-0.10787315,-0.1176798,-0.10787315,-0.12748645,-0.10787315,-0.1372931,-0.1372931,-0.1176798,-0.12748645,-0.1372931,-0.098066494,5
-0.10787315,-0.1176798,-0.1176798,-0.0588399,-0.1372931,-0.1176798,-0.1176798,-0.10787315,-0.14709975,-0.12748645,-0.14709975,-0.12748645,-0.10787315,-0.1176798,-0.10787315,-0.1176798,-0.10787315,-0.12748645,-0.10787315,-0.1372931,-0.1372931,-0.1176798,-0.12748645,-0.1372931,-0.098066494,-0.088259846,-0.17651969,-0.1176798,-0.10787315,-0.14709975,-0.15690639999999997,-0.1176798,-0.10787315,-0.14709975,-0.14709975,-0.1372931,-0.088259846,-0.10787315,-0.12748645,-0.10787315,-0.1176798,-0.10787315,-0.1372931,-0.12748645,-0.10787315,-0.10787315,-0.098066494,-0.10787315,-0.12748645,-0.12748645,5
-0.088259846,-0.17651969,-0.1176798,-0.10787315,-0.14709975,-0.15690639999999997,-0.1176798,-0.10787315,-0.14709975,-0.14709975,-0.1372931,-0.088259846,-0.10787315,-0.12748645,-0.10787315,-0.1176798,-0.10787315,-0.1372931,-0.12748645,-0.10787315,-0.10787315,-0.098066494,-0.10787315,-0.12748645,-0.12748645,-0.12748645,-0.098066494,-0.10787315,-0.098066494,-0.12748645,-0.1176798,-0.1372931,-0.10787315,-0.07845319999999999,-0.14709975,-0.088259846,-0.088259846,-0.16671304,-0.06864655,-0.10787315,-0.06864655,-0.16671304,-0.14709975,-0.16671304,-0.14709975,-0.1176798,-0.1176798,-0.14709975,-0.14709975,-0.1176798,5
-0.12748645,-0.098066494,-0.10787315,-0.098066494,-0.12748645,-0.1176798,-0.1372931,-0.10787315,-0.07845319999999999,-0.14709975,-0.088259846,-0.088259846,-0.16671304,-0.06864655,-0.10787315,-0.06864655,-0.16671304,-0.14709975,-0.16671304,-0.14709975,-0.1176798,-0.1176798,-0.14709975,-0.14709975,-0.1176798,-0.15690639999999997,-0.1372931,-0.12748645,-0.16671304,-0.10787315,-0.15690639999999997,-0.1372931,-0.1372931,-0.12748645,-0.12748645,-0.098066494,-0.1176798,-0.1372931,-0.10787315,-0.098066494,-0.12748645,-0.1372931,-0.088259846,-0.16671304,-0.1372931,-0.1176798,-0.098066494,-0.10787315,-0.12748645,-0.1176798,5
-0.15690639999999997,-0.1372931,-0.12748645,-0.16671304,-0.10787315,-0.15690639999999997,-0.1372931,-0.1372931,-0.12748645,-0.12748645,-0.098066494,-0.1176798,-0.1372931,-0.10787315,-0.098066494,-0.12748645,-0.1372931,-0.088259846,-0.16671304,-0.1372931,-0.1176798,-0.098066494,-0.10787315,-0.12748645,-0.1176798,-0.10787315,-0.1372931,-0.1372931,-0.16671304,-0.15690639999999997,-0.1176798,-0.07845319999999999,-0.06864655,-0.07845319999999999,-0.098066494,-0.12748645,-0.06864655,-0.098066494,-0.1176798,-0.098066494,-0.12748645,-0.10787315,-0.1176798,-0.12748645,-0.07845319999999999,-0.14709975,-0.1372931,-0.10787315,-0.16671304,-0.098066494,5
-0.10787315,-0.1372931,-0.1372931,-0.16671304,-0.15690639999999997,-0.1176798,-0.07845319999999999,-0.06864655,-0.07845319999999999,-0.098066494,-0.12748645,-0.06864655,-0.098066494,-0.1176798,-0.098066494,-0.12748645,-0.10787315,-0.1176798,-0.12748645,-0.07845319999999999,-0.14709975,-0.1372931,-0.10787315,-0.16671304,-0.098066494,-0.06864655,-0.12748645,-0.12748645,-0.16671304,-0.12748645,-0.16671304,-0.17651969,-0.12748645,-0.1372931,-0.088259846,-0.0588399,-0.088259846,-0.10787315,-0.1372931,-0.16671304,-0.1176798,-0.1176798,-0.15690639999999997,-0.1372931,-0.12748645,-0.1176798,-0.14709975,-0.1176798,-0.1176798,-0.10787315,5
-0.06864655,-0.12748645,-0.12748645,-0.16671304,-0.12748645,-0.16671304,-0.17651969,-0.12748645,-0.1372931,-0.088259846,-0.0588399,-0.088259846,-0.10787315,-0.1372931,-0.16671304,-0.1176798,-0.1176798,-0.15690639999999997,-0.1372931,-0.12748645,-0.1176798,-0.14709975,-0.1176798,-0.1176798,-0.10787315,-0.14709975,-0.12748645,-0.088259846,-0.1176798,-0.10787315,-0.098066494,-0.10787315,-0.15690639999999997,-0.10787315,-0.06864655,-0.098066494,-0.12748645,-0.088259846,-0.088259846,-0.088259846,-0.098066494,-0.098066494,-0.07845319999999999,-0.088259846,-0.14709975,-0.14709975,-0.12748645,-0.12748645,-0.12748645,-0.10787315,5
-0.14709975,-0.12748645,-0.088259846,-0.1176798,-0.10787315,-0.098066494,-0.10787315,-0.15690639999999997,-0.10787315,-0.06864655,-0.098066494,-0.12748645,-0.088259846,-0.088259846,-0.088259846,-0.098066494,-0.098066494,-0.07845319999999999,-0.088259846,-0.14709975,-0.14709975,-0.12748645,-0.12748645,-0.12748645,-0.10787315,-0.07845319999999999,-0.088259846,-0.10787315,-0.12748645,-0.06864655,-0.07845319999999999,-0.1176798,-0.088259846,-0.15690639999999997,-0.098066494,-0.14709975,-0.1372931,-0.15690639999999997,-0.17651969,-0.10787315,-0.088259846,-0.088259846,-0.10787315,-0.14709975,-0.1176798,-0.07845319999999999,-0.14709975,-0.1176798,-0.088259846,-0.16671304,5
-0.07845319999999999,-0.088259846,-0.10787315,-0.12748645,-0.06864655,-0.07845319999999999,-0.1176798,-0.088259846,-0.15690639999999997,-0.098066494,-0.14709975,-0.1372931,-0.15690639999999997,-0.17651969,-0.10787315,-0.088259846,-0.088259846,-0.10787315,-0.14709975,-0.1176798,-0.07845319999999999,-0.14709975,-0.1176798,-0.088259846,-0.16671304,-0.088259846,-0.098066494,-0.1176798,-0.1372931,-0.12748645,-0.12748645,-0.07845319999999999,-0.1176798,-0.1372931,-0.1176798,-0.1176798,-0.12748645,-0.12748645,-0.17651969,-0.10787315,-0.12748645,-0.1176798,-0.12748645,-0.10787315,-0.10787315,-0.098066494,-0.1176798,-0.12748645,-0.1176798,-0.12748645,5
-0.088259846,-0.098066494,-0.1176798,-0.1372931,-0.12748645,-0.12748645,-0.07845319999999999,-0.1176798,-0.1372931,-0.1176798,-0.1176798,-0.12748645,-0.12748645,-0.17651969,-0.10787315,-0.12748645,-0.1176798,-0.12748645,-0.10787315,-0.10787315,-0.098066494,-0.1176798,-0.12748645,-0.1176798,-0.12748645,-0.12748645,-0.10787315,-0.10787315,-0.12748645,-0.088259846,-0.098066494,-0.14709975,-0.098066494,-0.15690639999999997,-0.10787315,-0.1176798,-0.12748645,-0.098066494,-0.098066494,-0.06864655,-0.088259846,-0.088259846,-0.1176798,-0.1176798,-0.1372931,-0.14709975,-0.1372931,-0.12748645,-0.16671304,-0.1372931,5
-0.12748645,-0.10787315,-0.10787315,-0.12748645,-0.088259846,-0.098066494,-0.14709975,-0.098066494,-0.15690639999999997,-0.10787315,-0.1176798,-0.12748645,-0.098066494,-0.098066494,-0.06864655,-0.088259846,-0.088259846,-0.1176798,-0.1176798,-0.1372931,-0.14709975,-0.1372931,-0.12748645,-0.16671304,-0.1372931,-0.1372931,-0.088259846,-0.12748645,-0.1176798,-0.098066494,-0.088259846,-0.0588399,-0.07845319999999999,-0.06864655,-0.049033247,-0.098066494,-0.088259846,-0.10787315,-0.088259846,-0.088259846,-0.1176798,-0.098066494,-0.07845319999999999,-0.07845319999999999,-0.14709975,-0.12748645,-0.12748645,-0.1176798,-0.098066494,-0.1176798,5
-0.1372931,-0.088259846,-0.12748645,-0.1176798,-0.098066494,-0.088259846,-0.0588399,-0.07845319999999999,-0.06864655,-0.049033247,-0.098066494,-0.088259846,-0.10787315,-0.088259846,-0.088259846,-0.1176798,-0.098066494,-0.07845319999999999,-0.07845319999999999,-0.14709975,-0.12748645,-0.12748645,-0.1176798,-0.098066494,-0.1176798,-0.10787315,-0.1176798,-0.1176798,-0.1372931,-0.098066494,-0.10787315,-0.10787315,-0.098066494,-0.07845319999999999,-0.098066494,-0.07845319999999999,-0.10787315,-0.17651969,-0.15690639999999997,-0.15690639999999997,-0.1176798,-0.12748645,-0.098066494,-0.10787315,-0.14709975,-0.12748645,-0.1372931,-0.1176798,-0.10787315,-0.088259846,5
-0.10787315,-0.1176798,-0.1176798,-0.1372931,-0.098066494,-0.10787315,-0.10787315,-0.098066494,-0.07845319999999999,-0.098066494,-0.07845319999999999,-0.10787315,-0.17651969,-0.15690639999999997,-0.15690639999999997,-0.1176798,-0.12748645,-0.098066494,-0.10787315,-0.14709975,-0.12748645,-0.1372931,-0.1176798,-0.10787315,-0.088259846,-0.1176798,-0.12748645,-0.098066494,-0.10787315,-0.098066494,-0.088259846,-0.098066494,-0.1372931,-0.15690639999999997,-0.15690639999999997,-0.1372931,-0.14709975,-0.07845319999999999,-0.12748645,-0.1176798,-0.07845319999999999,-0.07845319999999999,-0.07845319999999999,-0.098066494,-0.06864655,-0.098066494,-0.1176798,-0.10787315,-0.1176798,-0.1176798,5
-0.1176798,-0.12748645,-0.098066494,-0.10787315,-0.098066494,-0.088259846,-0.098066494,-0.1372931,-0.15690639999999997,-0.15690639999999997,-0.1372931,-0.14709975,-0.07845319999999999,-0.12748645,-0.1176798,-0.07845319999999999,-0.07845319999999999,-0.07845319999999999,-0.098066494,-0.06864655,-0.098066494,-0.1176798,-0.10787315,-0.1176798,-0.1176798,-0.049033247,-0.098066494,-0.0588399,-0.049033247,-0.1176798,-0.10787315,-0.1176798,-0.12748645,-0.10787315,-0.088259846,-0.10787315,-0.088259846,-0.06864655,-0.06864655,-0.10787315,-0.098066494,-0.098066494,-0.098066494,-0.12748645,-0.14709975,-0.10787315,-0.1176798,-0.12748645,-0.10787315,-0.12748645,5
-0.049033247,-0.098066494,-0.0588399,-0.049033247,-0.1176798,-0.10787315,-0.1176798,-0.12748645,-0.10787315,-0.088259846,-0.10787315,-0.088259846,-0.06864655,-0.06864655,-0.10787315,-0.098066494,-0.098066494,-0.098066494,-0.12748645,-0.14709975,-0.10787315,-0.1176798,-0.12748645,-0.10787315,-0.12748645,-0.098066494,-0.088259846,-0.098066494,-0.10787315,-0.06864655,-0.098066494,-0.06864655,-0.1176798,-0.03922659999999999,-0.10787315,-0.10787315,-0.098066494,-0.088259846,-0.098066494,-0.07845319999999999,-0.049033247,-0.1372931,-0.10787315,-0.14709975,-0.098066494,-0.1176798,-0.10787315,-0.10787315,-0.12748645,-0.14709975,5
-0.098066494,-0.088259846,-0.098066494,-0.10787315,-0.06864655,-0.098066494,-0.06864655,-0.1176798,-0.03922659999999999,-0.10787315,-0.10787315,-0.098066494,-0.088259846,-0.098066494,-0.07845319999999999,-0.049033247,-0.1372931,-0.10787315,-0.14709975,-0.098066494,-0.1176798,-0.10787315,-0.10787315,-0.12748645,-0.14709975,-0.10787315,-0.1176798,-0.0588399,-0.1176798,-0.088259846,-0.098066494,-0.12748645,-0.1176798,-0.0588399,-0.06864655,-0.06864655,-0.07845319999999999,-0.07845319999999999,-0.07845319999999999,-0.07845319999999999,-0.1176798,-0.07845319999999999,-0.10787315,-0.088259846,-0.10787315,-0.088259846,-0.15690639999999997,-0.088259846,-0.06864655,-0.098066494,5
-0.10787315,-0.1176798,-0.0588399,-0.1176798,-0.088259846,-0.098066494,-0.12748645,-0.1176798,-0.0588399,-0.06864655,-0.06864655,-0.07845319999999999,-0.07845319999999999,-0.07845319999999999,-0.07845319999999999,-0.1176798,-0.07845319999999999,-0.10787315,-0.088259846,-0.10787315,-0.088259846,-0.15690639999999997,-0.088259846,-0.06864655,-0.098066494,-0.12748645,-0.1176798,-0.1176798,-0.098066494,-0.098066494,-0.1176798,-0.088259846,-0.12748645,-0.098066494,-0.1176798,-0.16671304,-0.098066494,-0.049033247,-0.10787315,-0.12748645,-0.019613299999999997,-0.14709975,-0.07845319999999999,-0.1372931,-0.16671304,-0.14709975,-0.12748645,-0.1176798,-0.098066494,-0.098066494,5
-0.12748645,-0.1176798,-0.1176798,-0.098066494,-0.098066494,-0.1176798,-0.088259846,-0.12748645,-0.098066494,-0.1176798,-0.16671304,-0.098066494,-0.049033247,-0.10787315,-0.12748645,-0.019613299999999997,-0.14709975,-0.07845319999999999,-0.1372931,-0.16671304,-0.14709975,-0.12748645,-0.1176798,-0.098066494,-0.098066494,-0.07845319999999999,-0.1372931,-0.10787315,-0.06864655,-0.10787315,-0.088259846,-0.1176798,-0.14709975,-0.10787315,-0.10787315,-0.14709975,-0.1176798,-0.1176798,-0.12748645,-0.1176798,-0.06864655,-0.1372931,-0.07845319999999999,-0.098066494,-0.07845319999999999,-0.07845319999999999,-0.14709975,-0.10787315,-0.098066494,-0.1372931,5
-0.07845319999999999,-0.1372931,-0.10787315,-0.06864655,-0.10787315,-0.088259846,-0.1176798,-0.14709975,-0.10787315,-0.10787315,-0.14709975,-0.1176798,-0.1176798,-0.12748645,-0.1176798,-0.06864655,-0.1372931,-0.07845319999999999,-0.098066494,-0.07845319999999999,-0.07845319999999999,-0.14709975,-0.10787315,-0.098066494,-0.1372931,-0.12748645,-0.12748645,-0.06864655,-0.098066494,-0.1176798,-0.1176798,-0.16671304,-0.16671304,-0.15690639999999997,-0.14709975,-0.10787315,-0.1176798,-0.14709975,-0.098066494,-0.1176798,-0.07845319999999999,-0.088259846,-0.10787315,-0.14709975,-0.1176798,-0.14709975,-0.098066494,-0.098066494,-0.088259846,-0.1372931,5
-0.12748645,-0.12748645,-0.06864655,-0.098066494,-0.1176798,-0.1176798,-0.16671304,-0.16671304,-0.15690639999999997,-0.14709975,-0.10787315,-0.1176798,-0.14709975,-0.098066494,-0.1176798,-0.07845319999999999,-0.088259846,-0.10787315,-0.14709975,-0.1176798,-0.14709975,-0.098066494,-0.098066494,-0.088259846,-0.1372931,-0.12748645,-0.12748645,-0.12748645,-0.1372931,-0.1372931,-0.14709975,-0.14709975,-0.15690639999999997,-0.098066494,-0.088259846,-0.1176798,-0.1176798,-0.12748645,-0.1176798,-0.06864655,-0.10787315,-0.088259846,-0.098066494,-0.10787315,-0.06864655,-0.0588399,-0.07845319999999999,-0.088259846,-0.1176798,-0.10787315,5
-0.12748645,-0.12748645,-0.12748645,-0.1372931,-0.1372931,-0.14709975,-0.14709975,-0.15690639999999997,-0.098066494,-0.088259846,-0.1176798,-0.1176798,-0.12748645,-0.1176798,-0.06864655,-0.10787315,-0.088259846,-0.098066494,-0.10787315,-0.06864655,-0.0588399,-0.07845319999999999,-0.088259846,-0.1176798,-0.10787315,-0.10787315,-0.088259846,-0.088259846,-0.1372931,-0.098066494,-0.1176798,-0.1176798,-0.1176798,-0.1372931,-0.088259846,-0.10787315,-0.15690639999999997,-0.10787315,-0.098066494,-0.088259846,-0.10787315,-0.098066494,-0.07845319999999999,-0.088259846,-0.07845319999999999,-0.1372931,-0.12748645,-0.07845319999999999,-0.06864655,-0.098066494,5
-0.10787315,-0.088259846,-0.088259846,-0.1372931,-0.098066494,-0.1176798,-0.1176798,-0.1176798,-0.1372931,-0.088259846,-0.10787315,-0.15690639999999997,-0.10787315,-0.098066494,-0.088259846,-0.10787315,-0.098066494,-0.07845319999999999,-0.088259846,-0.07845319999999999,-0.1372931,-0.12748645,-0.07845319999999999,-0.06864655,-0.098066494,-0.049033247,-0.1372931,-0.10787315,-0.088259846,-0.1176798,-0.088259846,-0.10787315,-0.1176798,-0.10787315,-0.1176798,-0.1176798,-0.10787315,-0.12748645,-0.12748645,-0.12748645,-0.1372931,-0.1176798,-0.098066494,-0.049033247,-0.07845319999999999,-0.12748645,-0.12748645,-0.088259846,-0.098066494,-0.12748645,5
-0.049033247,-0.1372931,-0.10787315,-0.088259846,-0.1176798,-0.088259846,-0.10787315,-0.1176798,-0.10787315,-0.1176798,-0.1176798,-0.10787315,-0.12748645,-0.12748645,-0.12748645,-0.1372931,-0.1176798,-0.098066494,-0.049033247,-0.07845319999999999,-0.12748645,-0.12748645,-0.088259846,-0.098066494,-0.12748645,-0.088259846,-0.098066494,-0.088259846,-0.10787315,-0.15690639999999997,-0.10787315,-0.12748645,-0.1176798,-0.06864655,-0.0588399,-0.06864655,-0.10787315,-0.06864655,-0.10787315,-0.10787315,-0.098066494,-0.098066494,-0.06864655,-0.1176798,-0.10787315,-0.1372931,-0.1176798,-0.07845319999999999,-0.07845319999999999,-0.07845319999999999,5
-0.088259846,-0.098066494,-0.088259846,-0.10787315,-0.15690639999999997,-0.10787315,-0.12748645,-0.1176798,-0.06864655,-0.0588399,-0.06864655,-0.10787315,-0.06864655,-0.10787315,-0.10787315,-0.098066494,-0.098066494,-0.06864655,-0.1176798,-0.10787315,-0.1372931,-0.1176798,-0.07845319999999999,-0.07845319999999999,-0.07845319999999999,-0.1372931,-0.1372931,-0.12748645,-0.10787315,-0.098066494,-0.1176798,-0.06864655,-0.049033247,-0.088259846,-0.1372931,-0.088259846,-0.1176798,-0.10787315,-0.06864655,-0.098066494,-0.06864655,-0.10787315,-0.06864655,-0.03922659999999999,-0.07845319999999999,-0.088259846,-0.06864655,-0.088259846,-0.1176798,-0.1176798,5
-0.1372931,-0.1372931,-0.12748645,-0.10787315,-0.098066494,-0.1176798,-0.06864655,-0.049033247,-0.088259846,-0.1372931,-0.088259846,-0.1176798,-0.10787315,-0.06864655,-0.098066494,-0.06864655,-0.10787315,-0.06864655,-0.03922659999999999,-0.07845319999999999,-0.088259846,-0.06864655,-0.088259846,-0.1176798,-0.1176798,-0.049033247,-0.098066494,-0.0588399,-0.088259846,-0.06864655,-0.088259846,-0.07845319999999999,-0.1176798,-0.10787315,-0.0588399,-0.07845319999999999,-0.0588399,-0.12748645,-0.098066494,-0.088259846,-0.07845319999999999,-0.06864655,-0.049033247,-0.049033247,-0.06864655,-0.10787315,-0.10787315,-0.088259846,-0.098066494,-0.088259846,5
-0.049033247,-0.098066494,-0.0588399,-0.088259846,-0.06864655,-0.088259846,-0.07845319999999999,-0.1176798,-0.10787315,-0.0588399,-0.07845319999999999,-0.0588399,-0.12748645,-0.098066494,-0.088259846,-0.07845319999999999,-0.06864655,-0.049033247,-0.049033247,-0.06864655,-0.10787315,-0.10787315,-0.088259846,-0.098066494,-0.088259846,-0.088259846,-0.06864655,-0.06864655,-0.12748645,-0.088259846,-0.07845319999999999,-0.07845319999999999,-0.07845319999999999,-0.049033247,-0.12748645,-0.17651969,-0.10787315,-0.098066494,-0.088259846,-0.1176798,-0.1176798,-0.1176798,-0.088259846,-0.10787315,-0.06864655,-0.1372931,-0.098066494,-0.098066494,-0.098066494,-0.098066494,5
-0.088259846,-0.06864655,-0.06864655,-0.12748645,-0.088259846,-0.07845319999999999,-0.07845319999999999,-0.07845319999999999,-0.049033247,-0.12748645,-0.17651969,-0.10787315,-0.098066494,-0.088259846,-0.1176798,-0.1176798,-0.1176798,-0.088259846,-0.10787315,-0.06864655,-0.1372931,-0.098066494,-0.098066494,-0.098066494,-0.098066494,-0.098066494,-0.10787315,-0.14709975,-0.1176798,-0.088259846,-0.07845319999999999,-0.0588399,-0.10787315,-0.098066494,-0.088259846,-0.1176798,-0.16671304,-0.1372931,-0.1372931,-0.1176798,-0.1176798,-0.088259846,-0.06864655,-0.07845319999999999,-0.10787315,-0.12748645,-0.1372931,-0.1372931,-0.088259846,-0.07845319999999999,5
-0.098066494,-0.10787315,-0.14709975,-0.1176798,-0.088259846,-0.07845319999999999,-0.0588399,-0.10787315,-0.098066494,-0.088259846,-0.1176798,-0.16671304,-0.1372931,-0.1372931,-0.1176798,-0.1176798,-0.088259846,-0.06864655,-0.07845319999999999,-0.10787315,-0.12748645,-0.1372931,-0.1372931,-0.088259846,-0.07845319999999999,-0.098066494,-0.10787315,-0.098066494,-0.14709975,-0.1176798,-0.1372931,-0.12748645,-0.1372931,-0.1176798,-0.098066494,-0.10787315,-0.0588399,-0.1176798,-0.12748645,-0.088259846,-0.088259846,-0.10787315,-0.1176798,-0.098066494,-0.10787315,-0.12748645,-0.088259846,-0.07845319999999999,-0.15690639999999997,-0.14709975,5
-0.098066494,-0.10787315,-0.098066494,-0.14709975,-0.1176798,-0.1372931,-0.12748645,-0.1372931,-0.1176798,-0.098066494,-0.10787315,-0.0588399,-0.1176798,-0.12748645,-0.088259846,-0.088259846,-0.10787315,-0.1176798,-0.098066494,-0.10787315,-0.12748645,-0.088259846,-0.07845319999999999,-0.15690639999999997,-0.14709975,-0.16671304,-0.17651969,-0.16671304,-0.17651969,-0.12748645,-0.07845319999999999,-0.098066494,-0.10787315,-0.14709975,-0.1372931,-0.14709975,-0.14709975,-0.1176798,-0.098066494,-0.1372931,-0.088259846,-0.1176798,-0.06864655,-0.06864655,-0.088259846,-0.1176798,-0.15690639999999997,-0.1372931,-0.1176798,-0.10787315,5
-0.16671304,-0.17651969,-0.16671304,-0.17651969,-0.12748645,-0.07845319999999999,-0.098066494,-0.10787315,-0.14709975,-0.1372931,-0.14709975,-0.14709975,-0.1176798,-0.098066494,-0.1372931,-0.088259846,-0.1176798,-0.06864655,-0.06864655,-0.088259846,-0.1176798,-0.15690639999999997,-0.1372931,-0.1176798,-0.10787315,-0.049033247,-0.098066494,-0.07845319999999999,-0.00980665,-0.07845319999999999,-0.098066494,-0.1176798,-0.098066494,-0.088259846,-0.088259846,-0.07845319999999999,-0.088259846,-0.0588399,-0.06864655,-0.02941995,-0.088259846,-0.088259846,-0.098066494,-0.088259846,-0.12748645,-0.10787315,-0.10787315,-0.07845319999999999,-0.098066494,-0.07845319999999999,5
-0.049033247,-0.098066494,-0.07845319999999999,-0.00980665,-0.07845319999999999,-0.098066494,-0.1176798,-0.098066494,-0.088259846,-0.088259846,-0.07845319999999999,-0.088259846,-0.0588399,-0.06864655,-0.02941995,-0.088259846,-0.088259846,-0.098066494,-0.088259846,-0.12748645,-0.10787315,-0.10787315,-0.07845319999999999,-0.098066494,-0.07845319999999999,-0.049033247,-0.0588399,-0.10787315,-0.12748645,-0.06864655,-0.06864655,-0.0588399,-0.07845319999999999,-0.10787315,-0.14709975,-0.1176798,-0.14709975,-0.12748645,-0.1372931,-0.12748645,-0.07845319999999999,-0.10787315,-0.1176798,-0.1372931,-0.10787315,-0.1176798,-0.12748645,-0.1176798,-0.088259846,-0.0588399,5
-0.049033247,-0.0588399,-0.10787315,-0.12748645,-0.06864655,-0.06864655,-0.0588399,-0.07845319999999999,-0.10787315,-0.14709975,-0.1176798,-0.14709975,-0.12748645,-0.1372931,-0.12748645,-0.07845319999999999,-0.10787315,-0.1176798,-0.1372931,-0.10787315,-0.1176798,-0.12748645,-0.1176798,-0.088259846,-0.0588399,-0.1176798,-0.16671304,-0.10787315,-0.088259846,-0.12748645,-0.1176798,-0.088259846,-0.07845319999999999,-0.06864655,-0.088259846,-0.10787315,-0.12748645,-0.088259846,-0.07845319999999999,-0.0588399,-0.12748645,-0.1176798,-0.15690639999999997,-0.1176798,-0.10787315,-0.14709975,-0.12748645,-0.10787315,-0.098066494,-0.15690639999999997,5
-0.1176798,-0.16671304,-0.10787315,-0.088259846,-0.12748645,-0.1176798,-0.088259846,-0.07845319999999999,-0.06864655,-0.088259846,-0.10787315,-0.12748645,-0.088259846,-0.07845319999999999,-0.0588399,-0.12748645,-0.1176798,-0.15690639999999997,-0.1176798,-0.10787315,-0.14709975,-0.12748645,-0.10787315,-0.098066494,-0.15690639999999997,-0.10787315,-0.12748645,-0.098066494,-0.10787315,-0.1372931,-0.07845319999999999,-0.10787315,-0.098066494,-0.1176798,-0.10787315,-0.1372931,-0.088259846,-0.12748645,-0.17651969,-0.17651969,-0.18632634,-0.1372931,-0.17651969,-0.12748645,-0.1372931,-0.14709975,-0.15690639999999997,-0.14709975,-0.1372931,-0.098066494,5
-0.10787315,-0.12748645,-0.098066494,-0.10787315,-0.1372931,-0.07845319999999999,-0.10787315,-0.098066494,-0.1176798,-0.10787315,-0.1372931,-0.088259846,-0.12748645,-0.17651969,-0.17651969,-0.18632634,-0.1372931,-0.17651969,-0.12748645,-0.1372931,-0.14709975,-0.15690639999999997,-0.14709975,-0.1372931,-0.098066494,-0.098066494,-0.098066494,-0.0588399,-0.07845319999999999,-0.098066494,-0.12748645,-0.1372931,-0.10787315,-0.098066494,-0.1176798,-0.12748645,-0.07845319999999999,-0.12748645,-0.1176798,-0.10787315,-0.1372931,-0.088259846,-0.098066494,-0.049033247,-0.10787315,-0.10787315,-0.07845319999999999,-0.10787315,-0.10787315,-0.1372931,5
-0.098066494,-0.098066494,-0.0588399,-0.07845319999999999,-0.098066494,-0.12748645,-0.1372931,-0.10787315,-0.098066494,-0.1176798,-0.12748645,-0.07845319999999999,-0.12748645,-0.1176798,-0.10787315,-0.1372931,-0.088259846,-0.098066494,-0.049033247,-0.10787315,-0.10787315,-0.07845319999999999,-0.10787315,-0.10787315,-0.1372931,-0.06864655,-0.049033247,-0.049033247,-0.02941995,-0.06864655,-0.1176798,-0.12748645,-0.10787315,-0.098066494,-0.06864655,-0.049033247,-0.0588399,-0.06864655,-0.12748645,-0.10787315,-0.1176798,-0.16671304,-0.1176798,-0.098066494,-0.07845319999999999,-0.12748645,-0.088259846,-0.06864655,-0.10787315,-0.088259846,5
-0.06864655,-0.049033247,-0.049033247,-0.02941995,-0.06864655,-0.1176798,-0.12748645,-0.10787315,-0.098066494,-0.06864655,-0.049033247,-0.0588399,-0.06864655,-0.12748645,-0.10787315,-0.1176798,-0.16671304,-0.1176798,-0.098066494,-0.07845319999999999,-0.12748645,-0.088259846,-0.06864655,-0.10787315,-0.088259846,-0.1176798,-0.12748645,-0.14709975,-0.14709975,-0.098066494,-0.14709975,-0.088259846,-0.098066494,-0.07845319999999999,-0.14709975,-0.12748645,-0.16671304,-0.17651969,-0.12748645,-0.10787315,-0.1176798,-0.14709975,-0.10787315,-0.1372931,-0.12748645,-0.14709975,-0.088259846,-0.1176798,-0.07845319999999999,-0.10787315,5
-0.1176798,-0.12748645,-0.14709975,-0.14709975,-0.098066494,-0.14709975,-0.088259846,-0.098066494,-0.07845319999999999,-0.14709975,-0.12748645,-0.16671304,-0.17651969,-0.12748645,-0.10787315,-0.1176798,-0.14709975,-0.10787315,-0.1372931,-0.12748645,-0.14709975,-0.088259846,-0.1176798,-0.07845319999999999,-0.10787315,-0.07845319999999999,-0.1176798,-0.088259846,-0.10787315,-0.088259846,-0.06864655,-0.07845319999999999,-0.098066494,-0.098066494,-0.098066494,-0.10787315,-0.088259846,-0.088259846,-0.12748645,-0.098066494,-0.10787315,-0.12748645,-0.14709975,-0.098066494,-0.10787315,-0.098066494,-0.03922659999999999,-0.0588399,-0.07845319999999999,-0.1372931,5
-0.07845319999999999,-0.1176798,-0.088259846,-0.10787315,-0.088259846,-0.06864655,-0.07845319999999999,-0.098066494,-0.098066494,-0.098066494,-0.10787315,-0.088259846,-0.088259846,-0.12748645,-0.098066494,-0.10787315,-0.12748645,-0.14709975,-0.098066494,-0.10787315,-0.098066494,-0.03922659999999999,-0.0588399,-0.07845319999999999,-0.1372931,-0.12748645,-0.098066494,-0.06864655,-0.10787315,-0.1176798,-0.07845319999999999,-0.07845319999999999,-0.06864655,-0.06864655,-0.10787315,-0.1372931,-0.12748645,-0.07845319999999999,-0.1176798,-0.088259846,-0.10787315,-0.088259846,-0.07845319999999999,-0.12748645,-0.1176798,-0.098066494,-0.098066494,-0.098066494,-0.0588399,-0.06864655,5
-0.12748645,-0.098066494,-0.06864655,-0.10787315,-0.1176798,-0.07845319999999999,-0.07845319999999999,-0.06864655,-0.06864655,-0.10787315,-0.1372931,-0.12748645,-0.07845319999999999,-0.1176798,-0.088259846,-0.10787315,-0.088259846,-0.07845319999999999,-0.12748645,-0.1176798,-0.098066494,-0.098066494,-0.098066494,-0.0588399,-0.06864655,-0.06864655,-0.088259846,-0.1176798,-0.1176798,-0.088259846,-0.098066494,-0.088259846,-0.07845319999999999,-0.07845319999999999,-0.049033247,-0.0588399,-0.088259846,-0.06864655,-0.0588399,-0.10787315,-0.088259846,-0.098066494,-0.07845319999999999,-0.088259846,-0.0588399,-0.12748645,-0.07845319999999999,-0.07845319999999999,-0.07845319999999999,-0.07845319999999999,5
-0.06864655,-0.088259846,-0.1176798,-0.1176798,-0.088259846,-0.098066494,-0.088259846,-0.07845319999999999,-0.07845319999999999,-0.049033247,-0.0588399,-0.088259846,-0.06864655,-0.0588399,-0.10787315,-0.088259846,-0.098066494,-0.07845319999999999,-0.088259846,-0.0588399,-0.12748645,-0.07845319999999999,-0.07845319999999999,-0.07845319999999999,-0.07845319999999999,-0.07845319999999999,-0.088259846,-0.098066494,-0.098066494,-0.1176798,-0.07845319999999999,-0.07845319999999999,-0.098066494,-0.049033247,-0.098066494,-0.06864655,-0.1176798,-0.02941995,-0.1176798,-0.06864655,-0.088259846,-0.06864655,-0.0588399,-0.07845319999999999,-0.07845319999999999,-0.1176798,-0.16671304,-0.17651969,-0.16671304,-0.1176798,5
-0.07845319999999999,-0.088259846,-0.098066494,-0.098066494,-0.1176798,-0.07845319999999999,-0.07845319999999999,-0.098066494,-0.049033247,-0.098066494,-0.06864655,-0.1176798,-0.02941995,-0.1176798,-0.06864655,-0.088259846,-0.06864655,-0.0588399,-0.07845319999999999,-0.07845319999999999,-0.1176798,-0.16671304,-0.17651969,-0.16671304,-0.1176798,-0.1372931,-0.098066494,-0.088259846,-0.088259846,-0.07845319999999999,-0.1372931,-0.1372931,-0.098066494,-0.098066494,-0.088259846,-0.10787315,-0.088259846,-0.1372931,-0.10787315,-0.088259846,-0.088259846,-0.088259846,-0.12748645,-0.098066494,-0.088259846,-0.1176798,-0.1372931,-0.15690639999999997,-0.098066494,-0.088259846,5
-0.1372931,-0.098066494,-0.088259846,-0.088259846,-0.07845319999999999,-0.1372931,-0.1372931,-0.098066494,-0.098066494,-0.088259846,-0.10787315,-0.088259846,-0.1372931,-0.10787315,-0.088259846,-0.088259846,-0.088259846,-0.12748645,-0.098066494,-0.088259846,-0.1176798,-0.1372931,-0.15690639999999997,-0.098066494,-0.088259846,-0.06864655,-0.098066494,-0.14709975,-0.12748645,-0.098066494,-0.07845319999999999,-0.0588399,-0.07845319999999999,-0.15690639999999997,-0.15690639999999997,-0.12748645,-0.15690639999999997,-0.12748645,-0.07845319999999999,-0.12748645,-0.06864655,-0.0588399,-0.088259846,-0.07845319999999999,-0.098066494,-0.098066494,-0.1372931,-0.1372931,-0.07845319999999999,-0.12748645,5
-0.06864655,-0.098066494,-0.14709975,-0.12748645,-0.098066494,-0.07845319999999999,-0.0588399,-0.07845319999999999,-0.15690639999999997,-0.15690639999999997,-0.12748645,-0.15690639999999997,-0.12748645,-0.07845319999999999,-0.12748645,-0.06864655,-0.0588399,-0.088259846,-0.07845319999999999,-0.098066494,-0.098066494,-0.1372931,-0.1372931,-0.07845319999999999,-0.12748645,-0.07845319999999999,-0.1372931,-0.15690639999999997,-0.12748645,-0.14709975,-0.16671304,-0.14709975,-0.15690639999999997,-0.1176798,-0.14709975,-0.12748645,-0.12748645,-0.14709975,-0.15690639999999997,-0.14709975,-0.15690639999999997,-0.1176798,-0.088259846,-0.049033247,-0.088259846,-0.07845319999999999,-0.12748645,-0.1176798,-0.088259846,-0.0588399,5
-0.07845319999999999,-0.1372931,-0.15690639999999997,-0.12748645,-0.14709975,-0.16671304,-0.14709975,-0.15690639999999997,-0.1176798,-0.14709975,-0.12748645,-0.12748645,-0.14709975,-0.15690639999999997,-0.14709975,-0.15690639999999997,-0.1176798,-0.088259846,-0.049033247,-0.088259846,-0.07845319999999999,-0.12748645,-0.1176798,-0.088259846,-0.0588399,-0.098066494,-0.088259846,-0.12748645,-0.12748645,-0.12748645,-0.1176798,-0.12748645,-0.088259846,-0.10787315,-0.1372931,-0.12748645,-0.1176798,-0.1176798,-0.07845319999999999,-0.06864655,-0.06864655,-0.07845319999999999,-0.06864655,-0.07845319999999999,-0.0588399,-0.07845319999999999,-0.088259846,-0.088259846,-0.03922659999999999,-0.06864655,5
-0.098066494,-0.088259846,-0.12748645,-0.12748645,-0.12748645,-0.1176798,-0.12748645,-0.088259846,-0.10787315,-0.1372931,-0.12748645,-0.1176798,-0.1176798,-0.07845319999999999,-0.06864655,-0.06864655,-0.07845319999999999,-0.06864655,-0.07845319999999999,-0.0588399,-0.07845319999999999,-0.088259846,-0.088259846,-0.03922659999999999,-0.06864655,-0.06864655,-0.098066494,-0.088259846,-0.049033247,-0.07845319999999999,-0.07845319999999999,-0.07845319999999999,-0.088259846,-0.06864655,-0.07845319999999999,-0.088259846,-0.049033247,-0.07845319999999999,-0.02941995,-0.0588399,-0.06864655,-0.10787315,-0.12748645,-0.10787315,-0.14709975,-0.14709975,-0.1372931,-0.1372931,-0.14709975,-0.098066494,5
-0.06864655,-0.098066494,-0.088259846,-0.049033247,-0.07845319999999999,-0.07845319999999999,-0.07845319999999999,-0.088259846,-0.06864655,-0.07845319999999999,-0.088259846,-0.049033247,-0.07845319999999999,-0.02941995,-0.0588399,-0.06864655,-0.10787315,-0.12748645,-0.10787315,-0.14709975,-0.14709975,-0.1372931,-0.1372931,-0.14709975,-0.098066494,-0.098066494,-0.10787315,-0.088259846,-0.10787315,-0.0588399,-0.1176798,-0.10787315,-0.088259846,-0.1372931,-0.098066494,-0.10787315,-0.088259846,-0.1176798,-0.12748645,-0.10787315,-0.088259846,-0.1372931,-0.1176798,-0.12748645,-0.10787315,-0.1176798,-0.06864655,-0.07845319999999999,-0.06864655,-0.06864655,5
-0.098066494,-0.10787315,-0.088259846,-0.10787315,-0.0588399,-0.1176798,-0.10787315,-0.088259846,-0.1372931,-0.098066494,-0.10787315,-0.088259846,-0.1176798,-0.12748645,-0.10787315,-0.088259846,-0.1372931,-0.1176798,-0.12748645,-0.10787315,-0.1176798,-0.06864655,-0.07845319999999999,-0.06864655,-0.06864655,-0.07845319999999999,-0.098066494,-0.098066494,-0.07845319999999999,-0.1372931,-0.10787315,-0.12748645,-0.10787315,-0.14709975,-0.12748645,-0.14709975,-0.1176798,-0.1176798,-0.1372931,-0.17651969,-0.10787315,-0.098066494,-0.1176798,-0.07845319999999999,-0.088259846,-0.10787315,-0.1176798,-0.088259846,-0.098066494,-0.12748645,5
-0.07845319999999999,-0.098066494,-0.098066494,-0.07845319999999999,-0.1372931,-0.10787315,-0.12748645,-0.10787315,-0.14709975,-0.12748645,-0.14709975,-0.1176798,-0.1176798,-0.1372931,-0.17651969,-0.10787315,-0.098066494,-0.1176798,-0.07845319999999999,-0.088259846,-0.10787315,-0.1176798,-0.088259846,-0.098066494,-0.12748645,-0.1372931,-0.15690639999999997,-0.15690639999999997,-0.1176798,-0.1176798,-0.1176798,-0.10787315,-0.15690639999999997,-0.12748645,-0.14709975,-0.1372931,-0.1372931,-0.10787315,-0.07845319999999999,-0.07845319999999999,-0.088259846,-0.12748645,-0.10787315,-0.098066494,-0.1176798,-0.098066494,-0.16671304,-0.12748645,-0.15690639999999997,-0.10787315,5
-0.1372931,-0.15690639999999997,-0.15690639999999997,-0.1176798,-0.1176798,-0.1176798,-0.10787315,-0.15690639999999997,-0.12748645,-0.14709975,-0.1372931,-0.1372931,-0.10787315,-0.07845319999999999,-0.07845319999999999,-0.088259846,-0.12748645,-0.10787315,-0.098066494,-0.1176798,-0.098066494,-0.16671304,-0.12748645,-0.15690639999999997,-0.10787315,-0.1176798,-0.07845319999999999,-0.10787315,-0.10787315,-0.14709975,-0.12748645,-0.1372931,-0.15690639999999997,-0.10787315,-0.06864655,-0.0588399,-0.088259846,-0.0588399,-0.12748645,-0.098066494,-0.06864655,-0.098066494,-0.0588399,-0.03922659999999999,-0.088259846,-0.088259846,-0.098066494,-0.098066494,-0.14709975,-0.10787315,5
-0.1176798,-0.07845319999999999,-0.10787315,-0.10787315,-0.14709975,-0.12748645,-0.1372931,-0.15690639999999997,-0.10787315,-0.06864655,-0.0588399,-0.088259846,-0.0588399,-0.12748645,-0.098066494,-0.06864655,-0.098066494,-0.0588399,-0.03922659999999999,-0.088259846,-0.088259846,-0.098066494,-0.098066494,-0.14709975,-0.10787315,-0.098066494,-0.07845319999999999,-0.1176798,-0.098066494,-0.10787315,-0.098066494,-0.098066494,-0.10787315,-0.12748645,-0.088259846,-0.12748645,-0.1372931,-0.14709975,-0.1176798,-0.10787315,-0.14709975,-0.07845319999999999,-0.10787315,-0.088259846,-0.07845319999999999,-0.088259846,-0.088259846,-0.1176798,-0.1176798,-0.088259846,5
-0.098066494,-0.07845319999999999,-0.1176798,-0.098066494,-0.10787315,-0.098066494,-0.098066494,-0.10787315,-0.12748645,-0.088259846,-0.12748645,-0.1372931,-0.14709975,-0.1176798,-0.10787315,-0.14709975,-0.07845319999999999,-0.10787315,-0.088259846,-0.07845319999999999,-0.088259846,-0.088259846,-0.1176798,-0.1176798,-0.088259846,-0.07845319999999999,-0.098066494,-0.06864655,-0.1372931,-0.12748645,-0.1372931,-0.10787315,-0.12748645,-0.07845319999999999,-0.10787315,-0.0588399,-0.10787315,-0.1176798,-0.1372931,-0.10787315,-0.14709975,-0.098066494,-0.098066494,-0.098066494,-0.088259846,-0.07845319999999999,-0.10787315,-0.10787315,-0.12748645,-0.1176798,5
-0.07845319999999999,-0.098066494,-0.06864655,-0.1372931,-0.12748645,-0.1372931,-0.10787315,-0.12748645,-0.07845319999999999,-0.10787315,-0.0588399,-0.10787315,-0.1176798,-0.1372931,-0.10787315,-0.14709975,-0.098066494,-0.098066494,-0.098066494,-0.088259846,-0.07845319999999999,-0.10787315,-0.10787315,-0.12748645,-0.1176798,-0.15690639999999997,-0.10787315,-0.088259846,-0.088259846,-0.098066494,-0.14709975,-0.088259846,-0.1176798,-0.12748645,-0.14709975,-0.1176798,-0.07845319999999999,-0.088259846,-0.088259846,-0.07845319999999999,-0.088259846,-0.1176798,-0.1176798,-0.1372931,-0.1372931,-0.07845319999999999,-0.12748645,-0.10787315,-0.10787315,-0.1176798,5
-0.15690639999999997,-0.10787315,-0.088259846,-0.088259846,-0.098066494,-0.14709975,-0.088259846,-0.1176798,-0.12748645,-0.14709975,-0.1176798,-0.07845319999999999,-0.088259846,-0.088259846,-0.07845319999999999,-0.088259846,-0.1176798,-0.1176798,-0.1372931,-0.1372931,-0.07845319999999999,-0.12748645,-0.10787315,-0.10787315,-0.1176798,-0.06864655,-0.1372931,-0.088259846,-0.1176798,-0.10787315,-0.12748645,-0.15690639999999997,-0.1372931,-0.12748645,-0.088259846,-0.10787315,-0.07845319999999999,-0.1176798,-0.098066494,-0.12748645,-0.098066494,-0.1176798,-0.07845319999999999,-0.0588399,-0.1176798,-0.15690639999999997,-0.10787315,-0.088259846,-0.098066494,-0.088259846,5
-0.06864655,-0.1372931,-0.088259846,-0.1176798,-0.10787315,-0.12748645,-0.15690639999999997,-0.1372931,-0.12748645,-0.088259846,-0.10787315,-0.07845319999999999,-0.1176798,-0.098066494,-0.12748645,-0.098066494,-0.1176798,-0.07845319999999999,-0.0588399,-0.1176798,-0.15690639999999997,-0.10787315,-0.088259846,-0.098066494,-0.088259846,-0.12748645,-0.098066494,-0.15690639999999997,-0.1372931,-0.12748645,-0.1372931,-0.098066494,-0.03922659999999999,0.0,-0.0588399,-0.07845319999999999,-0.06864655,-0.12748645,-0.06864655,-0.07845319999999999,-0.15690639999999997,-0.14709975,-0.098066494,-0.14709975,-0.098066494,-0.06864655,-0.06864655,-0.10787315,-0.098066494,-0.1176798,5
-0.12748645,-0.098066494,-0.15690639999999997,-0.1372931,-0.12748645,-0.1372931,-0.098066494,-0.03922659999999999,0.0,-0.0588399,-0.07845319999999999,-0.06864655,-0.12748645,-0.06864655,-0.07845319999999999,-0.15690639999999997,-0.14709975,-0.098066494,-0.14709975,-0.098066494,-0.06864655,-0.06864655,-0.10787315,-0.098066494,-0.1176798,-0.088259846,-0.1176798,-0.098066494,-0.098066494,-0.098066494,-0.088259846,-0.10787315,-0.07845319999999999,-0.10787315,-0.12748645,-0.088259846,-0.06864655,-0.1176798,-0.10787315,-0.12748645,-0.16671304,-0.15690639999999997,-0.10787315,-0.098066494,-0.098066494,-0.12748645,-0.088259846,-0.098066494,-0.1176798,-0.10787315,5
-0.088259846,-0.1176798,-0.098066494,-0.098066494,-0.098066494,-0.088259846,-0.10787315,-0.07845319999999999,-0.10787315,-0.12748645,-0.088259846,-0.06864655,-0.1176798,-0.10787315,-0.12748645,-0.16671304,-0.15690639999999997,-0.10787315,-0.098066494,-0.098066494,-0.12748645,-0.088259846,-0.098066494,-0.1176798,-0.10787315,-0.15690639999999997,-0.1372931,-0.1176798,-0.088259846,-0.10787315,-0.0588399,-0.088259846,-0.0588399,-0.10787315,-0.088259846,-0.07845319999999999,-0.14709975,-0.12748645,-0.1176798,-0.098066494,-0.1372931,-0.088259846,-0.098066494,-0.088259846,-0.10787315,-0.07845319999999999,-0.1176798,-0.098066494,-0.098066494,-0.1372931,5
-0.15690639999999997,-0.1372931,-0.1176798,-0.088259846,-0.10787315,-0.0588399,-0.088259846,-0.0588399,-0.10787315,-0.088259846,-0.07845319999999999,-0.14709975,-0.12748645,-0.1176798,-0.098066494,-0.1372931,-0.088259846,-0.098066494,-0.088259846,-0.10787315,-0.07845319999999999,-0.1176798,-0.098066494,-0.098066494,-0.1372931,-0.098066494,-0.088259846,-0.088259846,-0.098066494,-0.0588399,-0.14709975,-0.088259846,-0.098066494,-0.15690639999999997,-0.098066494,-0.049033247,-0.06864655,-0.10787315,-0.1176798,-0.10787315,-0.12748645,-0.10787315,-0.07845319999999999,-0.12748645,-0.088259846,-0.1176798,-0.1176798,-0.06864655,-0.10787315,-0.1176798,5
-0.098066494,-0.088259846,-0.088259846,-0.098066494,-0.0588399,-0.14709975,-0.088259846,-0.098066494,-0.15690639999999997,-0.098066494,-0.049033247,-0.06864655,-0.10787315,-0.1176798,-0.10787315,-0.12748645,-0.10787315,-0.07845319999999999,-0.12748645,-0.088259846,-0.1176798,-0.1176798,-0.06864655,-0.10787315,-0.1176798,-0.12748645,-0.098066494,-0.1176798,-0.1372931,-0.088259846,-0.088259846,-0.098066494,-0.098066494,-0.1176798,-0.10787315,-0.098066494,-0.1372931,-0.1176798,-0.10787315,-0.06864655,-0.06864655,-0.098066494,-0.088259846,-0.12748645,-0.098066494,-0.10787315,-0.1176798,-0.088259846,-0.10787315,-0.06864655,5
-0.12748645,-0.098066494,-0.1176798,-0.1372931,-0.088259846,-0.088259846,-0.098066494,-0.098066494,-0.1176798,-0.10787315,-0.098066494,-0.1372931,-0.1176798,-0.10787315,-0.06864655,-0.06864655,-0.098066494,-0.088259846,-0.12748645,-0.098066494,-0.10787315,-0.1176798,-0.088259846,-0.10787315,-0.06864655,-0.098066494,-0.0588399,-0.098066494,-0.088259846,-0.098066494,-0.1372931,-0.098066494,-0.12748645,-0.10787315,-0.14709975,-0.10787315,-0.088259846,-0.098066494,-0.06864655,-0.10787315,-0.1176798,-0.1372931,-0.10787315,-0.12748645,-0.12748645,-0.1372931,-0.10787315,-0.1372931,-0.098066494,-0.1372931,5
-0.098066494,-0.0588399,-0.098066494,-0.088259846,-0.098066494,-0.1372931,-0.098066494,-0.12748645,-0.10787315,-0.14709975,-0.10787315,-0.088259846,-0.098066494,-0.06864655,-0.10787315,-0.1176798,-0.1372931,-0.10787315,-0.12748645,-0.12748645,-0.1372931,-0.10787315,-0.1372931,-0.098066494,-0.1372931,-0.1176798,-0.1176798,-0.07845319999999999,-0.088259846,-0.10787315,-0.098066494,-0.12748645,-0.12748645,-0.10787315,-0.07845319999999999,-0.098066494,-0.06864655,-0.10787315,-0.088259846,-0.088259846,-0.06864655,-0.06864655,-0.088259846,-0.07845319999999999,-0.098066494,-0.1372931,-0.1176798,-0.1176798,-0.10787315,-0.06864655,5
-0.1176798,-0.1176798,-0.07845319999999999,-0.088259846,-0.10787315,-0.098066494,-0.12748645,-0.12748645,-0.10787315,-0.07845319999999999,-0.098066494,-0.06864655,-0.10787315,-0.088259846,-0.088259846,-0.06864655,-0.06864655,-0.088259846,-0.07845319999999999,-0.098066494,-0.1372931,-0.1176798,-0.1176798,-0.10787315,-0.06864655,-0.07845319999999999,-0.02941995,-0.07845319999999999,-0.10787315,-0.1372931,-0.1176798,-0.10787315,-0.10787315,-0.07845319999999999,-0.0588399,-0.088259846,-0.10787315,-0.088259846,-0.088259846,-0.049033247,-0.088259846,-0.06864655,-0.06864655,-0.088259846,-0.12748645,-0.1372931,-0.1176798,-0.18632634,-0.1176798,-0.1176798,5
-0.07845319999999999,-0.02941995,-0.07845319999999999,-0.10787315,-0.1372931,-0.1176798,-0.10787315,-0.10787315,-0.07845319999999999,-0.0588399,-0.088259846,-0.10787315,-0.088259846,-0.088259846,-0.049033247,-0.088259846,-0.06864655,-0.06864655,-0.088259846,-0.12748645,-0.1372931,-0.1176798,-0.18632634,-0.1176798,-0.1176798,-0.1176798,-0.10787315,-0.10787315,-0.10787315,-0.0588399,-0.07845319999999999,-0.098066494,-0.1372931,-0.098066494,-0.1176798,-0.12748645,-0.098066494,-0.07845319999999999,-0.12748645,-0.1372931,-0.098066494,-0.10787315,-0.07845319999999999,-0.07845319999999999,-0.0588399,-0.088259846,-0.088259846,-0.10787315,-0.07845319999999999,-0.1372931,5
-0.1176798,-0.10787315,-0.10787315,-0.10787315,-0.0588399,-0.07845319999999999,-0.098066494,-0.1372931,-0.098066494,-0.1176798,-0.12748645,-0.098066494,-0.07845319999999999,-0.12748645,-0.1372931,-0.098066494,-0.10787315,-0.07845319999999999,-0.07845319999999999,-0.0588399,-0.088259846,-0.088259846,-0.10787315,-0.07845319999999999,-0.1372931,-0.12748645,-0.098066494,-0.12748645,-0.088259846,-0.098066494,-0.088259846,-0.12748645,-0.12748645,-0.12748645,-0.1372931,-0.1372931,-0.1176798,-0.12748645,-0.098066494,-0.06864655,-0.049033247,-0.088259846,-0.07845319999999999,-0.088259846,-0.088259846,-0.088259846,-0.12748645,-0.12748645,-0.10787315,-0.088259846,5
-0.12748645,-0.098066494,-0.12748645,-0.088259846,-0.098066494,-0.088259846,-0.12748645,-0.12748645,-0.12748645,-0.1372931,-0.1372931,-0.1176798,-0.12748645,-0.098066494,-0.06864655,-0.049033247,-0.088259846,-0.07845319999999999,-0.088259846,-0.088259846,-0.088259846,-0.12748645,-0.12748645,-0.10787315,-0.088259846,-0.1176798,-0.14709975,-0.10787315,-0.098066494,-0.088259846,-0.1176798,-0.10787315,-0.12748645,-0.06864655,-0.07845319999999999,-0.14709975,-0.1176798,-0.088259846,-0.1176798,-0.098066494,-0.098066494,-0.1176798,-0.10787315,-0.098066494,-0.10787315,-0.098066494,-0.098066494,-0.049033247,-0.1176798,-0.1176798,5
-0.1176798,-0.14709975,-0.10787315,-0.098066494,-0.088259846,-0.1176798,-0.10787315,-0.12748645,-0.06864655,-0.07845319999999999,-0.14709975,-0.1176798,-0.088259846,-0.1176798,-0.098066494,-0.098066494,-0.1176798,-0.10787315,-0.098066494,-0.10787315,-0.098066494,-0.098066494,-0.049033247,-0.1176798,-0.1176798,-0.06864655,-0.07845319999999999,-0.088259846,-0.06864655,-0.098066494,-0.1176798,-0.1176798,-0.1372931,-0.098066494,-0.098066494,-0.10787315,-0.10787315,-0.1176798,-0.088259846,-0.10787315,-0.088259846,-0.07845319999999999,-0.1176798,-0.14709975,-0.098066494,-0.1176798,-0.1372931,-0.0588399,-0.049033247,-0.098066494,5
-0.06864655,-0.07845319999999999,-0.088259846,-0.06864655,-0.098066494,-0.1176798,-0.1176798,-0.1372931,-0.098066494,-0.098066494,-0.10787315,-0.10787315,-0.1176798,-0.088259846,-0.10787315,-0.088259846,-0.07845319999999999,-0.1176798,-0.14709975,-0.098066494,-0.1176798,-0.1372931,-0.0588399,-0.049033247,-0.098066494,-0.06864655,-0.07845319999999999,-0.12748645,-0.098066494,-0.10787315,-0.088259846,-0.06864655,-0.03922659999999999,-0.088259846,-0.07845319999999999,-0.088259846,-0.088259846,-0.07845319999999999,-0.0588399,-0.0588399,-0.049033247,-0.098066494,-0.07845319999999999,-0.0588399,-0.16671304,-0.14709975,-0.12748645,-0.0588399,-0.10787315,-0.12748645,5
-0.06864655,-0.07845319999999999,-0.12748645,-0.098066494,-0.10787315,-0.088259846,-0.06864655,-0.03922659999999999,-0.088259846,-0.07845319999999999,-0.088259846,-0.088259846,-0.07845319999999999,-0.0588399,-0.0588399,-0.049033247,-0.098066494,-0.07845319999999999,-0.0588399,-0.16671304,-0.14709975,-0.12748645,-0.0588399,-0.10787315,-0.12748645,-0.098066494,-0.098066494,-0.098066494,-0.07845319999999999,-0.1176798,-0.12748645,-0.16671304,-0.098066494,-0.07845319999999999,-0.098066494,-0.10787315,-0.098066494,-0.12748645,-0.10787315,-0.16671304,-0.098066494,-0.1372931,-0.12748645,-0.12748645,-0.098066494,-0.098066494,-0.06864655,-0.049033247,-0.1176798,-0.1176798,5
-0.098066494,-0.098066494,-0.098066494,-0.07845319999999999,-0.1176798,-0.12748645,-0.16671304,-0.098066494,-0.07845319999999999,-0.098066494,-0.10787315,-0.098066494,-0.12748645,-0.10787315,-0.16671304,-0.098066494,-0.1372931,-0.12748645,-0.12748645,-0.098066494,-0.098066494,-0.06864655,-0.049033247,-0.1176798,-0.1176798,-0.088259846,-0.1176798,-0.088259846,-0.098066494,-0.1176798,-0.12748645,-0.098066494,-0.1176798,-0.1176798,-0.098066494,-0.1176798,-0.088259846,-0.10787315,-0.10787315,-0.07845319999999999,-0.049033247,-0.07845319999999999,-0.10787315,-0.1372931,-0.15690639999999997,-0.10787315,-0.1372931,-0.098066494,-0.098066494,-0.088259846,5
-0.088259846,-0.1176798,-0.088259846,-0.098066494,-0.1176798,-0.12748645,-0.098066494,-0.1176798,-0.1176798,-0.098066494,-0.1176798,-0.088259846,-0.10787315,-0.10787315,-0.07845319999999999,-0.049033247,-0.07845319999999999,-0.10787315,-0.1372931,-0.15690639999999997,-0.10787315,-0.1372931,-0.098066494,-0.098066494,-0.088259846,-0.10787315,-0.1176798,-0.10787315,-0.14709975,-0.14709975,-0.14709975,-0.15690639999999997,-0.1372931,-0.07845319999999999,-0.088259846,-0.1176798,-0.098066494,-0.10787315,-0.1176798,-0.1372931,-0.15690639999999997,-0.1176798,-0.088259846,-0.1176798,-0.12748645,-0.06864655,-0.06864655,-0.10787315,-0.07845319999999999,-0.14709975,5
-0.10787315,-0.1176798,-0.10787315,-0.14709975,-0.14709975,-0.14709975,-0.15690639999999997,-0.1372931,-0.07845319999999999,-0.088259846,-0.1176798,-0.098066494,-0.10787315,-0.1176798,-0.1372931,-0.15690639999999997,-0.1176798,-0.088259846,-0.1176798,-0.12748645,-0.06864655,-0.06864655,-0.10787315,-0.07845319999999999,-0.14709975,-0.088259846,-0.06864655,-0.088259846,-0.03922659999999999,-0.00980665,-0.06864655,-0.088259846,-0.14709975,-0.10787315,-0.088259846,-0.1372931,-0.07845319999999999,-0.088259846,-0.049033247,-0.088259846,-0.12748645,-0.1176798,-0.15690639999999997,-0.07845319999999999,-0.10787315,-0.098066494,-0.088259846,-0.10787315,-0.049033247,-0.098066494,5
-0.088259846,-0.06864655,-0.088259846,-0.03922659999999999,-0.00980665,-0.06864655,-0.088259846,-0.14709975,-0.10787315,-0.088259846,-0.1372931,-0.07845319999999999,-0.088259846,-0.049033247,-0.088259846,-0.12748645,-0.1176798,-0.15690639999999997,-0.07845319999999999,-0.10787315,-0.098066494,-0.088259846,-0.10787315,-0.049033247,-0.098066494,-0.088259846,-0.098066494,-0.049033247,-0.1372931,-0.07845319999999999,-0.1372931,-0.10787315,-0.06864655,-0.14709975,-0.14709975,-0.12748645,-0.098066494,-0.06864655,-0.098066494,-0.0588399,-0.098066494,-0.088259846,-0.049033247,-0.088259846,-0.10787315,-0.10787315,-0.10787315,-0.1176798,-0.10787315,-0.06864655,5
-0.088259846,-0.098066494,-0.049033247,-0.1372931,-0.07845319999999999,-0.1372931,-0.10787315,-0.06864655,-0.14709975,-0.14709975,-0.12748645,-0.098066494,-0.06864655,-0.098066494,-0.0588399,-0.098066494,-0.088259846,-0.049033247,-0.088259846,-0.10787315,-0.10787315,-0.10787315,-0.1176798,-0.10787315,-0.06864655,-0.088259846,-0.10787315,-0.10787315,-0.10787315,-0.1372931,-0.10787315,-0.10787315,-0.12748645,-0.088259846,-0.06864655,-0.098066494,-0.098066494,-0.0588399,-0.0588399,-0.098066494,-0.10787315,-0.1176798,-0.1176798,-0.098066494,-0.10787315,-0.14709975,-0.10787315,-0.07845319999999999,-0.098066494,-0.10787315,5
-0.088259846,-0.10787315,-0.10787315,-0.10787315,-0.1372931,-0.10787315,-0.10787315,-0.12748645,-0.088259846,-0.06864655,-0.098066494,-0.098066494,-0.0588399,-0.0588399,-0.098066494,-0.10787315,-0.1176798,-0.1176798,-0.098066494,-0.10787315,-0.14709975,-0.10787315,-0.07845319999999999,-0.098066494,-0.10787315,-0.1176798,-0.1176798,-0.088259846,-0.1372931,-0.14709975,-0.14709975,-0.098066494,-0.15690639999999997,-0.12748645,-0.07845319999999999,-0.098066494,-0.12748645,-0.1372931,-0.098066494,-0.12748645,-0.14709975,-0.1176798,-0.1372931,-0.1176798,-0.10787315,-0.07845319999999999,-0.06864655,-0.088259846,-0.07845319999999999,-0.088259846,5
-0.1176798,-0.1176798,-0.088259846,-0.1372931,-0.14709975,-0.14709975,-0.098066494,-0.15690639999999997,-0.12748645,-0.07845319999999999,-0.098066494,-0.12748645,-0.1372931,-0.098066494,-0.12748645,-0.14709975,-0.1176798,-0.1372931,-0.1176798,-0.10787315,-0.07845319999999999,-0.06864655,-0.088259846,-0.07845319999999999,-0.088259846,-0.06864655,-0.088259846,-0.14709975,-0.1176798,-0.1176798,-0.0588399,-0.07845319999999999,-0.03922659999999999,-0.03922659999999999,-0.06864655,-0.088259846,-0.098066494,-0.16671304,-0.098066494,-0.14709975,-0.10787315,-0.10787315,-0.10787315,-0.088259846,-0.06864655,-0.088259846,-0.088259846,-0.1372931,-0.10787315,-0.14709975,5
-0.06864655,-0.088259846,-0.14709975,-0.1176798,-0.1176798,-0.0588399,-0.07845319999999999,-0.03922659999999999,-0.03922659999999999,-0.06864655,-0.088259846,-0.098066494,-0.16671304,-0.098066494,-0.14709975,-0.10787315,-0.10787315,-0.10787315,-0.088259846,-0.06864655,-0.088259846,-0.088259846,-0.1372931,-0.10787315,-0.14709975,-0.15690639999999997,-0.088259846,-0.12748645,-0.1176798,-0.1176798,-0.1176798,-0.1176798,-0.07845319999999999,-0.10787315,-0.10787315,-0.088259846,-0.1176798,-0.12748645,-0.14709975,-0.14709975,-0.1176798,-0.17651969,-0.15690639999999997,-0.098066494,-0.1176798,-0.10787315,-0.12748645,-0.12748645,-0.14709975,-0.10787315,5
-0.15690639999999997,-0.088259846,-0.12748645,-0.1176798,-0.1176798,-0.1176798,-0.1176798,-0.07845319999999999,-0.10787315,-0.10787315,-0.088259846,-0.1176798,-0.12748645,-0.14709975,-0.14709975,-0.1176798,-0.17651969,-0.15690639999999997,-0.098066494,-0.1176798,-0.10787315,-0.12748645,-0.12748645,-0.14709975,-0.10787315,-0.12748645,-0.1176798,-0.1176798,-0.098066494,-0.1372931,-0.088259846,-0.15690639999999997,-0.12748645,-0.15690639999999997,-0.16671304,-0.1372931,-0.14709975,-0.10787315,-0.10787315,-0.07845319999999999,-0.10787315,-0.10787315,-0.10787315,-0.1372931,-0.15690639999999997,-0.1372931,-0.15690639999999997,-0.1176798,-0.1176798,-0.10787315,5
-0.12748645,-0.1176798,-0.1176798,-0.098066494,-0.1372931,-0.088259846,-0.15690639999999997,-0.12748645,-0.15690639999999997,-0.16671304,-0.1372931,-0.14709975,-0.10787315,-0.10787315,-0.07845319999999999,-0.10787315,-0.10787315,-0.10787315,-0.1372931,-0.15690639999999997,-0.1372931,-0.15690639999999997,-0.1176798,-0.1176798,-0.10787315,-0.10787315,-0.1176798,-0.10787315,-0.14709975,-0.098066494,-0.14709975,-0.12748645,-0.10787315,-0.16671304,-0.12748645,-0.06864655,-0.16671304,-0.12748645,-0.12748645,-0.12748645,-0.12748645,-0.098066494,-0.12748645,-0.14709975,-0.12748645,-0.10787315,-0.088259846,-0.10787315,-0.07845319999999999,-0.088259846,5
-0.10787315,-0.1176798,-0.10787315,-0.14709975,-0.098066494,-0.14709975,-0.12748645,-0.10787315,-0.16671304,-0.12748645,-0.06864655,-0.16671304,-0.12748645,-0.12748645,-0.12748645,-0.12748645,-0.098066494,-0.12748645,-0.14709975,-0.12748645,-0.10787315,-0.088259846,-0.10787315,-0.07845319999999999,-0.088259846,-0.12748645,-0.10787315,-0.12748645,-0.1372931,-0.10787315,-0.15690639999999997,-0.10787315,-0.12748645,-0.12748645,-0.088259846,-0.1176798,-0.07845319999999999,-0.1176798,-0.098066494,-0.1372931,-0.12748645,-0.098066494,-0.088259846,-0.1176798,-0.12748645,-0.1176798,-0.098066494,-0.088259846,-0.098066494,-0.12748645,5
-0.12748645,-0.10787315,-0.12748645,-0.1372931,-0.10787315,-0.15690639999999997,-0.10787315,-0.12748645,-0.12748645,-0.088259846,-0.1176798,-0.07845319999999999,-0.1176798,-0.098066494,-0.1372931,-0.12748645,-0.098066494,-0.088259846,-0.1176798,-0.12748645,-0.1176798,-0.098066494,-0.088259846,-0.098066494,-0.12748645,-0.12748645,-0.098066494,-0.088259846,-0.098066494,-0.088259846,-0.098066494,-0.10787315,-0.1176798,-0.12748645,-0.10787315,-0.098066494,-0.1176798,-0.10787315,-0.098066494,-0.06864655,-0.098066494,-0.1176798,-0.098066494,-0.1372931,-0.16671304,-0.1372931,-0.1176798,-0.14709975,-0.07845319999999999,-0.07845319999999999,5
-0.12748645,-0.098066494,-0.088259846,-0.098066494,-0.088259846,-0.098066494,-0.10787315,-0.1176798,-0.12748645,-0.10787315,-0.098066494,-0.1176798,-0.10787315,-0.098066494,-0.06864655,-0.098066494,-0.1176798,-0.098066494,-0.1372931,-0.16671304,-0.1372931,-0.1176798,-0.14709975,-0.07845319999999999,-0.07845319999999999,-0.06864655,-0.12748645,-0.15690639999999997,-0.14709975,-0.1372931,-0.07845319999999999,-0.14709975,-0.088259846,-0.06864655,-0.06864655,-0.098066494,-0.098066494,-0.088259846,-0.1372931,-0.14709975,-0.088259846,-0.10787315,-0.12748645,-0.1176798,-0.098066494,-0.1176798,-0.12748645,-0.12748645,-0.098066494,-0.06864655,5
-0.06864655,-0.12748645,-0.15690639999999997,-0.14709975,-0.1372931,-0.07845319999999999,-0.14709975,-0.088259846,-0.06864655,-0.06864655,-0.098066494,-0.098066494,-0.088259846,-0.1372931,-0.14709975,-0.088259846,-0.10787315,-0.12748645,-0.1176798,-0.098066494,-0.1176798,-0.12748645,-0.12748645,-0.098066494,-0.06864655,-0.07845319999999999,-0.10787315,-0.06864655,-0.10787315,-0.088259846,-0.098066494,-0.07845319999999999,-0.06864655,-0.088259846,-0.14709975,-0.088259846,-0.06864655,-0.06864655,-0.06864655,-0.10787315,-0.06864655,-0.098066494,-0.10787315,-0.10787315,-0.12748645,-0.10787315,-0.10787315,-0.06864655,-0.07845319999999999,-0.10787315,5
-0.07845319999999999,-0.10787315,-0.06864655,-0.10787315,-0.088259846,-0.098066494,-0.07845319999999999,-0.06864655,-0.088259846,-0.14709975,-0.088259846,-0.06864655,-0.06864655,-0.06864655,-0.10787315,-0.06864655,-0.098066494,-0.10787315,-0.10787315,-0.12748645,-0.10787315,-0.10787315,-0.06864655,-0.07845319999999999,-0.10787315,-0.07845319999999999,-0.06864655,-0.1372931,-0.17651969,-0.12748645,-0.1176798,-0.14709975,-0.1372931,-0.14709975,-0.14709975,-0.16671304,-0.07845319999999999,-0.15690639999999997,-0.17651969,-0.07845319999999999,-0.1176798,-0.088259846,-0.098066494,-0.07845319999999999,-0.07845319999999999,-0.088259846,-0.098066494,-0.098066494,-0.098066494,-0.10787315,5
-0.07845319999999999,-0.06864655,-0.1372931,-0.17651969,-0.12748645,-0.1176798,-0.14709975,-0.1372931,-0.14709975,-0.14709975,-0.16671304,-0.07845319999999999,-0.15690639999999997,-0.17651969,-0.07845319999999999,-0.1176798,-0.088259846,-0.098066494,-0.07845319999999999,-0.07845319999999999,-0.088259846,-0.098066494,-0.098066494,-0.098066494,-0.10787315,-0.06864655,-0.10787315,-0.088259846,-0.088259846,-0.07845319999999999,-0.10787315,-0.1176798,-0.06864655,-0.12748645,-0.098066494,-0.088259846,-0.098066494,-0.049033247,-0.06864655,-0.098066494,-0.098066494,-0.03922659999999999,-0.088259846,-0.049033247,-0.10787315,-0.1176798,-0.1372931,-0.098066494,-0.10787315,-0.10787315,5
-0.06864655,-0.10787315,-0.088259846,-0.088259846,-0.07845319999999999,-0.10787315,-0.1176798,-0.06864655,-0.12748645,-0.098066494,-0.088259846,-0.098066494,-0.049033247,-0.06864655,-0.098066494,-0.098066494,-0.03922659999999999,-0.088259846,-0.049033247,-0.10787315,-0.1176798,-0.1372931,-0.098066494,-0.10787315,-0.10787315,-0.07845319999999999,-0.10787315,-0.088259846,-0.1176798,-0.06864655,-0.07845319999999999,-0.12748645,-0.098066494,-0.10787315,-0.10787315,-0.10787315,-0.088259846,-0.098066494,-0.07845319999999999,-0.12748645,-0.10787315,-0.15690639999999997,-0.088259846,-0.07845319999999999,-0.07845319999999999,-0.07845319999999999,-0.0588399,-0.098066494,-0.1176798,-0.088259846,5
-0.07845319999999999,-0.10787315,-0.088259846,-0.1176798,-0.06864655,-0.07845319999999999,-0.12748645,-0.098066494,-0.10787315,-0.10787315,-0.10787315,-0.088259846,-0.098066494,-0.07845319999999999,-0.12748645,-0.10787315,-0.15690639999999997,-0.088259846,-0.07845319999999999,-0.07845319999999999,-0.07845319999999999,-0.0588399,-0.098066494,-0.1176798,-0.088259846,-0.10787315,-0.1372931,-0.098066494,-0.14709975,-0.088259846,-0.088259846,-0.07845319999999999,-0.06864655,-0.0588399,-0.1176798,-0.1176798,-0.0588399,-0.049033247,-0.1372931,-0.0588399,-0.0588399,-0.06864655,-0.088259846,-0.07845319999999999,-0.10787315,-0.088259846,-0.0588399,-0.098066494,-0.10787315,-0.098066494,5
-0.10787315,-0.1372931,-0.098066494,-0.14709975,-0.088259846,-0.088259846,-0.07845319999999999,-0.06864655,-0.0588399,-0.1176798,-0.1176798,-0.0588399,-0.049033247,-0.1372931,-0.0588399,-0.0588399,-0.06864655,-0.088259846,-0.07845319999999999,-0.10787315,-0.088259846,-0.0588399,-0.098066494,-0.10787315,-0.098066494,-0.1176798,-0.10787315,-0.14709975,-0.1176798,-0.12748645,-0.12748645,-0.10787315,-0.07845319999999999,-0.10787315,-0.098066494,-0.12748645,-0.10787315,-0.12748645,-0.14709975,-0.12748645,-0.1176798,-0.1372931,-0.098066494,-0.10787315,-0.14709975,-0.12748645,-0.10787315,-0.06864655,-0.088259846,-0.07845319999999999,5
-0.1176798,-0.10787315,-0.14709975,-0.1176798,-0.12748645,-0.12748645,-0.10787315,-0.07845319999999999,-0.10787315,-0.098066494,-0.12748645,-0.10787315,-0.12748645,-0.14709975,-0.12748645,-0.1176798,-0.1372931,-0.098066494,-0.10787315,-0.14709975,-0.12748645,-0.10787315,-0.06864655,-0.088259846,-0.07845319999999999,-0.1372931,-0.15690639999999997,-0.14709975,-0.1176798,-0.1176798,-0.07845319999999999,-0.088259846,-0.088259846,-0.088259846,-0.088259846,-0.1176798,-0.10787315,-0.10787315,-0.15690639999999997,-0.1176798,-0.098066494,-0.1176798,-0.10787315,-0.17651969,-0.06864655,-0.03922659999999999,-0.019613299999999997,-0.088259846,-0.07845319999999999,-0.07845319999999999,5
-0.1372931,-0.15690639999999997,-0.14709975,-0.1176798,-0.1176798,-0.07845319999999999,-0.088259846,-0.088259846,-0.088259846,-0.088259846,-0.1176798,-0.10787315,-0.10787315,-0.15690639999999997,-0.1176798,-0.098066494,-0.1176798,-0.10787315,-0.17651969,-0.06864655,-0.03922659999999999,-0.019613299999999997,-0.088259846,-0.07845319999999999,-0.07845319999999999,-0.07845319999999999,-0.06864655,-0.0588399,-0.1176798,-0.07845319999999999,-0.10787315,-0.16671304,-0.12748645,-0.098066494,-0.1176798,-0.06864655,-0.06864655,-0.098066494,-0.07845319999999999,-0.098066494,-0.1176798,-0.07845319999999999,-0.098066494,-0.10787315,-0.12748645,-0.1176798,-0.12748645,-0.1176798,-0.098066494,-0.10787315,5
-0.07845319999999999,-0.06864655,-0.0588399,-0.1176798,-0.07845319999999999,-0.10787315,-0.16671304,-0.12748645,-0.098066494,-0.1176798,-0.06864655,-0.06864655,-0.098066494,-0.07845319999999999,-0.098066494,-0.1176798,-0.07845319999999999,-0.098066494,-0.10787315,-0.12748645,-0.1176798,-0.12748645,-0.1176798,-0.098066494,-0.10787315,-0.1176798,-0.14709975,-0.07845319999999999,-0.12748645,-0.1372931,-0.07845319999999999,-0.07845319999999999,-0.06864655,-0.10787315,-0.10787315,-0.0588399,-0.07845319999999999,-0.12748645,-0.1372931,-0.15690639999999997,-0.049033247,-0.14709975,-0.1176798,-0.1372931,-0.088259846,-0.14709975,-0.1372931,-0.12748645,-0.17651969,-0.1176798,5
-0.1176798,-0.14709975,-0.07845319999999999,-0.12748645,-0.1372931,-0.07845319999999999,-0.07845319999999999,-0.06864655,-0.10787315,-0.10787315,-0.0588399,-0.07845319999999999,-0.12748645,-0.1372931,-0.15690639999999997,-0.049033247,-0.14709975,-0.1176798,-0.1372931,-0.088259846,-0.14709975,-0.1372931,-0.12748645,-0.17651969,-0.1176798,-0.12748645,-0.10787315,-0.1372931,-0.1176798,-0.12748645,-0.10787315,-0.12748645,-0.10787315,-0.1372931,-0.1176798,-0.10787315,-0.06864655,-0.06864655,-0.098066494,-0.12748645,-0.14709975,-0.1176798,-0.1176798,-0.088259846,-0.07845319999999999,-0.1176798,-0.07845319999999999,-0.07845319999999999,-0.088259846,-0.1176798,5
-0.12748645,-0.10787315,-0.1372931,-0.1176798,-0.12748645,-0.10787315,-0.12748645,-0.10787315,-0.1372931,-0.1176798,-0.10787315,-0.06864655,-0.06864655,-0.098066494,-0.12748645,-0.14709975,-0.1176798,-0.1176798,-0.088259846,-0.07845319999999999,-0.1176798,-0.07845319999999999,-0.07845319999999999,-0.088259846,-0.1176798,-0.10787315,-0.15690639999999997,-0.12748645,-0.12748645,-0.1176798,-0.15690639999999997,-0.1176798,-0.07845319999999999,-0.15690639999999997,-0.10787315,-0.1372931,-0.1176798,-0.12748645,-0.15690639999999997,-0.1176798,-0.1176798,-0.1176798,-0.12748645,-0.15690639999999997,-0.1372931,-0.15690639999999997,-0.15690639999999997,-0.1372931,-0.14709975,-0.16671304,5
-0.10787315,-0.15690639999999997,-0.12748645,-0.12748645,-0.1176798,-0.15690639999999997,-0.1176798,-0.07845319999999999,-0.15690639999999997,-0.10787315,-0.1372931,-0.1176798,-0.12748645,-0.15690639999999997,-0.1176798,-0.1176798,-0.1176798,-0.12748645,-0.15690639999999997,-0.1372931,-0.15690639999999997,-0.15690639999999997,-0.1372931,-0.14709975,-0.16671304,-0.17651969,-0.14709975,-0.10787315,-0.12748645,-0.10787315,-0.16671304,-0.088259846,-0.088259846,-0.15690639999999997,-0.07845319999999999,-0.12748645,-0.088259846,-0.12748645,-0.049033247,-0.10787315,-0.1176798,-0.088259846,-0.10787315,-0.14709975,-0.12748645,-0.1176798,-0.07845319999999999,-0.098066494,-0.06864655,-0.12748645,5
-0.17651969,-0.14709975,-0.10787315,-0.12748645,-0.10787315,-0.16671304,-0.088259846,-0.088259846,-0.15690639999999997,-0.07845319999999999,-0.12748645,-0.088259846,-0.12748645,-0.049033247,-0.10787315,-0.1176798,-0.088259846,-0.10787315,-0.14709975,-0.12748645,-0.1176798,-0.07845319999999999,-0.098066494,-0.06864655,-0.12748645,-0.098066494,-0.14709975,-0.1372931,-0.12748645,-0.14709975,-0.07845319999999999,-0.098066494,-0.07845319999999999,-0.088259846,-0.1372931,-0.16671304,-0.12748645,-0.098066494,-0.12748645,-0.1176798,-0.088259846,-0.12748645,-0.15690639999999997,-0.14709975,-0.1176798,-0.12748645,-0.1372931,-0.07845319999999999,-0.12748645,-0.10787315,5
-0.098066494,-0.14709975,-0.1372931,-0.12748645,-0.14709975,-0.07845319999999999,-0.098066494,-0.07845319999999999,-0.088259846,-0.1372931,-0.16671304,-0.12748645,-0.098066494,-0.12748645,-0.1176798,-0.088259846,-0.12748645,-0.15690639999999997,-0.14709975,-0.1176798,-0.12748645,-0.1372931,-0.07845319999999999,-0.12748645,-0.10787315,-0.098066494,-0.07845319999999999,-0.1176798,-0.14709975,-0.1372931,-0.15690639999999997,-0.098066494,-0.1372931,-0.098066494,-0.1176798,-0.088259846,-0.088259846,-0.07845319999999999,-0.14709975,-0.088259846,-0.10787315,-0.12748645,-0.10787315,-0.10787315,-0.03922659999999999,-0.07845319999999999,-0.1176798,-0.088259846,-0.088259846,-0.12748645,5
-0.098066494,-0.07845319999999999,-0.1176798,-0.14709975,-0.1372931,-0.15690639999999997,-0.098066494,-0.1372931,-0.098066494,-0.1176798,-0.088259846,-0.088259846,-0.07845319999999999,-0.14709975,-0.088259846,-0.10787315,-0.12748645,-0.10787315,-0.10787315,-0.03922659999999999,-0.07845319999999999,-0.1176798,-0.088259846,-0.088259846,-0.12748645,-0.1372931,-0.088259846,-0.10787315,-0.088259846,-0.1372931,-0.06864655,-0.1372931,-0.14709975,-0.17651969,-0.12748645,-0.088259846,-0.16671304,-0.1176798,-0.06864655,-0.06864655,-0.098066494,-0.07845319999999999,-0.12748645,-0.098066494,-0.1372931,-0.14709975,-0.1176798,-0.098066494,-0.1372931,-0.07845319999999999,5
-0.1372931,-0.088259846,-0.10787315,-0.088259846,-0.1372931,-0.06864655,-0.1372931,-0.14709975,-0.17651969,-0.12748645,-0.088259846,-0.16671304,-0.1176798,-0.06864655,-0.06864655,-0.098066494,-0.07845319999999999,-0.12748645,-0.098066494,-0.1372931,-0.14709975,-0.1176798,-0.098066494,-0.1372931,-0.07845319999999999,-0.1372931,-0.1176798,-0.14709975,-0.1372931,-0.1176798,-0.10787315,-0.10787315,-0.15690639999999997,-0.1176798,-0.088259846,-0.088259846,-0.1372931,-0.15690639999999997,-0.098066494,-0.098066494,-0.15690639999999997,-0.12748645,-0.10787315,-0.1176798,-0.1372931,-0.10787315,-0.1176798,-0.049033247,-0.098066494,-0.10787315,5
-0.1372931,-0.1176798,-0.14709975,-0.1372931,-0.1176798,-0.10787315,-0.10787315,-0.15690639999999997,-0.1176798,-0.088259846,-0.088259846,-0.1372931,-0.15690639999999997,-0.098066494,-0.098066494,-0.15690639999999997,-0.12748645,-0.10787315,-0.1176798,-0.1372931,-0.10787315,-0.1176798,-0.049033247,-0.098066494,-0.10787315,-0.07845319999999999,-0.088259846,-0.088259846,-0.10787315,-0.10787315,-0.10787315,-0.14709975,-0.14709975,-0.12748645,-0.10787315,-0.07845319999999999,-0.098066494,-0.088259846,-0.1176798,-0.12748645,-0.1176798,-0.088259846,-0.098066494,-0.12748645,-0.049033247,-0.088259846,-0.07845319999999999,-0.10787315,-0.12748645,-0.14709975,5
-0.07845319999999999,-0.088259846,-0.088259846,-0.10787315,-0.10787315,-0.10787315,-0.14709975,-0.14709975,-0.12748645,-0.10787315,-0.07845319999999999,-0.098066494,-0.088259846,-0.1176798,-0.12748645,-0.1176798,-0.088259846,-0.098066494,-0.12748645,-0.049033247,-0.088259846,-0.07845319999999999,-0.10787315,-0.12748645,-0.14709975,-0.1176798,-0.098066494,-0.1372931,-0.1176798,-0.1176798,-0.088259846,-0.088259846,-0.1176798,-0.10787315,-0.12748645,-0.15690639999999997,-0.12748645,-0.098066494,-0.10787315,-0.098066494,-0.07845319999999999,-0.098066494,-0.1176798,-0.049033247,-0.1176798,-0.1372931,-0.16671304,-0.17651969,-0.1176798,-0.10787315,5
-0.1176798,-0.098066494,-0.1372931,-0.1176798,-0.1176798,-0.088259846,-0.088259846,-0.1176798,-0.10787315,-0.12748645,-0.15690639999999997,-0.12748645,-0.098066494,-0.10787315,-0.098066494,-0.07845319999999999,-0.098066494,-0.1176798,-0.049033247,-0.1176798,-0.1372931,-0.16671304,-0.17651969,-0.1176798,-0.10787315,-0.098066494,-0.10787315,-0.12748645,-0.10787315,-0.10787315,-0.1176798,-0.1176798,-0.10787315,-0.07845319999999999,-0.10787315,-0.088259846,-0.10787315,-0.098066494,-0.10787315,-0.07845319999999999,-0.1176798,-0.12748645,-0.12748645,-0.1372931,-0.10787315,-0.10787315,-0.12748645,-0.1176798,-0.088259846,-0.1176798,5
-0.098066494,-0.10787315,-0.12748645,-0.10787315,-0.10787315,-0.1176798,-0.1176798,-0.10787315,-0.07845319999999999,-0.10787315,-0.088259846,-0.10787315,-0.098066494,-0.10787315,-0.07845319999999999,-0.1176798,-0.12748645,-0.12748645,-0.1372931,-0.10787315,-0.10787315,-0.12748645,-0.1176798,-0.088259846,-0.1176798,-0.16671304,-0.088259846,-0.12748645,-0.10787315,-0.049033247,-0.07845319999999999,-0.07845319999999999,-0.07845319999999999,-0.07845319999999999,-0.12748645,-0.14709975,-0.1176798,-0.10787315,-0.12748645,-0.10787315,-0.07845319999999999,-0.098066494,-0.1372931,-0.07845319999999999,-0.15690639999999997,-0.1176798,-0.1176798,-0.1176798,-0.12748645,-0.098066494,5
-0.16671304,-0.088259846,-0.12748645,-0.10787315,-0.049033247,-0.07845319999999999,-0.07845319999999999,-0.07845319999999999,-0.07845319999999999,-0.12748645,-0.14709975,-0.1176798,-0.10787315,-0.12748645,-0.10787315,-0.07845319999999999,-0.098066494,-0.1372931,-0.07845319999999999,-0.15690639999999997,-0.1176798,-0.1176798,-0.1176798,-0.12748645,-0.098066494,-0.1176798,-0.06864655,-0.1176798,-0.088259846,-0.10787315,-0.1372931,-0.14709975,-0.07845319999999999,-0.10787315,-0.088259846,-0.098066494,-0.098066494,-0.098066494,-0.06864655,-0.1176798,-0.1176798,-0.1372931,-0.1176798,-0.088259846,-0.07845319999999999,-0.10787315,-0.049033247,-0.07845319999999999,-0.1176798,-0.14709975,5
-0.1176798,-0.06864655,-0.1176798,-0.088259846,-0.10787315,-0.1372931,-0.14709975,-0.07845319999999999,-0.10787315,-0.088259846,-0.098066494,-0.098066494,-0.098066494,-0.06864655,-0.1176798,-0.1176798,-0.1372931,-0.1176798,-0.088259846,-0.07845319999999999,-0.10787315,-0.049033247,-0.07845319999999999,-0.1176798,-0.14709975,-0.1372931,-0.10787315,-0.098066494,-0.098066494,-0.07845319999999999,-0.088259846,-0.1372931,-0.07845319999999999,-0.1372931,-0.12748645,-0.12748645,-0.10787315,-0.10787315,-0.1176798,-0.1176798,-0.07845319999999999,-0.088259846,-0.0588399,-0.06864655,-0.088259846,-0.088259846,-0.1176798,-0.088259846,-0.14709975,-0.10787315,5
